C101.100

INFO
CREW COUNT  SKILLS  TOOLS   SPARE PARTS
25      0       0       1

DEPOT TECHNICIANS AND REQUESTS
ID   X     Y     TWS    TWE    Serv   SKILLS   TOOLS    SPARE PARTS
0    40    50    0      1236   0      [] 	[] 	[]
1    40    50    0      1236   0      [] 	[] 	[200]
2    40    50    0      1236   0      [] 	[] 	[200]
3    40    50    0      1236   0      [] 	[] 	[200]
4    40    50    0      1236   0      [] 	[] 	[200]
5    40    50    0      1236   0      [] 	[] 	[200]
6    40    50    0      1236   0      [] 	[] 	[200]
7    40    50    0      1236   0      [] 	[] 	[200]
8    40    50    0      1236   0      [] 	[] 	[200]
9    40    50    0      1236   0      [] 	[] 	[200]
10   40    50    0      1236   0      [] 	[] 	[200]
11   40    50    0      1236   0      [] 	[] 	[200]
12   40    50    0      1236   0      [] 	[] 	[200]
13   40    50    0      1236   0      [] 	[] 	[200]
14   40    50    0      1236   0      [] 	[] 	[200]
15   40    50    0      1236   0      [] 	[] 	[200]
16   40    50    0      1236   0      [] 	[] 	[200]
17   40    50    0      1236   0      [] 	[] 	[200]
18   40    50    0      1236   0      [] 	[] 	[200]
19   40    50    0      1236   0      [] 	[] 	[200]
20   40    50    0      1236   0      [] 	[] 	[200]
21   40    50    0      1236   0      [] 	[] 	[200]
22   40    50    0      1236   0      [] 	[] 	[200]
23   40    50    0      1236   0      [] 	[] 	[200]
24   40    50    0      1236   0      [] 	[] 	[200]
25   40    50    0      1236   0      [] 	[] 	[200]
26   45    68    912    967    90     [] 	[] 	[10]
27   45    70    825    870    90     [] 	[] 	[30]
28   42    66    65     146    90     [] 	[] 	[10]
29   42    68    727    782    90     [] 	[] 	[10]
30   42    65    15     67     90     [] 	[] 	[10]
31   40    69    621    702    90     [] 	[] 	[20]
32   40    66    170    225    90     [] 	[] 	[20]
33   38    68    255    324    90     [] 	[] 	[20]
34   38    70    534    605    90     [] 	[] 	[10]
35   35    66    357    410    90     [] 	[] 	[10]
36   35    69    448    505    90     [] 	[] 	[10]
37   25    85    652    721    90     [] 	[] 	[20]
38   22    75    30     92     90     [] 	[] 	[30]
39   22    85    567    620    90     [] 	[] 	[10]
40   20    80    384    429    90     [] 	[] 	[40]
41   20    85    475    528    90     [] 	[] 	[40]
42   18    75    99     148    90     [] 	[] 	[20]
43   15    75    179    254    90     [] 	[] 	[20]
44   15    80    278    345    90     [] 	[] 	[10]
45   30    50    10     73     90     [] 	[] 	[10]
46   30    52    914    965    90     [] 	[] 	[20]
47   28    52    812    883    90     [] 	[] 	[20]
48   28    55    732    777    90     [] 	[] 	[10]
49   25    50    65     144    90     [] 	[] 	[10]
50   25    52    169    224    90     [] 	[] 	[40]
51   25    55    622    701    90     [] 	[] 	[10]
52   23    52    261    316    90     [] 	[] 	[10]
53   23    55    546    593    90     [] 	[] 	[20]
54   20    50    358    405    90     [] 	[] 	[10]
55   20    55    449    504    90     [] 	[] 	[10]
56   10    35    200    237    90     [] 	[] 	[20]
57   10    40    31     100    90     [] 	[] 	[30]
58   8     40    87     158    90     [] 	[] 	[40]
59   8     45    751    816    90     [] 	[] 	[20]
60   5     35    283    344    90     [] 	[] 	[10]
61   5     45    665    716    90     [] 	[] 	[10]
62   2     40    383    434    90     [] 	[] 	[20]
63   0     40    479    522    90     [] 	[] 	[30]
64   0     45    567    624    90     [] 	[] 	[20]
65   35    30    264    321    90     [] 	[] 	[10]
66   35    32    166    235    90     [] 	[] 	[10]
67   33    32    68     149    90     [] 	[] 	[20]
68   33    35    16     80     90     [] 	[] 	[10]
69   32    30    359    412    90     [] 	[] 	[10]
70   30    30    541    600    90     [] 	[] 	[10]
71   30    32    448    509    90     [] 	[] 	[30]
72   30    35    1054   1127   90     [] 	[] 	[10]
73   28    30    632    693    90     [] 	[] 	[10]
74   28    35    1001   1066   90     [] 	[] 	[10]
75   26    32    815    880    90     [] 	[] 	[10]
76   25    30    725    786    90     [] 	[] 	[10]
77   25    35    912    969    90     [] 	[] 	[10]
78   44    5     286    347    90     [] 	[] 	[20]
79   42    10    186    257    90     [] 	[] 	[40]
80   42    15    95     158    90     [] 	[] 	[10]
81   40    5     385    436    90     [] 	[] 	[30]
82   40    15    35     87     90     [] 	[] 	[40]
83   38    5     471    534    90     [] 	[] 	[30]
84   38    15    651    740    90     [] 	[] 	[10]
85   35    5     562    629    90     [] 	[] 	[20]
86   50    30    531    610    90     [] 	[] 	[10]
87   50    35    262    317    90     [] 	[] 	[20]
88   50    40    171    218    90     [] 	[] 	[50]
89   48    30    632    693    90     [] 	[] 	[10]
90   48    40    76     129    90     [] 	[] 	[10]
91   47    35    826    875    90     [] 	[] 	[10]
92   47    40    12     77     90     [] 	[] 	[10]
93   45    30    734    777    90     [] 	[] 	[10]
94   45    35    916    969    90     [] 	[] 	[10]
95   95    30    387    456    90     [] 	[] 	[30]
96   95    35    293    360    90     [] 	[] 	[20]
97   53    30    450    505    90     [] 	[] 	[10]
98   92    30    478    551    90     [] 	[] 	[10]
99   53    35    353    412    90     [] 	[] 	[50]
100  45    65    997    1068   90     [] 	[] 	[20]
101  90    35    203    260    90     [] 	[] 	[10]
102  88    30    574    643    90     [] 	[] 	[10]
103  88    35    109    170    90     [] 	[] 	[20]
104  87    30    668    731    90     [] 	[] 	[10]
105  85    25    769    820    90     [] 	[] 	[10]
106  85    35    47     124    90     [] 	[] 	[30]
107  75    55    369    420    90     [] 	[] 	[20]
108  72    55    265    338    90     [] 	[] 	[10]
109  70    58    458    523    90     [] 	[] 	[20]
110  68    60    555    612    90     [] 	[] 	[30]
111  66    55    173    238    90     [] 	[] 	[10]
112  65    55    85     144    90     [] 	[] 	[20]
113  65    60    645    708    90     [] 	[] 	[30]
114  63    58    737    802    90     [] 	[] 	[10]
115  60    55    20     84     90     [] 	[] 	[10]
116  60    60    836    889    90     [] 	[] 	[10]
117  67    85    368    441    90     [] 	[] 	[20]
118  65    85    475    518    90     [] 	[] 	[40]
119  65    82    285    336    90     [] 	[] 	[10]
120  62    80    196    239    90     [] 	[] 	[30]
121  60    80    95     156    90     [] 	[] 	[10]
122  60    85    561    622    90     [] 	[] 	[30]
123  58    75    30     84     90     [] 	[] 	[20]
124  55    80    743    820    90     [] 	[] 	[10]
125  55    85    647    726    90     [] 	[] 	[20]
