C104.100

INFO
CREW COUNT  SKILLS  TOOLS   SPARE PARTS
25      0       0       1

DEPOT TECHNICIANS AND REQUESTS
ID   X     Y     TWS    TWE    Serv   SKILLS   TOOLS    SPARE PARTS
0    40    50    0      1236   0      [] 	[] 	[]
1    40    50    0      1236   0      [] 	[] 	[200]
2    40    50    0      1236   0      [] 	[] 	[200]
3    40    50    0      1236   0      [] 	[] 	[200]
4    40    50    0      1236   0      [] 	[] 	[200]
5    40    50    0      1236   0      [] 	[] 	[200]
6    40    50    0      1236   0      [] 	[] 	[200]
7    40    50    0      1236   0      [] 	[] 	[200]
8    40    50    0      1236   0      [] 	[] 	[200]
9    40    50    0      1236   0      [] 	[] 	[200]
10   40    50    0      1236   0      [] 	[] 	[200]
11   40    50    0      1236   0      [] 	[] 	[200]
12   40    50    0      1236   0      [] 	[] 	[200]
13   40    50    0      1236   0      [] 	[] 	[200]
14   40    50    0      1236   0      [] 	[] 	[200]
15   40    50    0      1236   0      [] 	[] 	[200]
16   40    50    0      1236   0      [] 	[] 	[200]
17   40    50    0      1236   0      [] 	[] 	[200]
18   40    50    0      1236   0      [] 	[] 	[200]
19   40    50    0      1236   0      [] 	[] 	[200]
20   40    50    0      1236   0      [] 	[] 	[200]
21   40    50    0      1236   0      [] 	[] 	[200]
22   40    50    0      1236   0      [] 	[] 	[200]
23   40    50    0      1236   0      [] 	[] 	[200]
24   40    50    0      1236   0      [] 	[] 	[200]
25   40    50    0      1236   0      [] 	[] 	[200]
26   45    68    0      1127   90     [] 	[] 	[10]
27   45    70    0      1125   90     [] 	[] 	[30]
28   42    66    0      1129   90     [] 	[] 	[10]
29   42    68    727    782    90     [] 	[] 	[10]
30   42    65    0      1130   90     [] 	[] 	[10]
31   40    69    0      1127   90     [] 	[] 	[20]
32   40    66    0      1130   90     [] 	[] 	[20]
33   38    68    255    324    90     [] 	[] 	[20]
34   38    70    534    605    90     [] 	[] 	[10]
35   35    66    0      1129   90     [] 	[] 	[10]
36   35    69    448    505    90     [] 	[] 	[10]
37   25    85    0      1107   90     [] 	[] 	[20]
38   22    75    30     92     90     [] 	[] 	[30]
39   22    85    0      1106   90     [] 	[] 	[10]
40   20    80    384    429    90     [] 	[] 	[40]
41   20    85    0      1105   90     [] 	[] 	[40]
42   18    75    0      1112   90     [] 	[] 	[20]
43   15    75    0      1110   90     [] 	[] 	[20]
44   15    80    0      1106   90     [] 	[] 	[10]
45   30    50    0      1136   90     [] 	[] 	[10]
46   30    52    0      1135   90     [] 	[] 	[20]
47   28    52    0      1133   90     [] 	[] 	[20]
48   28    55    732    777    90     [] 	[] 	[10]
49   25    50    0      1131   90     [] 	[] 	[10]
50   25    52    169    224    90     [] 	[] 	[40]
51   25    55    0      1130   90     [] 	[] 	[10]
52   23    52    0      1128   90     [] 	[] 	[10]
53   23    55    0      1128   90     [] 	[] 	[20]
54   20    50    0      1126   90     [] 	[] 	[10]
55   20    55    0      1125   90     [] 	[] 	[10]
56   10    35    0      1112   90     [] 	[] 	[20]
57   10    40    0      1114   90     [] 	[] 	[30]
58   8     40    0      1112   90     [] 	[] 	[40]
59   8     45    0      1113   90     [] 	[] 	[20]
60   5     35    0      1107   90     [] 	[] 	[10]
61   5     45    0      1110   90     [] 	[] 	[10]
62   2     40    0      1106   90     [] 	[] 	[20]
63   0     40    479    522    90     [] 	[] 	[30]
64   0     45    0      1105   90     [] 	[] 	[20]
65   35    30    0      1125   90     [] 	[] 	[10]
66   35    32    0      1127   90     [] 	[] 	[10]
67   33    32    0      1126   90     [] 	[] 	[20]
68   33    35    0      1129   90     [] 	[] 	[10]
69   32    30    359    412    90     [] 	[] 	[10]
70   30    30    0      1123   90     [] 	[] 	[10]
71   30    32    0      1125   90     [] 	[] 	[30]
72   30    35    0      1127   90     [] 	[] 	[10]
73   28    30    0      1122   90     [] 	[] 	[10]
74   28    35    0      1126   90     [] 	[] 	[10]
75   26    32    0      1123   90     [] 	[] 	[10]
76   25    30    0      1121   90     [] 	[] 	[10]
77   25    35    0      1124   90     [] 	[] 	[10]
78   44    5     286    347    90     [] 	[] 	[20]
79   42    10    0      1105   90     [] 	[] 	[40]
80   42    15    95     158    90     [] 	[] 	[10]
81   40    5     0      1101   90     [] 	[] 	[30]
82   40    15    0      1111   90     [] 	[] 	[40]
83   38    5     471    534    90     [] 	[] 	[30]
84   38    15    0      1110   90     [] 	[] 	[10]
85   35    5     0      1100   90     [] 	[] 	[20]
86   50    30    0      1123   90     [] 	[] 	[10]
87   50    35    262    317    90     [] 	[] 	[20]
88   50    40    0      1131   90     [] 	[] 	[50]
89   48    30    0      1124   90     [] 	[] 	[10]
90   48    40    0      1133   90     [] 	[] 	[10]
91   47    35    0      1129   90     [] 	[] 	[10]
92   47    40    12     77     90     [] 	[] 	[10]
93   45    30    0      1125   90     [] 	[] 	[10]
94   45    35    916    969    90     [] 	[] 	[10]
95   95    30    0      1087   90     [] 	[] 	[30]
96   95    35    0      1088   90     [] 	[] 	[20]
97   53    30    0      1122   90     [] 	[] 	[10]
98   92    30    0      1090   90     [] 	[] 	[10]
99   53    35    353    412    90     [] 	[] 	[50]
100  45    65    0      1130   90     [] 	[] 	[20]
101  90    35    203    260    90     [] 	[] 	[10]
102  88    30    574    643    90     [] 	[] 	[10]
103  88    35    0      1095   90     [] 	[] 	[20]
104  87    30    668    731    90     [] 	[] 	[10]
105  85    25    0      1094   90     [] 	[] 	[10]
106  85    35    0      1098   90     [] 	[] 	[30]
107  75    55    0      1110   90     [] 	[] 	[20]
108  72    55    0      1113   90     [] 	[] 	[10]
109  70    58    458    523    90     [] 	[] 	[20]
110  68    60    0      1116   90     [] 	[] 	[30]
111  66    55    0      1119   90     [] 	[] 	[10]
112  65    55    85     144    90     [] 	[] 	[20]
113  65    60    0      1119   90     [] 	[] 	[30]
114  63    58    0      1121   90     [] 	[] 	[10]
115  60    55    0      1125   90     [] 	[] 	[10]
116  60    60    0      1123   90     [] 	[] 	[10]
117  67    85    368    441    90     [] 	[] 	[20]
118  65    85    0      1102   90     [] 	[] 	[40]
119  65    82    0      1105   90     [] 	[] 	[10]
120  62    80    0      1108   90     [] 	[] 	[30]
121  60    80    0      1109   90     [] 	[] 	[10]
122  60    85    0      1105   90     [] 	[] 	[30]
123  58    75    0      1115   90     [] 	[] 	[20]
124  55    80    743    820    90     [] 	[] 	[10]
125  55    85    647    726    90     [] 	[] 	[20]
