C107.100

INFO
CREW COUNT  SKILLS  TOOLS   SPARE PARTS
25      0       0       1

DEPOT TECHNICIANS AND REQUESTS
ID   X     Y     TWS    TWE    Serv   SKILLS   TOOLS    SPARE PARTS
0    40    50    0      1236   0      [] 	[] 	[]
1    40    50    0      1236   0      [] 	[] 	[200]
2    40    50    0      1236   0      [] 	[] 	[200]
3    40    50    0      1236   0      [] 	[] 	[200]
4    40    50    0      1236   0      [] 	[] 	[200]
5    40    50    0      1236   0      [] 	[] 	[200]
6    40    50    0      1236   0      [] 	[] 	[200]
7    40    50    0      1236   0      [] 	[] 	[200]
8    40    50    0      1236   0      [] 	[] 	[200]
9    40    50    0      1236   0      [] 	[] 	[200]
10   40    50    0      1236   0      [] 	[] 	[200]
11   40    50    0      1236   0      [] 	[] 	[200]
12   40    50    0      1236   0      [] 	[] 	[200]
13   40    50    0      1236   0      [] 	[] 	[200]
14   40    50    0      1236   0      [] 	[] 	[200]
15   40    50    0      1236   0      [] 	[] 	[200]
16   40    50    0      1236   0      [] 	[] 	[200]
17   40    50    0      1236   0      [] 	[] 	[200]
18   40    50    0      1236   0      [] 	[] 	[200]
19   40    50    0      1236   0      [] 	[] 	[200]
20   40    50    0      1236   0      [] 	[] 	[200]
21   40    50    0      1236   0      [] 	[] 	[200]
22   40    50    0      1236   0      [] 	[] 	[200]
23   40    50    0      1236   0      [] 	[] 	[200]
24   40    50    0      1236   0      [] 	[] 	[200]
25   40    50    0      1236   0      [] 	[] 	[200]
26   45    68    850    1030   90     [] 	[] 	[10]
27   45    70    758    938    90     [] 	[] 	[30]
28   42    66    16     196    90     [] 	[] 	[10]
29   42    68    665    845    90     [] 	[] 	[10]
30   42    65    15     195    90     [] 	[] 	[10]
31   40    69    572    752    90     [] 	[] 	[20]
32   40    66    108    288    90     [] 	[] 	[20]
33   38    68    200    380    90     [] 	[] 	[20]
34   38    70    480    660    90     [] 	[] 	[10]
35   35    66    294    474    90     [] 	[] 	[10]
36   35    69    387    567    90     [] 	[] 	[10]
37   25    85    597    777    90     [] 	[] 	[20]
38   22    75    30     210    90     [] 	[] 	[30]
39   22    85    504    684    90     [] 	[] 	[10]
40   20    80    317    497    90     [] 	[] 	[40]
41   20    85    412    592    90     [] 	[] 	[40]
42   18    75    34     214    90     [] 	[] 	[20]
43   15    75    127    307    90     [] 	[] 	[20]
44   15    80    222    402    90     [] 	[] 	[10]
45   30    50    10     190    90     [] 	[] 	[10]
46   30    52    850    1030   90     [] 	[] 	[20]
47   28    52    758    938    90     [] 	[] 	[20]
48   28    55    665    845    90     [] 	[] 	[10]
49   25    50    15     195    90     [] 	[] 	[10]
50   25    52    107    287    90     [] 	[] 	[40]
51   25    55    572    752    90     [] 	[] 	[10]
52   23    52    199    379    90     [] 	[] 	[10]
53   23    55    480    660    90     [] 	[] 	[20]
54   20    50    292    472    90     [] 	[] 	[10]
55   20    55    387    567    90     [] 	[] 	[10]
56   10    35    129    309    90     [] 	[] 	[20]
57   10    40    31     211    90     [] 	[] 	[30]
58   8     40    33     213    90     [] 	[] 	[40]
59   8     45    694    874    90     [] 	[] 	[20]
60   5     35    224    404    90     [] 	[] 	[10]
61   5     45    601    781    90     [] 	[] 	[10]
62   2     40    319    499    90     [] 	[] 	[20]
63   0     40    411    591    90     [] 	[] 	[30]
64   0     45    506    686    90     [] 	[] 	[20]
65   35    30    203    383    90     [] 	[] 	[10]
66   35    32    111    291    90     [] 	[] 	[10]
67   33    32    19     199    90     [] 	[] 	[20]
68   33    35    16     196    90     [] 	[] 	[10]
69   32    30    296    476    90     [] 	[] 	[10]
70   30    30    481    661    90     [] 	[] 	[10]
71   30    32    389    569    90     [] 	[] 	[30]
72   30    35    947    1127   90     [] 	[] 	[10]
73   28    30    573    753    90     [] 	[] 	[10]
74   28    35    944    1124   90     [] 	[] 	[10]
75   26    32    758    938    90     [] 	[] 	[10]
76   25    30    666    846    90     [] 	[] 	[10]
77   25    35    851    1031   90     [] 	[] 	[10]
78   44    5     227    407    90     [] 	[] 	[20]
79   42    10    132    312    90     [] 	[] 	[40]
80   42    15    37     217    90     [] 	[] 	[10]
81   40    5     321    501    90     [] 	[] 	[30]
82   40    15    35     215    90     [] 	[] 	[40]
83   38    5     413    593    90     [] 	[] 	[30]
84   38    15    606    786    90     [] 	[] 	[10]
85   35    5     506    686    90     [] 	[] 	[20]
86   50    30    481    661    90     [] 	[] 	[10]
87   50    35    200    380    90     [] 	[] 	[20]
88   50    40    105    285    90     [] 	[] 	[50]
89   48    30    573    753    90     [] 	[] 	[10]
90   48    40    13     193    90     [] 	[] 	[10]
91   47    35    761    941    90     [] 	[] 	[10]
92   47    40    12     192    90     [] 	[] 	[10]
93   45    30    666    846    90     [] 	[] 	[10]
94   45    35    853    1033   90     [] 	[] 	[10]
95   95    30    332    512    90     [] 	[] 	[30]
96   95    35    237    417    90     [] 	[] 	[20]
97   53    30    388    568    90     [] 	[] 	[10]
98   92    30    425    605    90     [] 	[] 	[10]
99   53    35    293    473    90     [] 	[] 	[50]
100  45    65    943    1123   90     [] 	[] 	[20]
101  90    35    142    322    90     [] 	[] 	[10]
102  88    30    519    699    90     [] 	[] 	[10]
103  88    35    50     230    90     [] 	[] 	[20]
104  87    30    610    790    90     [] 	[] 	[10]
105  85    25    705    885    90     [] 	[] 	[10]
106  85    35    47     227    90     [] 	[] 	[30]
107  75    55    305    485    90     [] 	[] 	[20]
108  72    55    212    392    90     [] 	[] 	[10]
109  70    58    401    581    90     [] 	[] 	[20]
110  68    60    494    674    90     [] 	[] 	[30]
111  66    55    116    296    90     [] 	[] 	[10]
112  65    55    25     205    90     [] 	[] 	[20]
113  65    60    587    767    90     [] 	[] 	[30]
114  63    58    680    860    90     [] 	[] 	[10]
115  60    55    20     200    90     [] 	[] 	[10]
116  60    60    773    953    90     [] 	[] 	[10]
117  67    85    315    495    90     [] 	[] 	[20]
118  65    85    407    587    90     [] 	[] 	[40]
119  65    82    221    401    90     [] 	[] 	[10]
120  62    80    128    308    90     [] 	[] 	[30]
121  60    80    36     216    90     [] 	[] 	[10]
122  60    85    502    682    90     [] 	[] 	[30]
123  58    75    30     210    90     [] 	[] 	[20]
124  55    80    692    872    90     [] 	[] 	[10]
125  55    85    597    777    90     [] 	[] 	[20]
