C108.100

INFO
CREW COUNT  SKILLS  TOOLS   SPARE PARTS
25      0       0       1

DEPOT TECHNICIANS AND REQUESTS
ID   X     Y     TWS    TWE    Serv   SKILLS   TOOLS    SPARE PARTS
0    40    50    0      1236   0      [] 	[] 	[]
1    40    50    0      1236   0      [] 	[] 	[200]
2    40    50    0      1236   0      [] 	[] 	[200]
3    40    50    0      1236   0      [] 	[] 	[200]
4    40    50    0      1236   0      [] 	[] 	[200]
5    40    50    0      1236   0      [] 	[] 	[200]
6    40    50    0      1236   0      [] 	[] 	[200]
7    40    50    0      1236   0      [] 	[] 	[200]
8    40    50    0      1236   0      [] 	[] 	[200]
9    40    50    0      1236   0      [] 	[] 	[200]
10   40    50    0      1236   0      [] 	[] 	[200]
11   40    50    0      1236   0      [] 	[] 	[200]
12   40    50    0      1236   0      [] 	[] 	[200]
13   40    50    0      1236   0      [] 	[] 	[200]
14   40    50    0      1236   0      [] 	[] 	[200]
15   40    50    0      1236   0      [] 	[] 	[200]
16   40    50    0      1236   0      [] 	[] 	[200]
17   40    50    0      1236   0      [] 	[] 	[200]
18   40    50    0      1236   0      [] 	[] 	[200]
19   40    50    0      1236   0      [] 	[] 	[200]
20   40    50    0      1236   0      [] 	[] 	[200]
21   40    50    0      1236   0      [] 	[] 	[200]
22   40    50    0      1236   0      [] 	[] 	[200]
23   40    50    0      1236   0      [] 	[] 	[200]
24   40    50    0      1236   0      [] 	[] 	[200]
25   40    50    0      1236   0      [] 	[] 	[200]
26   45    68    830    1049   90     [] 	[] 	[10]
27   45    70    756    939    90     [] 	[] 	[30]
28   42    66    16     336    90     [] 	[] 	[10]
29   42    68    643    866    90     [] 	[] 	[10]
30   42    65    15     226    90     [] 	[] 	[10]
31   40    69    499    824    90     [] 	[] 	[20]
32   40    66    87     308    90     [] 	[] 	[20]
33   38    68    150    429    90     [] 	[] 	[20]
34   38    70    429    710    90     [] 	[] 	[10]
35   35    66    279    488    90     [] 	[] 	[10]
36   35    69    363    590    90     [] 	[] 	[10]
37   25    85    547    826    90     [] 	[] 	[20]
38   22    75    30     280    90     [] 	[] 	[30]
39   22    85    489    698    90     [] 	[] 	[10]
40   20    80    318    495    90     [] 	[] 	[40]
41   20    85    394    609    90     [] 	[] 	[40]
42   18    75    33     226    90     [] 	[] 	[20]
43   15    75    68     365    90     [] 	[] 	[20]
44   15    80    176    447    90     [] 	[] 	[10]
45   30    50    10     265    90     [] 	[] 	[10]
46   30    52    836    1043   90     [] 	[] 	[20]
47   28    52    704    991    90     [] 	[] 	[20]
48   28    55    664    845    90     [] 	[] 	[10]
49   25    50    15     333    90     [] 	[] 	[10]
50   25    52    88     305    90     [] 	[] 	[40]
51   25    55    502    821    90     [] 	[] 	[10]
52   23    52    179    398    90     [] 	[] 	[10]
53   23    55    476    663    90     [] 	[] 	[20]
54   20    50    288    475    90     [] 	[] 	[10]
55   20    55    368    585    90     [] 	[] 	[10]
56   10    35    144    293    90     [] 	[] 	[20]
57   10    40    31     309    90     [] 	[] 	[30]
58   8     40    33     313    90     [] 	[] 	[40]
59   8     45    655    912    90     [] 	[] 	[20]
60   5     35    191    436    90     [] 	[] 	[10]
61   5     45    588    793    90     [] 	[] 	[10]
62   2     40    305    512    90     [] 	[] 	[20]
63   0     40    414    587    90     [] 	[] 	[30]
64   0     45    481    710    90     [] 	[] 	[20]
65   35    30    180    405    90     [] 	[] 	[10]
66   35    32    63     338    90     [] 	[] 	[10]
67   33    32    19     345    90     [] 	[] 	[20]
68   33    35    16     273    90     [] 	[] 	[10]
69   32    30    278    493    90     [] 	[] 	[10]
70   30    30    453    688    90     [] 	[] 	[10]
71   30    32    355    602    90     [] 	[] 	[30]
72   30    35    837    1127   90     [] 	[] 	[10]
73   28    30    539    786    90     [] 	[] 	[10]
74   28    35    867    1126   90     [] 	[] 	[10]
75   26    32    719    976    90     [] 	[] 	[10]
76   25    30    635    876    90     [] 	[] 	[10]
77   25    35    825    1056   90     [] 	[] 	[10]
78   44    5     193    440    90     [] 	[] 	[20]
79   42    10    78     365    90     [] 	[] 	[40]
80   42    15    35     287    90     [] 	[] 	[10]
81   40    5     308    513    90     [] 	[] 	[30]
82   40    15    35     246    90     [] 	[] 	[40]
83   38    5     376    629    90     [] 	[] 	[30]
84   38    15    519    872    90     [] 	[] 	[10]
85   35    5     463    728    90     [] 	[] 	[20]
86   50    30    412    729    90     [] 	[] 	[10]
87   50    35    181    398    90     [] 	[] 	[20]
88   50    40    100    289    90     [] 	[] 	[50]
89   48    30    539    786    90     [] 	[] 	[10]
90   48    40    12     223    90     [] 	[] 	[10]
91   47    35    753    948    90     [] 	[] 	[10]
92   47    40    12     275    90     [] 	[] 	[10]
93   45    30    669    842    90     [] 	[] 	[10]
94   45    35    836    1049   90     [] 	[] 	[10]
95   95    30    284    559    90     [] 	[] 	[30]
96   95    35    194    459    90     [] 	[] 	[20]
97   53    30    367    588    90     [] 	[] 	[10]
98   92    30    370    659    90     [] 	[] 	[10]
99   53    35    263    502    90     [] 	[] 	[50]
100  45    65    847    1130   90     [] 	[] 	[20]
101  90    35    119    344    90     [] 	[] 	[10]
102  88    30    469    748    90     [] 	[] 	[10]
103  88    35    50     295    90     [] 	[] 	[20]
104  87    30    573    826    90     [] 	[] 	[10]
105  85    25    694    895    90     [] 	[] 	[10]
106  85    35    47     356    90     [] 	[] 	[30]
107  75    55    293    496    90     [] 	[] 	[20]
108  72    55    154    449    90     [] 	[] 	[10]
109  70    58    360    621    90     [] 	[] 	[20]
110  68    60    470    697    90     [] 	[] 	[30]
111  66    55    76     335    90     [] 	[] 	[10]
112  65    55    25     260    90     [] 	[] 	[20]
113  65    60    551    802    90     [] 	[] 	[30]
114  63    58    640    899    90     [] 	[] 	[10]
115  60    55    20     276    90     [] 	[] 	[10]
116  60    60    756    969    90     [] 	[] 	[10]
117  67    85    257    552    90     [] 	[] 	[20]
118  65    85    409    584    90     [] 	[] 	[40]
119  65    82    209    412    90     [] 	[] 	[10]
120  62    80    130    305    90     [] 	[] 	[30]
121  60    80    36     283    90     [] 	[] 	[10]
122  60    85    470    713    90     [] 	[] 	[30]
123  58    75    30     248    90     [] 	[] 	[20]
124  55    80    628    935    90     [] 	[] 	[10]
125  55    85    530    843    90     [] 	[] 	[20]
