C109.100

INFO
CREW COUNT  SKILLS  TOOLS   SPARE PARTS
25      0       0       1

DEPOT TECHNICIANS AND REQUESTS
ID   X     Y     TWS    TWE    Serv   SKILLS   TOOLS    SPARE PARTS
0    40    50    0      1236   0      [] 	[] 	[]
1    40    50    0      1236   0      [] 	[] 	[200]
2    40    50    0      1236   0      [] 	[] 	[200]
3    40    50    0      1236   0      [] 	[] 	[200]
4    40    50    0      1236   0      [] 	[] 	[200]
5    40    50    0      1236   0      [] 	[] 	[200]
6    40    50    0      1236   0      [] 	[] 	[200]
7    40    50    0      1236   0      [] 	[] 	[200]
8    40    50    0      1236   0      [] 	[] 	[200]
9    40    50    0      1236   0      [] 	[] 	[200]
10   40    50    0      1236   0      [] 	[] 	[200]
11   40    50    0      1236   0      [] 	[] 	[200]
12   40    50    0      1236   0      [] 	[] 	[200]
13   40    50    0      1236   0      [] 	[] 	[200]
14   40    50    0      1236   0      [] 	[] 	[200]
15   40    50    0      1236   0      [] 	[] 	[200]
16   40    50    0      1236   0      [] 	[] 	[200]
17   40    50    0      1236   0      [] 	[] 	[200]
18   40    50    0      1236   0      [] 	[] 	[200]
19   40    50    0      1236   0      [] 	[] 	[200]
20   40    50    0      1236   0      [] 	[] 	[200]
21   40    50    0      1236   0      [] 	[] 	[200]
22   40    50    0      1236   0      [] 	[] 	[200]
23   40    50    0      1236   0      [] 	[] 	[200]
24   40    50    0      1236   0      [] 	[] 	[200]
25   40    50    0      1236   0      [] 	[] 	[200]
26   45    68    760    1120   90     [] 	[] 	[10]
27   45    70    668    1028   90     [] 	[] 	[30]
28   42    66    16     376    90     [] 	[] 	[10]
29   42    68    575    935    90     [] 	[] 	[10]
30   42    65    15     375    90     [] 	[] 	[10]
31   40    69    482    842    90     [] 	[] 	[20]
32   40    66    18     378    90     [] 	[] 	[20]
33   38    68    110    470    90     [] 	[] 	[20]
34   38    70    390    750    90     [] 	[] 	[10]
35   35    66    204    564    90     [] 	[] 	[10]
36   35    69    297    657    90     [] 	[] 	[10]
37   25    85    507    867    90     [] 	[] 	[20]
38   22    75    30     390    90     [] 	[] 	[30]
39   22    85    414    774    90     [] 	[] 	[10]
40   20    80    227    587    90     [] 	[] 	[40]
41   20    85    322    682    90     [] 	[] 	[40]
42   18    75    33     393    90     [] 	[] 	[20]
43   15    75    37     397    90     [] 	[] 	[20]
44   15    80    132    492    90     [] 	[] 	[10]
45   30    50    10     370    90     [] 	[] 	[10]
46   30    52    760    1120   90     [] 	[] 	[20]
47   28    52    668    1028   90     [] 	[] 	[20]
48   28    55    575    935    90     [] 	[] 	[10]
49   25    50    15     375    90     [] 	[] 	[10]
50   25    52    17     377    90     [] 	[] 	[40]
51   25    55    482    842    90     [] 	[] 	[10]
52   23    52    109    469    90     [] 	[] 	[10]
53   23    55    390    750    90     [] 	[] 	[20]
54   20    50    202    562    90     [] 	[] 	[10]
55   20    55    297    657    90     [] 	[] 	[10]
56   10    35    39     399    90     [] 	[] 	[20]
57   10    40    31     391    90     [] 	[] 	[30]
58   8     40    33     393    90     [] 	[] 	[40]
59   8     45    604    964    90     [] 	[] 	[20]
60   5     35    134    494    90     [] 	[] 	[10]
61   5     45    511    871    90     [] 	[] 	[10]
62   2     40    229    589    90     [] 	[] 	[20]
63   0     40    321    681    90     [] 	[] 	[30]
64   0     45    416    776    90     [] 	[] 	[20]
65   35    30    113    473    90     [] 	[] 	[10]
66   35    32    21     381    90     [] 	[] 	[10]
67   33    32    19     379    90     [] 	[] 	[20]
68   33    35    16     376    90     [] 	[] 	[10]
69   32    30    206    566    90     [] 	[] 	[10]
70   30    30    391    751    90     [] 	[] 	[10]
71   30    32    299    659    90     [] 	[] 	[30]
72   30    35    767    1127   90     [] 	[] 	[10]
73   28    30    483    843    90     [] 	[] 	[10]
74   28    35    766    1126   90     [] 	[] 	[10]
75   26    32    668    1028   90     [] 	[] 	[10]
76   25    30    576    936    90     [] 	[] 	[10]
77   25    35    761    1121   90     [] 	[] 	[10]
78   44    5     137    497    90     [] 	[] 	[20]
79   42    10    42     402    90     [] 	[] 	[40]
80   42    15    35     395    90     [] 	[] 	[10]
81   40    5     231    591    90     [] 	[] 	[30]
82   40    15    35     395    90     [] 	[] 	[40]
83   38    5     323    683    90     [] 	[] 	[30]
84   38    15    516    876    90     [] 	[] 	[10]
85   35    5     416    776    90     [] 	[] 	[20]
86   50    30    391    751    90     [] 	[] 	[10]
87   50    35    110    470    90     [] 	[] 	[20]
88   50    40    15     375    90     [] 	[] 	[50]
89   48    30    483    843    90     [] 	[] 	[10]
90   48    40    12     372    90     [] 	[] 	[10]
91   47    35    671    1031   90     [] 	[] 	[10]
92   47    40    12     372    90     [] 	[] 	[10]
93   45    30    576    936    90     [] 	[] 	[10]
94   45    35    763    1123   90     [] 	[] 	[10]
95   95    30    242    602    90     [] 	[] 	[30]
96   95    35    147    507    90     [] 	[] 	[20]
97   53    30    298    658    90     [] 	[] 	[10]
98   92    30    335    695    90     [] 	[] 	[10]
99   53    35    203    563    90     [] 	[] 	[50]
100  45    65    770    1130   90     [] 	[] 	[20]
101  90    35    52     412    90     [] 	[] 	[10]
102  88    30    429    789    90     [] 	[] 	[10]
103  88    35    50     410    90     [] 	[] 	[20]
104  87    30    520    880    90     [] 	[] 	[10]
105  85    25    615    975    90     [] 	[] 	[10]
106  85    35    47     407    90     [] 	[] 	[30]
107  75    55    215    575    90     [] 	[] 	[20]
108  72    55    122    482    90     [] 	[] 	[10]
109  70    58    311    671    90     [] 	[] 	[20]
110  68    60    404    764    90     [] 	[] 	[30]
111  66    55    26     386    90     [] 	[] 	[10]
112  65    55    25     385    90     [] 	[] 	[20]
113  65    60    497    857    90     [] 	[] 	[30]
114  63    58    590    950    90     [] 	[] 	[10]
115  60    55    20     380    90     [] 	[] 	[10]
116  60    60    683    1043   90     [] 	[] 	[10]
117  67    85    225    585    90     [] 	[] 	[20]
118  65    85    317    677    90     [] 	[] 	[40]
119  65    82    131    491    90     [] 	[] 	[10]
120  62    80    38     398    90     [] 	[] 	[30]
121  60    80    36     396    90     [] 	[] 	[10]
122  60    85    412    772    90     [] 	[] 	[30]
123  58    75    30     390    90     [] 	[] 	[20]
124  55    80    602    962    90     [] 	[] 	[10]
125  55    85    507    867    90     [] 	[] 	[20]
