R108.100

INFO
CREW COUNT  SKILLS  TOOLS   SPARE PARTS
25      0       0       1

DEPOT TECHNICIANS AND REQUESTS
ID   X     Y     TWS    TWE    Serv   SKILLS   TOOLS    SPARE PARTS
0    35    35    0      230    0      [] 	[] 	[]
1    35    35    0      230    0      [] 	[] 	[200]
2    35    35    0      230    0      [] 	[] 	[200]
3    35    35    0      230    0      [] 	[] 	[200]
4    35    35    0      230    0      [] 	[] 	[200]
5    35    35    0      230    0      [] 	[] 	[200]
6    35    35    0      230    0      [] 	[] 	[200]
7    35    35    0      230    0      [] 	[] 	[200]
8    35    35    0      230    0      [] 	[] 	[200]
9    35    35    0      230    0      [] 	[] 	[200]
10   35    35    0      230    0      [] 	[] 	[200]
11   35    35    0      230    0      [] 	[] 	[200]
12   35    35    0      230    0      [] 	[] 	[200]
13   35    35    0      230    0      [] 	[] 	[200]
14   35    35    0      230    0      [] 	[] 	[200]
15   35    35    0      230    0      [] 	[] 	[200]
16   35    35    0      230    0      [] 	[] 	[200]
17   35    35    0      230    0      [] 	[] 	[200]
18   35    35    0      230    0      [] 	[] 	[200]
19   35    35    0      230    0      [] 	[] 	[200]
20   35    35    0      230    0      [] 	[] 	[200]
21   35    35    0      230    0      [] 	[] 	[200]
22   35    35    0      230    0      [] 	[] 	[200]
23   35    35    0      230    0      [] 	[] 	[200]
24   35    35    0      230    0      [] 	[] 	[200]
25   35    35    0      230    0      [] 	[] 	[200]
26   41    49    0      204    10     [] 	[] 	[10]
27   35    17    0      202    10     [] 	[] 	[7]
28   55    45    0      197    10     [] 	[] 	[13]
29   55    20    139    169    10     [] 	[] 	[19]
30   15    30    0      199    10     [] 	[] 	[26]
31   25    30    0      208    10     [] 	[] 	[3]
32   20    50    0      198    10     [] 	[] 	[5]
33   10    43    85     115    10     [] 	[] 	[9]
34   55    60    87     117    10     [] 	[] 	[16]
35   30    60    0      194    10     [] 	[] 	[16]
36   20    65    57     87     10     [] 	[] 	[12]
37   50    35    0      205    10     [] 	[] 	[19]
38   30    25    149    179    10     [] 	[] 	[23]
39   15    10    0      187    10     [] 	[] 	[20]
40   30    5     51     81     10     [] 	[] 	[8]
41   10    20    0      190    10     [] 	[] 	[19]
42   5     30    0      189    10     [] 	[] 	[2]
43   20    40    0      204    10     [] 	[] 	[12]
44   15    60    0      187    10     [] 	[] 	[17]
45   45    65    0      188    10     [] 	[] 	[9]
46   45    20    0      201    10     [] 	[] 	[11]
47   45    10    0      193    10     [] 	[] 	[18]
48   55    5     58     88     10     [] 	[] 	[29]
49   65    35    0      190    10     [] 	[] 	[3]
50   65    20    156    186    10     [] 	[] 	[6]
51   45    30    0      208    10     [] 	[] 	[17]
52   35    40    0      215    10     [] 	[] 	[16]
53   41    37    0      213    10     [] 	[] 	[16]
54   64    42    0      190    10     [] 	[] 	[9]
55   40    60    0      194    10     [] 	[] 	[21]
56   31    52    0      202    10     [] 	[] 	[27]
57   35    69    0      186    10     [] 	[] 	[23]
58   53    52    0      195    10     [] 	[] 	[11]
59   65    55    0      183    10     [] 	[] 	[14]
60   63    65    0      178    10     [] 	[] 	[8]
61   2     60    0      178    10     [] 	[] 	[5]
62   20    20    0      198    10     [] 	[] 	[8]
63   5     5     73     103    10     [] 	[] 	[16]
64   60    12    0      186    10     [] 	[] 	[31]
65   40    25    0      208    10     [] 	[] 	[9]
66   42    7     0      191    10     [] 	[] 	[5]
67   24    12    0      194    10     [] 	[] 	[5]
68   23    3     0      185    10     [] 	[] 	[7]
69   11    14    59     89     10     [] 	[] 	[18]
70   6     38    0      190    10     [] 	[] 	[16]
71   2     48    0      184    10     [] 	[] 	[1]
72   8     56    0      185    10     [] 	[] 	[27]
73   13    52    0      192    10     [] 	[] 	[36]
74   6     68    0      176    10     [] 	[] 	[30]
75   47    47    0      203    10     [] 	[] 	[13]
76   49    58    0      193    10     [] 	[] 	[10]
77   27    43    0      208    10     [] 	[] 	[9]
78   37    31    85     115    10     [] 	[] 	[14]
79   57    29    0      197    10     [] 	[] 	[18]
80   63    23    126    156    10     [] 	[] 	[2]
81   53    12    0      190    10     [] 	[] 	[6]
82   32    12    0      196    10     [] 	[] 	[7]
83   36    26    180    210    10     [] 	[] 	[18]
84   21    24    0      202    10     [] 	[] 	[28]
85   17    34    0      201    10     [] 	[] 	[3]
86   12    24    0      194    10     [] 	[] 	[13]
87   24    58    48     78     10     [] 	[] 	[19]
88   27    69    0      185    10     [] 	[] 	[10]
89   15    77    0      173    10     [] 	[] 	[9]
90   62    77    0      170    10     [] 	[] 	[20]
91   49    73    0      179    10     [] 	[] 	[25]
92   67    5     73     103    10     [] 	[] 	[25]
93   56    39    0      198    10     [] 	[] 	[36]
94   37    47    40     70     10     [] 	[] 	[6]
95   37    56    0      198    10     [] 	[] 	[5]
96   57    68    0      180    10     [] 	[] 	[15]
97   47    16    0      197    10     [] 	[] 	[25]
98   44    17    0      199    10     [] 	[] 	[9]
99   46    13    139    169    10     [] 	[] 	[8]
100  49    11    0      192    10     [] 	[] 	[18]
101  49    42    63     93     10     [] 	[] 	[13]
102  53    43    169    199    10     [] 	[] 	[14]
103  61    52    0      188    10     [] 	[] 	[3]
104  57    48    82     112    10     [] 	[] 	[23]
105  56    37    0      198    10     [] 	[] 	[6]
106  55    54    0      192    10     [] 	[] 	[26]
107  15    47    0      196    10     [] 	[] 	[16]
108  14    37    0      198    10     [] 	[] 	[11]
109  11    31    91     121    10     [] 	[] 	[7]
110  16    22    0      196    10     [] 	[] 	[41]
111  4     18    0      184    10     [] 	[] 	[35]
112  28    18    83     113    10     [] 	[] 	[26]
113  26    52    0      200    10     [] 	[] 	[9]
114  26    35    0      211    10     [] 	[] 	[15]
115  31    67    0      187    10     [] 	[] 	[3]
116  15    19    0      194    10     [] 	[] 	[1]
117  22    22    18     48     10     [] 	[] 	[2]
118  18    24    0      199    10     [] 	[] 	[22]
119  26    27    0      207    10     [] 	[] 	[27]
120  25    24    0      205    10     [] 	[] 	[20]
121  22    27    0      204    10     [] 	[] 	[11]
122  25    21    0      202    10     [] 	[] 	[12]
123  19    21    0      198    10     [] 	[] 	[10]
124  20    26    73     103    10     [] 	[] 	[9]
125  18    18    165    195    10     [] 	[] 	[17]
