R110.100

INFO
CREW COUNT  SKILLS  TOOLS   SPARE PARTS
25      0       0       1

DEPOT TECHNICIANS AND REQUESTS
ID   X     Y     TWS    TWE    Serv   SKILLS   TOOLS    SPARE PARTS
0    35    35    0      230    0      [] 	[] 	[]
1    35    35    0      230    0      [] 	[] 	[200]
2    35    35    0      230    0      [] 	[] 	[200]
3    35    35    0      230    0      [] 	[] 	[200]
4    35    35    0      230    0      [] 	[] 	[200]
5    35    35    0      230    0      [] 	[] 	[200]
6    35    35    0      230    0      [] 	[] 	[200]
7    35    35    0      230    0      [] 	[] 	[200]
8    35    35    0      230    0      [] 	[] 	[200]
9    35    35    0      230    0      [] 	[] 	[200]
10   35    35    0      230    0      [] 	[] 	[200]
11   35    35    0      230    0      [] 	[] 	[200]
12   35    35    0      230    0      [] 	[] 	[200]
13   35    35    0      230    0      [] 	[] 	[200]
14   35    35    0      230    0      [] 	[] 	[200]
15   35    35    0      230    0      [] 	[] 	[200]
16   35    35    0      230    0      [] 	[] 	[200]
17   35    35    0      230    0      [] 	[] 	[200]
18   35    35    0      230    0      [] 	[] 	[200]
19   35    35    0      230    0      [] 	[] 	[200]
20   35    35    0      230    0      [] 	[] 	[200]
21   35    35    0      230    0      [] 	[] 	[200]
22   35    35    0      230    0      [] 	[] 	[200]
23   35    35    0      230    0      [] 	[] 	[200]
24   35    35    0      230    0      [] 	[] 	[200]
25   35    35    0      230    0      [] 	[] 	[200]
26   41    49    130    201    10     [] 	[] 	[10]
27   35    17    20     89     10     [] 	[] 	[7]
28   55    45    106    135    10     [] 	[] 	[13]
29   55    20    71     195    10     [] 	[] 	[19]
30   15    30    20     107    10     [] 	[] 	[26]
31   25    30    54     153    10     [] 	[] 	[3]
32   20    50    66     105    10     [] 	[] 	[5]
33   10    43    61     138    10     [] 	[] 	[9]
34   55    60    53     150    10     [] 	[] 	[16]
35   30    60    101    156    10     [] 	[] 	[16]
36   20    65    33     152    10     [] 	[] 	[12]
37   50    35    38     97     10     [] 	[] 	[19]
38   30    25    70     208    10     [] 	[] 	[23]
39   15    10    32     137    10     [] 	[] 	[20]
40   30    5     30     154    10     [] 	[] 	[8]
41   10    20    54     105    10     [] 	[] 	[19]
42   5     30    51     189    10     [] 	[] 	[2]
43   20    40    77     106    10     [] 	[] 	[12]
44   15    60    53     108    10     [] 	[] 	[17]
45   45    65    109    152    10     [] 	[] 	[9]
46   45    20    37     96     10     [] 	[] 	[11]
47   45    10    59     144    10     [] 	[] 	[18]
48   55    5     36     155    10     [] 	[] 	[29]
49   65    35    118    190    10     [] 	[] 	[3]
50   65    20    47     186    10     [] 	[] 	[6]
51   45    30    117    156    10     [] 	[] 	[17]
52   35    40    5      156    10     [] 	[] 	[16]
53   41    37    8      79     10     [] 	[] 	[16]
54   64    42    37     98     10     [] 	[] 	[9]
55   40    60    28     123    10     [] 	[] 	[21]
56   31    52    24     85     10     [] 	[] 	[27]
57   35    69    116    175    10     [] 	[] 	[23]
58   53    52    24     179    10     [] 	[] 	[11]
59   65    55    100    143    10     [] 	[] 	[14]
60   63    65    50     178    10     [] 	[] 	[8]
61   2     60    41     178    10     [] 	[] 	[5]
62   20    20    117    160    10     [] 	[] 	[8]
63   5     5     42     145    10     [] 	[] 	[16]
64   60    12    33     186    10     [] 	[] 	[31]
65   40    25    51     128    10     [] 	[] 	[9]
66   42    7     44     159    10     [] 	[] 	[5]
67   24    12    25     172    10     [] 	[] 	[5]
68   23    3     115    158    10     [] 	[] 	[7]
69   11    14    31     138    10     [] 	[] 	[18]
70   6     38    29     189    10     [] 	[] 	[16]
71   2     48    93     150    10     [] 	[] 	[1]
72   8     56    34     116    10     [] 	[] 	[27]
73   13    52    125    192    10     [] 	[] 	[36]
74   6     68    93     132    10     [] 	[] 	[30]
75   47    47    105    152    10     [] 	[] 	[13]
76   49    58    66     119    10     [] 	[] 	[10]
77   27    43    25     88     10     [] 	[] 	[9]
78   37    31    62     137    10     [] 	[] 	[14]
79   57    29    121    168    10     [] 	[] 	[18]
80   63    23    70     189    10     [] 	[] 	[2]
81   53    12    81     188    10     [] 	[] 	[6]
82   32    12    78     133    10     [] 	[] 	[7]
83   36    26    79     210    10     [] 	[] 	[18]
84   21    24    17     123    10     [] 	[] 	[28]
85   17    34    130    201    10     [] 	[] 	[3]
86   12    24    59     102    10     [] 	[] 	[13]
87   24    58    25     164    10     [] 	[] 	[19]
88   27    69    34     112    10     [] 	[] 	[10]
89   15    77    46     165    10     [] 	[] 	[9]
90   62    77    49     170    10     [] 	[] 	[20]
91   49    73    77     179    10     [] 	[] 	[25]
92   67    5     43     150    10     [] 	[] 	[25]
93   56    39    82     198    10     [] 	[] 	[36]
94   37    47    12     142    10     [] 	[] 	[6]
95   37    56    21     198    10     [] 	[] 	[5]
96   57    68    57     106    10     [] 	[] 	[15]
97   47    16    22     110    10     [] 	[] 	[25]
98   44    17    60     105    10     [] 	[] 	[9]
99   46    13    73     195    10     [] 	[] 	[8]
100  49    11    46     101    10     [] 	[] 	[18]
101  49    42    36     119    10     [] 	[] 	[13]
102  53    43    65     200    10     [] 	[] 	[14]
103  61    52    43     158    10     [] 	[] 	[3]
104  57    48    58     135    10     [] 	[] 	[23]
105  56    37    69     198    10     [] 	[] 	[6]
106  55    54    87     110    10     [] 	[] 	[26]
107  15    47    28     91     10     [] 	[] 	[16]
108  14    37    21     97     10     [] 	[] 	[11]
109  11    31    68     143    10     [] 	[] 	[7]
110  16    22    74     117    10     [] 	[] 	[41]
111  4     18    79     118    10     [] 	[] 	[35]
112  28    18    84     111    10     [] 	[] 	[26]
113  26    52    24     133    10     [] 	[] 	[9]
114  26    35    128    211    10     [] 	[] 	[15]
115  31    67    76     123    10     [] 	[] 	[3]
116  15    19    130    194    10     [] 	[] 	[1]
117  22    22    18     181    10     [] 	[] 	[2]
118  18    24    41     199    10     [] 	[] 	[22]
119  26    27    88     121    10     [] 	[] 	[27]
120  25    24    14     83     10     [] 	[] 	[20]
121  22    27    119    160    10     [] 	[] 	[11]
122  25    21    122    153    10     [] 	[] 	[12]
123  19    21    32     93     10     [] 	[] 	[10]
124  20    26    38     137    10     [] 	[] 	[9]
125  18    18    28     195    10     [] 	[] 	[17]
