R111.100

INFO
CREW COUNT  SKILLS  TOOLS   SPARE PARTS
25      0       0       1

DEPOT TECHNICIANS AND REQUESTS
ID   X     Y     TWS    TWE    Serv   SKILLS   TOOLS    SPARE PARTS
0    35    35    0      230    0      [] 	[] 	[]
1    35    35    0      230    0      [] 	[] 	[200]
2    35    35    0      230    0      [] 	[] 	[200]
3    35    35    0      230    0      [] 	[] 	[200]
4    35    35    0      230    0      [] 	[] 	[200]
5    35    35    0      230    0      [] 	[] 	[200]
6    35    35    0      230    0      [] 	[] 	[200]
7    35    35    0      230    0      [] 	[] 	[200]
8    35    35    0      230    0      [] 	[] 	[200]
9    35    35    0      230    0      [] 	[] 	[200]
10   35    35    0      230    0      [] 	[] 	[200]
11   35    35    0      230    0      [] 	[] 	[200]
12   35    35    0      230    0      [] 	[] 	[200]
13   35    35    0      230    0      [] 	[] 	[200]
14   35    35    0      230    0      [] 	[] 	[200]
15   35    35    0      230    0      [] 	[] 	[200]
16   35    35    0      230    0      [] 	[] 	[200]
17   35    35    0      230    0      [] 	[] 	[200]
18   35    35    0      230    0      [] 	[] 	[200]
19   35    35    0      230    0      [] 	[] 	[200]
20   35    35    0      230    0      [] 	[] 	[200]
21   35    35    0      230    0      [] 	[] 	[200]
22   35    35    0      230    0      [] 	[] 	[200]
23   35    35    0      230    0      [] 	[] 	[200]
24   35    35    0      230    0      [] 	[] 	[200]
25   35    35    0      230    0      [] 	[] 	[200]
26   41    49    15     204    10     [] 	[] 	[10]
27   35    17    18     202    10     [] 	[] 	[7]
28   55    45    54     187    10     [] 	[] 	[13]
29   55    20    138    169    10     [] 	[] 	[19]
30   15    30    20     199    10     [] 	[] 	[26]
31   25    30    76     131    10     [] 	[] 	[3]
32   20    50    21     170    10     [] 	[] 	[5]
33   10    43    87     112    10     [] 	[] 	[9]
34   55    60    88     115    10     [] 	[] 	[16]
35   30    60    107    150    10     [] 	[] 	[16]
36   20    65    57     86     10     [] 	[] 	[12]
37   50    35    15     192    10     [] 	[] 	[19]
38   30    25    147    180    10     [] 	[] 	[23]
39   15    10    32     187    10     [] 	[] 	[20]
40   30    5     50     81     10     [] 	[] 	[8]
41   10    20    29     139    10     [] 	[] 	[19]
42   5     30    124    189    10     [] 	[] 	[2]
43   20    40    47     136    10     [] 	[] 	[12]
44   15    60    32     146    10     [] 	[] 	[17]
45   45    65    79     182    10     [] 	[] 	[9]
46   45    20    18     195    10     [] 	[] 	[11]
47   45    10    76     127    10     [] 	[] 	[18]
48   55    5     58     87     10     [] 	[] 	[29]
49   65    35    58     190    10     [] 	[] 	[3]
50   65    20    153    186    10     [] 	[] 	[6]
51   45    30    58     208    10     [] 	[] 	[17]
52   35    40    8      75     10     [] 	[] 	[16]
53   41    37    6      136    10     [] 	[] 	[16]
54   64    42    29     150    10     [] 	[] 	[9]
55   40    60    49     102    10     [] 	[] 	[21]
56   31    52    17     198    10     [] 	[] 	[27]
57   35    69    67     186    10     [] 	[] 	[23]
58   53    52    24     92     10     [] 	[] 	[11]
59   65    55    36     183    10     [] 	[] 	[14]
60   63    65    116    178    10     [] 	[] 	[8]
61   2     60    41     112    10     [] 	[] 	[5]
62   20    20    42     198    10     [] 	[] 	[8]
63   5     5     74     101    10     [] 	[] 	[16]
64   60    12    33     110    10     [] 	[] 	[31]
65   40    25    65     114    10     [] 	[] 	[9]
66   42    7     72     131    10     [] 	[] 	[5]
67   24    12    25     91     10     [] 	[] 	[5]
68   23    3     82     185    10     [] 	[] 	[7]
69   11    14    59     88     10     [] 	[] 	[18]
70   6     38    29     99     10     [] 	[] 	[16]
71   2     48    63     180    10     [] 	[] 	[1]
72   8     56    34     176    10     [] 	[] 	[27]
73   13    52    27     192    10     [] 	[] 	[36]
74   6     68    93     132    10     [] 	[] 	[30]
75   47    47    41     203    10     [] 	[] 	[13]
76   49    58    36     149    10     [] 	[] 	[10]
77   27    43    11     195    10     [] 	[] 	[9]
78   37    31    87     112    10     [] 	[] 	[14]
79   57    29    90     197    10     [] 	[] 	[18]
80   63    23    126    155    10     [] 	[] 	[2]
81   53    12    106    163    10     [] 	[] 	[6]
82   32    12    48     163    10     [] 	[] 	[7]
83   36    26    178    210    10     [] 	[] 	[18]
84   21    24    17     202    10     [] 	[] 	[28]
85   17    34    70     201    10     [] 	[] 	[3]
86   12    24    29     132    10     [] 	[] 	[13]
87   24    58    46     79     10     [] 	[] 	[19]
88   27    69    34     172    10     [] 	[] 	[10]
89   15    77    48     107    10     [] 	[] 	[9]
90   62    77    49     113    10     [] 	[] 	[20]
91   49    73    104    159    10     [] 	[] 	[25]
92   67    5     73     102    10     [] 	[] 	[25]
93   56    39    117    176    10     [] 	[] 	[36]
94   37    47    39     70     10     [] 	[] 	[6]
95   37    56    123    198    10     [] 	[] 	[5]
96   57    68    39     148    10     [] 	[] 	[15]
97   47    16    22     197    10     [] 	[] 	[25]
98   44    17    30     135    10     [] 	[] 	[9]
99   46    13    138    169    10     [] 	[] 	[8]
100  49    11    27     192    10     [] 	[] 	[18]
101  49    42    65     90     10     [] 	[] 	[13]
102  53    43    168    199    10     [] 	[] 	[14]
103  61    52    71     130    10     [] 	[] 	[3]
104  57    48    84     109    10     [] 	[] 	[23]
105  56    37    135    198    10     [] 	[] 	[6]
106  55    54    57     140    10     [] 	[] 	[26]
107  15    47    23     196    10     [] 	[] 	[16]
108  14    37    21     198    10     [] 	[] 	[11]
109  11    31    93     118    10     [] 	[] 	[7]
110  16    22    23     177    10     [] 	[] 	[41]
111  4     18    49     148    10     [] 	[] 	[35]
112  28    18    88     107    10     [] 	[] 	[26]
113  26    52    50     107    10     [] 	[] 	[9]
114  26    35    68     211    10     [] 	[] 	[15]
115  31    67    46     153    10     [] 	[] 	[3]
116  15    19    25     194    10     [] 	[] 	[1]
117  22    22    18     53     10     [] 	[] 	[2]
118  18    24    129    199    10     [] 	[] 	[22]
119  26    27    35     174    10     [] 	[] 	[27]
120  25    24    14     205    10     [] 	[] 	[20]
121  22    27    51     204    10     [] 	[] 	[11]
122  25    21    92     183    10     [] 	[] 	[12]
123  19    21    21     198    10     [] 	[] 	[10]
124  20    26    74     101    10     [] 	[] 	[9]
125  18    18    159    195    10     [] 	[] 	[17]
