3	-1
26	-1
5	-1
41	-1
46	-1
10	-1
79	-1
7	-1
100	-1
31	-1
43	-1
20	-1
77	-1
98	-1
99	-1
48	-1
88	-1
52	-1
54	-1
81	-1
44	-1
37	-1
55	-1
57	-1
2	-1
78	-1
16	-1
84	-1
64	-1
67	-1
12	-1
53	-1
56	-1
80	-1
35	-1
63	-1
95	-1
14	-1
61	-1
83	-1
97	-1
58	-1
72	-1
75	-1
82	-1
92	-1
49	-1
19	-1
51	-1
13	-1
73	-1
1	-1
87	-1
47	-1
70	-1
34	-1
21	-1
6	-1
93	-1
76	-1
29	-1
60	-1
40	-1
42	-1
38	-1
24	-1
89	-1
4	-1
91	-1
59	-1
45	-1
90	-1
39	-1
11	-1
85	-1
62	-1
30	-1
33	-1
22	-1
96	-1
50	-1
25	-1
94	-1
8	-1
17	-1
69	-1
71	-1
65	-1
27	-1
66	-1
9	86
68	117
15	31
74	138
23	52
32	14
18	24
86	20
36	17
28	5