C206.100_25-5-5-5

INFO
CREW COUNT  SKILLS  TOOLS   SPARE PARTS
25      5       5       5

DEPOT TECHNICIANS AND REQUESTS
ID   X     Y     TWS    TWE    Serv   SKILLS   TOOLS    SPARE PARTS
0    40    50    0      3390   0      [] 	[] 	[]
1    18    25    0      3390   0      [3,4] 	[1,4] 	[2,0,5,0,0]
2    72    66    0      3390   0      [0,1] 	[0,1,2,4] 	[0,2,4,0,0]
3    24    3     0      3390   0      [0,2,4] 	[0,2,3,4] 	[5,3,4,0,0]
4    10    66    0      3390   0      [0,1,2,4] 	[0,1,2,3,4] 	[4,5,5,0,0]
5    64    27    0      3390   0      [1,2,3,4] 	[0,2,4] 	[4,3,0,0,0]
6    88    34    0      3390   0      [0,2,3] 	[] 	[4,2,3,0,0]
7    74    7     0      3390   0      [0,2] 	[0,3] 	[3,4,5,0,0]
8    44    38    0      3390   0      [0,1] 	[2,4] 	[0,5,3,0,0]
9    56    97    0      3390   0      [0,1,3] 	[0,1,2,4] 	[0,4,3,0,0]
10   62    97    0      3390   0      [0,1,3,4] 	[] 	[3,3,4,0,0]
11   8     66    0      3390   0      [1,3] 	[1,2,4] 	[0,4,3,0,0]
12   99    58    0      3390   0      [0,1,2,3] 	[2] 	[5,0,5,0,0]
13   68    29    0      3390   0      [0,1,2,3] 	[0,2,3,4] 	[2,4,0,0,0]
14   43    50    0      3390   0      [0,2,3,4] 	[0,3,4] 	[2,4,5,0,0]
15   93    29    0      3390   0      [1,2] 	[1,2,3] 	[5,2,0,0,0]
16   10    71    0      3390   0      [0,1,3,4] 	[] 	[3,3,2,0,0]
17   55    25    0      3390   0      [0,1] 	[0,2] 	[0,3,4,0,0]
18   55    98    0      3390   0      [0,2] 	[] 	[2,3,5,0,0]
19   95    61    0      3390   0      [1,2] 	[1,3] 	[4,2,0,0,0]
20   32    6     0      3390   0      [1,2,3,4] 	[0,1,2,3,4] 	[5,5,5,0,0]
21   96    39    0      3390   0      [0,2,3,4] 	[0,1,2,3] 	[5,3,2,0,0]
22   81    22    0      3390   0      [3,4] 	[0,1,2,3,4] 	[5,0,5,0,0]
23   98    100   0      3390   0      [0,2,3,4] 	[0,1,2,3,4] 	[4,4,5,0,0]
24   70    57    0      3390   0      [0,2,3] 	[1] 	[3,4,5,0,0]
25   46    94    0      3390   0      [0,1,2,3] 	[0,1] 	[3,3,5,0,0]
26   52    75    213    568    90     [4] 	[2,3] 	[0,0,0,0,0]
27   45    70    22     563    90     [2] 	[3] 	[1,0,0,0,0]
28   62    69    1030   1463   90     [4] 	[] 	[1,0,0,0,0]
29   60    66    1154   1527   90     [4] 	[] 	[1,0,0,0,0]
30   42    65    15     402    90     [2] 	[] 	[0,1,0,0,0]
31   16    42    331    822    90     [2] 	[] 	[0,0,0,0,0]
32   58    70    965    1340   90     [0] 	[0,4] 	[0,1,1,0,0]
33   34    60    2653   3280   90     [0] 	[0,4] 	[0,0,1,0,0]
34   28    70    2385   2976   90     [1] 	[1,2] 	[0,1,0,0,0]
35   35    66    2628   3113   90     [0] 	[0] 	[0,0,1,0,0]
36   35    69    2603   2952   90     [2] 	[2,3] 	[1,1,0,0,0]
37   25    85    1985   2412   90     [3] 	[1,4] 	[0,0,1,0,0]
38   22    75    2310   2659   90     [0] 	[] 	[0,1,1,0,0]
39   22    85    1846   2365   90     [3] 	[1,2] 	[0,0,1,0,0]
40   20    80    2077   2514   90     [3] 	[1,4] 	[0,0,1,0,0]
41   20    85    1763   2264   90     [4] 	[2] 	[0,0,0,0,0]
42   18    75    2143   2638   90     [0] 	[] 	[0,0,1,0,0]
43   15    75    1560   2083   90     [1] 	[2] 	[0,1,0,0,0]
44   15    80    1689   2144   90     [1] 	[1,2] 	[0,1,0,0,0]
45   30    50    10     645    90     [0] 	[4] 	[0,1,1,0,0]
46   30    56    2675   3288   90     [2] 	[2] 	[0,1,0,0,0]
47   28    52    12     505    90     [2] 	[2,3] 	[1,0,0,0,0]
48   14    66    1519   1926   90     [4] 	[0,2] 	[0,0,0,0,0]
49   25    50    23     368    90     [2] 	[2] 	[1,1,0,0,0]
50   22    66    2380   2787   90     [1] 	[1,2] 	[0,0,0,0,0]
51   8     62    1330   1919   90     [4] 	[0,2] 	[1,0,0,0,0]
52   23    52    93     484    90     [1] 	[] 	[0,1,0,0,0]
53   4     55    1268   1785   90     [3] 	[4] 	[0,0,1,0,0]
54   20    50    168    787    90     [3] 	[4] 	[0,0,1,0,0]
55   20    55    170    595    90     [2] 	[3] 	[1,0,0,0,0]
56   10    35    585    1136   90     [2] 	[2] 	[0,1,0,0,0]
57   10    40    448    897    90     [3] 	[] 	[0,0,0,0,0]
58   8     40    499    1030   90     [0] 	[0,4] 	[0,0,0,0,0]
59   8     45    1190   1661   90     [4] 	[0,3] 	[0,0,0,0,0]
60   5     35    666    1245   90     [4] 	[2] 	[1,0,0,0,0]
61   5     45    1076   1589   90     [1] 	[] 	[0,0,0,0,0]
62   2     40    772    1329   90     [3] 	[] 	[0,0,0,0,0]
63   0     40    890    1395   90     [4] 	[2,3] 	[1,0,0,0,0]
64   0     45    1036   1439   90     [2] 	[2,3] 	[1,1,0,0,0]
65   36    18    1612   2185   90     [4] 	[0,3] 	[0,0,0,0,0]
66   35    32    2599   3076   90     [2] 	[] 	[0,1,0,0,0]
67   33    32    2529   2962   90     [2] 	[] 	[1,0,0,0,0]
68   33    35    2463   2842   90     [0] 	[4] 	[0,0,1,0,0]
69   32    20    1745   2240   90     [2] 	[2,3] 	[1,0,0,0,0]
70   30    30    1932   2437   90     [0] 	[] 	[0,0,0,0,0]
71   34    25    1884   2293   90     [4] 	[2] 	[1,0,0,0,0]
72   30    35    2348   2771   90     [4] 	[3] 	[0,0,0,0,0]
73   36    40    2715   3156   90     [2] 	[2] 	[1,0,0,0,0]
74   48    20    812    1281   90     [1] 	[1] 	[0,1,0,0,0]
75   26    32    2018   2725   90     [3] 	[4] 	[0,0,0,0,0]
76   25    30    2015   2544   90     [1] 	[1,2] 	[0,1,0,0,0]
77   25    35    2201   2728   90     [2] 	[] 	[1,0,0,0,0]
78   44    5     1078   1593   90     [2] 	[2,3] 	[0,0,0,0,0]
79   42    10    998    1481   90     [1] 	[1] 	[0,1,0,0,0]
80   42    15    897    1392   90     [4] 	[] 	[0,0,0,0,0]
81   40    5     1199   1660   90     [4] 	[2,3] 	[1,0,0,0,0]
82   38    15    1552   2057   90     [3] 	[] 	[0,0,1,0,0]
83   38    5     1263   1780   90     [3] 	[1,2] 	[0,0,0,0,0]
84   38    10    1498   1921   90     [4] 	[0,2] 	[0,0,0,0,0]
85   35    5     1325   1904   90     [2] 	[2,3] 	[1,1,0,0,0]
86   50    30    223    738    90     [3] 	[1,4] 	[0,0,1,0,0]
87   50    35    18     474    90     [4] 	[3] 	[1,0,0,0,0]
88   50    40    14     360    90     [2] 	[3] 	[0,0,0,0,0]
89   48    30    246    899    90     [2] 	[] 	[0,1,0,0,0]
90   44    25    704    1197   90     [4] 	[] 	[1,0,0,0,0]
91   47    35    393    942    90     [0] 	[] 	[0,1,0,0,0]
92   47    40    12     424    90     [4] 	[] 	[1,0,0,0,0]
93   42    30    641    1070   90     [0] 	[0] 	[0,1,1,0,0]
94   45    35    534    985    90     [4] 	[3] 	[1,0,0,0,0]
95   95    30    2119   2682   90     [3] 	[2,4] 	[0,0,1,0,0]
96   95    35    2079   2532   90     [1] 	[1,2] 	[0,1,0,0,0]
97   53    30    131    644    90     [4] 	[2,3] 	[0,0,0,0,0]
98   92    30    2169   2818   90     [3] 	[1,4] 	[0,0,1,0,0]
99   53    35    87     498    90     [2] 	[] 	[1,0,0,0,0]
100  45    65    15     607    90     [1] 	[] 	[0,1,0,0,0]
101  90    35    2002   2419   90     [1] 	[1,2] 	[0,1,0,0,0]
102  72    45    2701   3258   90     [0] 	[0,4] 	[0,0,0,0,0]
103  78    40    2599   3164   90     [0] 	[0] 	[0,0,1,0,0]
104  87    30    2505   2870   90     [4] 	[0] 	[1,0,0,0,0]
105  85    25    2369   2816   90     [1] 	[1] 	[0,1,0,0,0]
106  85    35    2563   3002   90     [1] 	[] 	[0,0,0,0,0]
107  75    55    1783   2226   90     [1] 	[1,2] 	[0,1,0,0,0]
108  72    55    1591   2232   90     [3] 	[1] 	[0,0,1,0,0]
109  70    58    1513   1928   90     [2] 	[2] 	[1,1,0,0,0]
110  86    46    1829   2388   90     [2] 	[3] 	[0,0,0,0,0]
111  66    55    1604   2027   90     [2] 	[2,3] 	[1,1,0,0,0]
112  64    46    2976   3275   90     [0] 	[0,4] 	[0,0,1,0,0]
113  65    60    1338   1913   90     [4] 	[0,2] 	[1,0,0,0,0]
114  56    64    1116   1753   90     [1] 	[2] 	[0,1,0,0,0]
115  60    55    2789   3279   90     [0] 	[] 	[0,0,1,0,0]
116  60    60    1349   1712   90     [3] 	[2] 	[0,0,1,0,0]
117  67    85    518    1029   90     [3] 	[1,2] 	[0,0,0,0,0]
118  42    58    8      509    90     [1] 	[2] 	[0,1,0,0,0]
119  65    82    549    1186   90     [1] 	[] 	[0,0,0,0,0]
120  62    80    744    1177   90     [1] 	[] 	[0,0,0,0,0]
121  62    40    2713   3275   90     [1] 	[] 	[0,0,0,0,0]
122  60    85    397    956    90     [4] 	[0,3] 	[0,0,0,0,0]
123  58    75    839    1276   90     [2] 	[] 	[0,1,0,0,0]
124  55    80    272    701    90     [3] 	[2] 	[0,0,0,0,0]
125  55    85    373    790    90     [2] 	[2] 	[1,1,0,0,0]
