R104.100_25-5-5-5

INFO
CREW COUNT  SKILLS  TOOLS   SPARE PARTS
25      5       5       5

DEPOT TECHNICIANS AND REQUESTS
ID   X     Y     TWS    TWE    Serv   SKILLS   TOOLS    SPARE PARTS
0    35    35    0      230    0      [] 	[] 	[]
1    86    88    0      230    0      [0,2] 	[2] 	[4,4,0,4,0]
2    28    22    0      230    0      [0,4] 	[0,3] 	[3,0,0,2,0]
3    81    7     0      230    0      [0,4] 	[] 	[4,0,0,3,0]
4    89    9     0      230    0      [0,1,3,4] 	[1,3] 	[4,0,0,5,5]
5    90    38    0      230    0      [0,2,3,4] 	[0,1,2,4] 	[5,3,0,0,0]
6    86    87    0      230    0      [0,1] 	[0,2,3] 	[3,0,0,5,0]
7    13    35    0      230    0      [1,3] 	[4] 	[5,0,0,3,0]
8    50    77    0      230    0      [0,2] 	[0,2,3] 	[4,5,0,3,0]
9    22    71    0      230    0      [1,4] 	[2,3,4] 	[3,0,0,4,0]
10   30    5     0      230    0      [2,4] 	[0,1,2,3] 	[0,4,0,4,0]
11   92    18    0      230    0      [0,2,3] 	[0] 	[3,2,0,0,3]
12   7     96    0      230    0      [0,3] 	[0,3,4] 	[4,0,0,3,2]
13   95    71    0      230    0      [1,2] 	[0,2,3] 	[5,4,0,0,0]
14   39    2     0      230    0      [2,3,4] 	[1,2,3,4] 	[0,5,0,0,5]
15   70    29    0      230    0      [1,3,4] 	[0,2,3,4] 	[5,0,0,5,5]
16   86    16    0      230    0      [0,1] 	[0,2,3,4] 	[5,0,0,4,0]
17   57    50    0      230    0      [0,1,2,4] 	[0,1,3,4] 	[4,3,0,2,0]
18   63    42    0      230    0      [2,3,4] 	[0,1,2,4] 	[0,4,0,3,0]
19   45    82    0      230    0      [0,2,4] 	[] 	[3,5,0,4,0]
20   68    42    0      230    0      [0,2,3] 	[0,2,3,4] 	[2,0,0,4,2]
21   4     26    0      230    0      [3,4] 	[0,1,2,4] 	[0,0,0,3,3]
22   16    61    0      230    0      [0,2,4] 	[1,3] 	[0,4,0,3,0]
23   44    93    0      230    0      [0,1] 	[3,4] 	[3,0,0,4,0]
24   4     46    0      230    0      [0,1,2,3] 	[0,2,3,4] 	[5,0,0,5,0]
25   4     24    0      230    0      [1,2] 	[0,2,3,4] 	[3,4,0,0,0]
26   41    49    0      204    10     [2] 	[] 	[0,1,0,0,0]
27   35    17    0      202    10     [0] 	[0,2] 	[1,0,0,1,0]
28   55    45    0      197    10     [3] 	[] 	[0,0,0,0,0]
29   55    20    149    159    10     [3] 	[2] 	[0,0,0,0,1]
30   15    30    0      199    10     [2] 	[0] 	[0,1,0,0,0]
31   25    30    0      208    10     [0] 	[0,2] 	[0,0,0,0,0]
32   20    50    0      198    10     [0] 	[0,2] 	[0,0,0,0,0]
33   10    43    95     105    10     [3] 	[] 	[0,0,0,1,0]
34   55    60    97     107    10     [4] 	[1,2] 	[0,0,0,0,0]
35   30    60    0      194    10     [4] 	[2] 	[0,0,0,0,0]
36   20    65    67     77     10     [3] 	[] 	[0,0,0,0,0]
37   50    35    0      205    10     [3] 	[] 	[0,0,0,0,1]
38   30    25    159    169    10     [0] 	[3] 	[0,0,0,0,0]
39   15    10    0      187    10     [4] 	[] 	[0,0,0,1,0]
40   30    5     61     71     10     [3] 	[0,2] 	[0,0,0,1,1]
41   10    20    0      190    10     [3] 	[0,4] 	[0,0,0,0,0]
42   5     30    0      189    10     [2] 	[0,3] 	[0,0,0,0,0]
43   20    40    0      204    10     [2] 	[0,3] 	[0,1,0,0,0]
44   15    60    0      187    10     [1] 	[4] 	[1,0,0,0,0]
45   45    65    0      188    10     [3] 	[2,4] 	[0,0,0,0,0]
46   45    20    0      201    10     [1] 	[2] 	[0,0,0,0,0]
47   45    10    0      193    10     [1] 	[3,4] 	[1,0,0,0,0]
48   55    5     68     78     10     [0] 	[] 	[1,0,0,0,0]
49   65    35    0      190    10     [3] 	[0,4] 	[0,0,0,1,1]
50   65    20    172    182    10     [1] 	[2,4] 	[0,0,0,0,0]
51   45    30    0      208    10     [2] 	[] 	[0,1,0,0,0]
52   35    40    0      215    10     [4] 	[] 	[0,0,0,1,0]
53   41    37    0      213    10     [0] 	[] 	[0,0,0,0,0]
54   64    42    0      190    10     [2] 	[0,2] 	[0,1,0,0,0]
55   40    60    0      194    10     [3] 	[] 	[0,0,0,0,1]
56   31    52    0      202    10     [0] 	[0,3] 	[0,0,0,0,0]
57   35    69    0      186    10     [0] 	[2,3] 	[1,0,0,0,0]
58   53    52    0      195    10     [4] 	[1,2] 	[0,0,0,1,0]
59   65    55    0      183    10     [2] 	[] 	[0,1,0,0,0]
60   63    65    0      178    10     [3] 	[] 	[0,0,0,1,1]
61   2     60    0      178    10     [0] 	[2,3] 	[0,0,0,0,0]
62   20    20    0      198    10     [0] 	[] 	[0,0,0,0,0]
63   5     5     83     93     10     [4] 	[1,2] 	[0,0,0,1,0]
64   60    12    0      186    10     [1] 	[3,4] 	[1,0,0,0,0]
65   40    25    0      208    10     [0] 	[0] 	[1,0,0,1,0]
66   42    7     0      191    10     [4] 	[2] 	[0,0,0,0,0]
67   24    12    0      194    10     [2] 	[2] 	[0,0,0,0,0]
68   23    3     0      185    10     [0] 	[0,3] 	[1,0,0,1,0]
69   11    14    69     79     10     [1] 	[] 	[1,0,0,0,0]
70   6     38    0      190    10     [1] 	[3,4] 	[0,0,0,0,0]
71   2     48    0      184    10     [0] 	[] 	[0,0,0,0,0]
72   8     56    0      185    10     [2] 	[] 	[0,1,0,0,0]
73   13    52    0      192    10     [4] 	[] 	[0,0,0,0,0]
74   6     68    0      176    10     [0] 	[0,3] 	[1,0,0,1,0]
75   47    47    0      203    10     [1] 	[3] 	[1,0,0,0,0]
76   49    58    0      193    10     [4] 	[2] 	[0,0,0,0,0]
77   27    43    0      208    10     [3] 	[] 	[0,0,0,1,1]
78   37    31    95     105    10     [3] 	[4] 	[0,0,0,1,1]
79   57    29    0      197    10     [1] 	[] 	[1,0,0,0,0]
80   63    23    136    146    10     [1] 	[2,4] 	[1,0,0,0,0]
81   53    12    0      190    10     [1] 	[] 	[1,0,0,0,0]
82   32    12    0      196    10     [3] 	[] 	[0,0,0,0,0]
83   36    26    200    210    10     [0] 	[0] 	[1,0,0,1,0]
84   21    24    0      202    10     [1] 	[2,3] 	[0,0,0,0,0]
85   17    34    0      201    10     [1] 	[] 	[1,0,0,0,0]
86   12    24    0      194    10     [3] 	[] 	[0,0,0,1,1]
87   24    58    58     68     10     [4] 	[1] 	[0,0,0,0,0]
88   27    69    0      185    10     [2] 	[2,3] 	[0,0,0,0,0]
89   15    77    0      173    10     [2] 	[0,2] 	[0,0,0,0,0]
90   62    77    0      170    10     [2] 	[2] 	[0,0,0,0,0]
91   49    73    0      179    10     [4] 	[] 	[0,0,0,0,0]
92   67    5     83     93     10     [4] 	[1] 	[0,0,0,1,0]
93   56    39    0      198    10     [2] 	[2] 	[0,0,0,0,0]
94   37    47    50     60     10     [3] 	[0,2] 	[0,0,0,0,1]
95   37    56    0      198    10     [2] 	[3] 	[0,1,0,0,0]
96   57    68    0      180    10     [3] 	[] 	[0,0,0,1,1]
97   47    16    0      197    10     [4] 	[] 	[0,0,0,1,0]
98   44    17    0      199    10     [2] 	[3] 	[0,1,0,0,0]
99   46    13    149    159    10     [1] 	[3,4] 	[1,0,0,0,0]
100  49    11    0      192    10     [1] 	[4] 	[1,0,0,0,0]
101  49    42    73     83     10     [2] 	[0] 	[0,0,0,0,0]
102  53    43    179    189    10     [4] 	[1,2] 	[0,0,0,1,0]
103  61    52    0      188    10     [4] 	[1,2] 	[0,0,0,1,0]
104  57    48    92     102    10     [3] 	[2,4] 	[0,0,0,1,0]
105  56    37    0      198    10     [0] 	[3] 	[0,0,0,1,0]
106  55    54    0      192    10     [1] 	[2,4] 	[0,0,0,0,0]
107  15    47    0      196    10     [1] 	[3,4] 	[0,0,0,0,0]
108  14    37    0      198    10     [3] 	[] 	[0,0,0,0,0]
109  11    31    101    111    10     [4] 	[] 	[0,0,0,1,0]
110  16    22    0      196    10     [0] 	[3] 	[1,0,0,0,0]
111  4     18    0      184    10     [4] 	[1] 	[0,0,0,1,0]
112  28    18    93     103    10     [1] 	[3] 	[1,0,0,0,0]
113  26    52    0      200    10     [3] 	[0,2] 	[0,0,0,1,0]
114  26    35    0      211    10     [1] 	[2] 	[0,0,0,0,0]
115  31    67    0      187    10     [0] 	[0,3] 	[1,0,0,1,0]
116  15    19    0      194    10     [3] 	[] 	[0,0,0,0,1]
117  22    22    18     28     10     [1] 	[] 	[1,0,0,0,0]
118  18    24    0      199    10     [1] 	[3] 	[1,0,0,0,0]
119  26    27    0      207    10     [3] 	[] 	[0,0,0,1,1]
120  25    24    0      205    10     [3] 	[2,4] 	[0,0,0,1,1]
121  22    27    0      204    10     [2] 	[2] 	[0,1,0,0,0]
122  25    21    0      202    10     [3] 	[2,4] 	[0,0,0,0,0]
123  19    21    0      198    10     [4] 	[1,2] 	[0,0,0,1,0]
124  20    26    83     93     10     [2] 	[2,3] 	[0,0,0,0,0]
125  18    18    185    195    10     [3] 	[] 	[0,0,0,0,0]
