R110.100_25-5-5-5

INFO
CREW COUNT  SKILLS  TOOLS   SPARE PARTS
25      5       5       5

DEPOT TECHNICIANS AND REQUESTS
ID   X     Y     TWS    TWE    Serv   SKILLS   TOOLS    SPARE PARTS
0    35    35    0      230    0      [] 	[] 	[]
1    43    1     0      230    0      [1,2] 	[0,1,3,4] 	[5,0,3,0,0]
2    52    43    0      230    0      [0,1,4] 	[4] 	[5,0,2,0,0]
3    19    96    0      230    0      [3,4] 	[0,2,3,4] 	[5,0,5,0,0]
4    28    13    0      230    0      [0,1,2,4] 	[1,2,3] 	[4,0,3,0,0]
5    7     47    0      230    0      [0,1,2,3] 	[0,1,2,3,4] 	[5,0,4,0,0]
6    7     91    0      230    0      [0,1] 	[1,2,4] 	[3,0,4,0,0]
7    31    95    0      230    0      [0,1,2,3] 	[0,1,2,3,4] 	[4,0,3,0,0]
8    40    43    0      230    0      [1,2,4] 	[4] 	[5,0,2,0,0]
9    71    67    0      230    0      [0,2,3,4] 	[0,2,3,4] 	[4,0,3,0,0]
10   83    77    0      230    0      [0,2,3] 	[2,3] 	[2,0,4,0,0]
11   83    32    0      230    0      [0,2,3,4] 	[0,2,3,4] 	[2,0,5,0,0]
12   76    97    0      230    0      [0,3] 	[0,2,3] 	[5,0,2,0,0]
13   92    61    0      230    0      [1,2,3] 	[2,4] 	[5,0,5,0,0]
14   82    60    0      230    0      [1,2,3,4] 	[0,1,2,3] 	[2,0,3,0,0]
15   89    87    0      230    0      [0,1,2,3] 	[2] 	[3,0,4,0,0]
16   30    41    0      230    0      [0,4] 	[2,3,4] 	[5,0,3,0,0]
17   53    80    0      230    0      [0,2,4] 	[0,2,3] 	[5,0,5,0,0]
18   89    48    0      230    0      [0,2,3,4] 	[4] 	[2,0,5,0,0]
19   80    8     0      230    0      [0,3] 	[2] 	[5,0,4,0,0]
20   83    40    0      230    0      [0,1,2,4] 	[0,1,2,4] 	[3,0,4,0,0]
21   27    64    0      230    0      [1,2,3,4] 	[1,2,4] 	[5,0,3,0,0]
22   96    29    0      230    0      [0,2,3,4] 	[0,2,3,4] 	[5,0,5,0,0]
23   66    10    0      230    0      [0,4] 	[2,3,4] 	[3,0,3,0,0]
24   36    92    0      230    0      [0,3] 	[0,3] 	[2,0,4,0,0]
25   8     19    0      230    0      [0,1,2,4] 	[0,1,2,3] 	[5,0,4,0,0]
26   41    49    130    201    10     [3] 	[0,3] 	[0,0,0,0,0]
27   35    17    20     89     10     [3] 	[] 	[1,0,0,0,0]
28   55    45    106    135    10     [1] 	[] 	[1,0,0,0,0]
29   55    20    71     195    10     [2] 	[0] 	[0,0,1,0,0]
30   15    30    20     107    10     [3] 	[2,3] 	[1,0,0,0,0]
31   25    30    54     153    10     [4] 	[] 	[1,0,1,0,0]
32   20    50    66     105    10     [3] 	[] 	[1,0,0,0,0]
33   10    43    61     138    10     [4] 	[] 	[1,0,1,0,0]
34   55    60    53     150    10     [0] 	[3] 	[1,0,1,0,0]
35   30    60    101    156    10     [0] 	[] 	[1,0,1,0,0]
36   20    65    33     152    10     [0] 	[] 	[0,0,0,0,0]
37   50    35    38     97     10     [1] 	[2] 	[0,0,0,0,0]
38   30    25    70     208    10     [3] 	[] 	[0,0,0,0,0]
39   15    10    32     137    10     [3] 	[3] 	[1,0,0,0,0]
40   30    5     30     154    10     [1] 	[1,4] 	[0,0,0,0,0]
41   10    20    54     105    10     [4] 	[4] 	[1,0,1,0,0]
42   5     30    51     189    10     [3] 	[] 	[1,0,0,0,0]
43   20    40    77     106    10     [0] 	[] 	[1,0,1,0,0]
44   15    60    53     108    10     [3] 	[] 	[0,0,0,0,0]
45   45    65    109    152    10     [4] 	[2,4] 	[1,0,1,0,0]
46   45    20    37     96     10     [1] 	[] 	[1,0,0,0,0]
47   45    10    59     144    10     [0] 	[2,3] 	[1,0,1,0,0]
48   55    5     36     155    10     [3] 	[2,3] 	[1,0,0,0,0]
49   65    35    118    190    10     [0] 	[2] 	[1,0,0,0,0]
50   65    20    47     186    10     [0] 	[] 	[0,0,1,0,0]
51   45    30    117    156    10     [0] 	[2] 	[0,0,0,0,0]
52   35    40    5      156    10     [0] 	[2] 	[0,0,0,0,0]
53   41    37    8      79     10     [3] 	[] 	[1,0,0,0,0]
54   64    42    37     98     10     [1] 	[1] 	[1,0,0,0,0]
55   40    60    28     123    10     [1] 	[2,4] 	[1,0,0,0,0]
56   31    52    24     85     10     [4] 	[] 	[1,0,1,0,0]
57   35    69    116    175    10     [3] 	[0,2] 	[1,0,0,0,0]
58   53    52    24     179    10     [0] 	[2] 	[0,0,0,0,0]
59   65    55    100    143    10     [3] 	[] 	[1,0,0,0,0]
60   63    65    50     178    10     [4] 	[2,4] 	[0,0,0,0,0]
61   2     60    41     178    10     [0] 	[] 	[1,0,0,0,0]
62   20    20    117    160    10     [3] 	[2] 	[1,0,0,0,0]
63   5     5     42     145    10     [1] 	[1,2] 	[0,0,0,0,0]
64   60    12    33     186    10     [1] 	[] 	[1,0,0,0,0]
65   40    25    51     128    10     [3] 	[3] 	[1,0,0,0,0]
66   42    7     44     159    10     [0] 	[] 	[0,0,0,0,0]
67   24    12    25     172    10     [3] 	[2,3] 	[0,0,0,0,0]
68   23    3     115    158    10     [2] 	[2] 	[0,0,0,0,0]
69   11    14    31     138    10     [4] 	[] 	[1,0,1,0,0]
70   6     38    29     189    10     [1] 	[] 	[1,0,0,0,0]
71   2     48    93     150    10     [2] 	[2] 	[0,0,1,0,0]
72   8     56    34     116    10     [3] 	[] 	[1,0,0,0,0]
73   13    52    125    192    10     [0] 	[3] 	[1,0,0,0,0]
74   6     68    93     132    10     [1] 	[2] 	[0,0,0,0,0]
75   47    47    105    152    10     [2] 	[] 	[0,0,1,0,0]
76   49    58    66     119    10     [4] 	[2,4] 	[0,0,0,0,0]
77   27    43    25     88     10     [1] 	[] 	[1,0,0,0,0]
78   37    31    62     137    10     [3] 	[] 	[1,0,0,0,0]
79   57    29    121    168    10     [1] 	[2,4] 	[1,0,0,0,0]
80   63    23    70     189    10     [3] 	[0,3] 	[1,0,0,0,0]
81   53    12    81     188    10     [0] 	[] 	[1,0,1,0,0]
82   32    12    78     133    10     [4] 	[] 	[0,0,1,0,0]
83   36    26    79     210    10     [0] 	[] 	[0,0,0,0,0]
84   21    24    17     123    10     [2] 	[] 	[0,0,0,0,0]
85   17    34    130    201    10     [4] 	[2] 	[1,0,1,0,0]
86   12    24    59     102    10     [4] 	[2,4] 	[1,0,1,0,0]
87   24    58    25     164    10     [2] 	[3] 	[0,0,1,0,0]
88   27    69    34     112    10     [0] 	[3] 	[0,0,1,0,0]
89   15    77    46     165    10     [1] 	[1] 	[1,0,0,0,0]
90   62    77    49     170    10     [4] 	[2] 	[0,0,1,0,0]
91   49    73    77     179    10     [2] 	[0] 	[0,0,0,0,0]
92   67    5     43     150    10     [4] 	[] 	[0,0,1,0,0]
93   56    39    82     198    10     [3] 	[] 	[1,0,0,0,0]
94   37    47    12     142    10     [1] 	[] 	[1,0,0,0,0]
95   37    56    21     198    10     [2] 	[] 	[0,0,0,0,0]
96   57    68    57     106    10     [1] 	[] 	[0,0,0,0,0]
97   47    16    22     110    10     [0] 	[2] 	[0,0,1,0,0]
98   44    17    60     105    10     [3] 	[3] 	[1,0,0,0,0]
99   46    13    73     195    10     [2] 	[2] 	[0,0,1,0,0]
100  49    11    46     101    10     [4] 	[2,4] 	[1,0,1,0,0]
101  49    42    36     119    10     [4] 	[] 	[1,0,1,0,0]
102  53    43    65     200    10     [0] 	[3] 	[1,0,1,0,0]
103  61    52    43     158    10     [2] 	[0] 	[0,0,1,0,0]
104  57    48    58     135    10     [1] 	[] 	[1,0,0,0,0]
105  56    37    69     198    10     [0] 	[2] 	[0,0,1,0,0]
106  55    54    87     110    10     [4] 	[4] 	[0,0,0,0,0]
107  15    47    28     91     10     [1] 	[4] 	[0,0,0,0,0]
108  14    37    21     97     10     [4] 	[2,4] 	[0,0,0,0,0]
109  11    31    68     143    10     [4] 	[2] 	[1,0,0,0,0]
110  16    22    74     117    10     [3] 	[0] 	[1,0,0,0,0]
111  4     18    79     118    10     [1] 	[] 	[1,0,0,0,0]
112  28    18    84     111    10     [0] 	[3] 	[1,0,1,0,0]
113  26    52    24     133    10     [4] 	[] 	[1,0,1,0,0]
114  26    35    128    211    10     [1] 	[1] 	[1,0,0,0,0]
115  31    67    76     123    10     [1] 	[] 	[0,0,0,0,0]
116  15    19    130    194    10     [4] 	[2] 	[0,0,0,0,0]
117  22    22    18     181    10     [0] 	[] 	[1,0,0,0,0]
118  18    24    41     199    10     [1] 	[] 	[1,0,0,0,0]
119  26    27    88     121    10     [0] 	[2] 	[1,0,0,0,0]
120  25    24    14     83     10     [1] 	[] 	[0,0,0,0,0]
121  22    27    119    160    10     [3] 	[2,3] 	[1,0,0,0,0]
122  25    21    122    153    10     [4] 	[2,4] 	[1,0,1,0,0]
123  19    21    32     93     10     [2] 	[0,2] 	[0,0,1,0,0]
124  20    26    38     137    10     [0] 	[2] 	[0,0,0,0,0]
125  18    18    28     195    10     [1] 	[1,4] 	[1,0,0,0,0]
