R209.100_25-5-5-5

INFO
CREW COUNT  SKILLS  TOOLS   SPARE PARTS
25      5       5       5

DEPOT TECHNICIANS AND REQUESTS
ID   X     Y     TWS    TWE    Serv   SKILLS   TOOLS    SPARE PARTS
0    35    35    0      1000   0      [] 	[] 	[]
1    92    35    0      1000   0      [0,1,2,4] 	[0,3,4] 	[0,0,0,2,2]
2    11    85    0      1000   0      [1,2] 	[1,2,3,4] 	[0,0,0,0,3]
3    76    53    0      1000   0      [0,2,3,4] 	[4] 	[0,0,0,2,5]
4    33    52    0      1000   0      [2,3] 	[1] 	[0,0,0,3,2]
5    17    54    0      1000   0      [0,3] 	[] 	[0,0,0,2,0]
6    63    55    0      1000   0      [1,3] 	[1] 	[0,0,0,4,2]
7    55    68    0      1000   0      [0,2,3] 	[0,1,2,3,4] 	[0,0,0,3,4]
8    27    58    0      1000   0      [0,3] 	[1,2,4] 	[0,0,0,5,0]
9    47    83    0      1000   0      [0,1,2,4] 	[0,1,4] 	[0,0,0,5,3]
10   18    97    0      1000   0      [0,2,3] 	[0,1,2,3] 	[0,0,0,2,5]
11   7     17    0      1000   0      [0,1,3] 	[0,4] 	[0,0,0,4,3]
12   88    73    0      1000   0      [0,1] 	[0,2,3,4] 	[0,0,0,5,4]
13   1     62    0      1000   0      [2,4] 	[2,3] 	[0,0,0,4,4]
14   72    9     0      1000   0      [0,1,4] 	[0,1] 	[0,0,0,4,3]
15   59    85    0      1000   0      [0,4] 	[0,2,3] 	[0,0,0,4,5]
16   46    41    0      1000   0      [2,3,4] 	[3,4] 	[0,0,0,2,2]
17   98    95    0      1000   0      [1,2,3,4] 	[1,2] 	[0,0,0,5,3]
18   17    80    0      1000   0      [0,1,2,3] 	[0,1,4] 	[0,0,0,2,4]
19   21    75    0      1000   0      [0,2] 	[2,3] 	[0,0,0,3,5]
20   87    95    0      1000   0      [1,2,3,4] 	[1,2,3] 	[0,0,0,5,5]
21   85    86    0      1000   0      [0,2] 	[0,1,3] 	[0,0,0,3,5]
22   95    12    0      1000   0      [0,4] 	[2] 	[0,0,0,5,5]
23   18    90    0      1000   0      [0,1,3] 	[3] 	[0,0,0,3,2]
24   70    0     0      1000   0      [0,3,4] 	[] 	[0,0,0,5,2]
25   66    87    0      1000   0      [0,1,2,3] 	[0,1,3,4] 	[0,0,0,5,2]
26   41    49    636    919    10     [1] 	[1,3] 	[0,0,0,0,0]
27   35    17    74     351    10     [3] 	[] 	[0,0,0,1,0]
28   55    45    498    613    10     [2] 	[3] 	[0,0,0,0,1]
29   55    20    470    965    10     [0] 	[0,2] 	[0,0,0,1,0]
30   15    30    20     370    10     [3] 	[] 	[0,0,0,0,0]
31   25    30    266    663    10     [1] 	[1,4] 	[0,0,0,0,0]
32   20    50    292    449    10     [0] 	[0,2] 	[0,0,0,1,0]
33   10    43    288    597    10     [2] 	[1,3] 	[0,0,0,0,1]
34   55    60    254    643    10     [0] 	[0,2] 	[0,0,0,1,0]
35   30    60    496    713    10     [1] 	[] 	[0,0,0,0,1]
36   20    65    33     510    10     [4] 	[3] 	[0,0,0,1,1]
37   50    35    170    403    10     [1] 	[4] 	[0,0,0,0,0]
38   30    25    426    978    10     [2] 	[3] 	[0,0,0,0,0]
39   15    10    32     454    10     [1] 	[1,3] 	[0,0,0,0,0]
40   30    5     30     529    10     [0] 	[0,2] 	[0,0,0,1,0]
41   10    20    222    423    10     [1] 	[] 	[0,0,0,0,1]
42   5     30    409    959    10     [0] 	[0,2] 	[0,0,0,1,0]
43   20    40    349    462    10     [4] 	[2,3] 	[0,0,0,1,0]
44   15    60    215    432    10     [0] 	[0] 	[0,0,0,0,0]
45   45    65    538    709    10     [0] 	[0,2] 	[0,0,0,0,0]
46   45    20    156    389    10     [2] 	[1,3] 	[0,0,0,0,1]
47   45    10    280    623    10     [0] 	[0,2] 	[0,0,0,0,0]
48   55    5     36     513    10     [1] 	[1,4] 	[0,0,0,0,1]
49   65    35    633    918    10     [3] 	[] 	[0,0,0,1,0]
50   65    20    400    956    10     [0] 	[0] 	[0,0,0,0,0]
51   45    30    548    707    10     [2] 	[] 	[0,0,0,0,1]
52   35    40    5      612    10     [1] 	[3] 	[0,0,0,0,1]
53   41    37    44     325    10     [0] 	[0] 	[0,0,0,1,0]
54   64    42    129    374    10     [2] 	[] 	[0,0,0,0,1]
55   40    60    115    498    10     [1] 	[3] 	[0,0,0,0,1]
56   31    52    91     336    10     [4] 	[] 	[0,0,0,0,0]
57   35    69    602    835    10     [2] 	[] 	[0,0,0,0,1]
58   53    52    24     646    10     [0] 	[0,2] 	[0,0,0,0,0]
59   65    55    487    656    10     [1] 	[] 	[0,0,0,0,0]
60   63    65    439    948    10     [0] 	[0] 	[0,0,0,0,0]
61   2     60    41     710    10     [2] 	[] 	[0,0,0,0,0]
62   20    20    563    736    10     [1] 	[1,3] 	[0,0,0,0,1]
63   5     5     147    560    10     [3] 	[0,1] 	[0,0,0,0,0]
64   60    12    33     797    10     [1] 	[1,4] 	[0,0,0,0,1]
65   40    25    243    554    10     [3] 	[] 	[0,0,0,1,0]
66   42    7     225    682    10     [2] 	[] 	[0,0,0,0,1]
67   24    12    25     616    10     [2] 	[] 	[0,0,0,0,0]
68   23    3     578    747    10     [1] 	[3] 	[0,0,0,0,1]
69   11    14    72     501    10     [3] 	[0] 	[0,0,0,0,0]
70   6     38    29     669    10     [0] 	[] 	[0,0,0,0,0]
71   2     48    458    685    10     [3] 	[0] 	[0,0,0,0,0]
72   8     56    34     362    10     [2] 	[2] 	[0,0,0,0,1]
73   13    52    694    962    10     [0] 	[0] 	[0,0,0,1,0]
74   6     68    444    597    10     [4] 	[2] 	[0,0,0,0,0]
75   47    47    499    690    10     [1] 	[] 	[0,0,0,0,0]
76   49    58    296    505    10     [0] 	[2] 	[0,0,0,1,0]
77   27    43    111    362    10     [3] 	[0,1] 	[0,0,0,1,0]
78   37    31    301    602    10     [2] 	[] 	[0,0,0,0,1]
79   57    29    595    780    10     [2] 	[] 	[0,0,0,0,0]
80   63    23    442    917    10     [1] 	[1,3] 	[0,0,0,0,1]
81   53    12    426    851    10     [1] 	[] 	[0,0,0,0,0]
82   32    12    366    585    10     [3] 	[0,4] 	[0,0,0,1,0]
83   36    26    458    980    10     [1] 	[1,4] 	[0,0,0,0,0]
84   21    24    17     441    10     [3] 	[1,4] 	[0,0,0,0,0]
85   17    34    651    932    10     [2] 	[] 	[0,0,0,0,1]
86   12    24    246    421    10     [0] 	[] 	[0,0,0,0,0]
87   24    58    25     583    10     [4] 	[3] 	[0,0,0,1,1]
88   27    69    34     348    10     [0] 	[2] 	[0,0,0,1,0]
89   15    77    46     523    10     [0] 	[] 	[0,0,0,1,0]
90   62    77    49     608    10     [4] 	[2,3] 	[0,0,0,1,0]
91   49    73    440    845    10     [2] 	[] 	[0,0,0,0,1]
92   67    5     132    563    10     [3] 	[1,4] 	[0,0,0,0,0]
93   56    39    464    925    10     [2] 	[3] 	[0,0,0,0,1]
94   37    47    12     535    10     [3] 	[0,4] 	[0,0,0,1,0]
95   37    56    249    968    10     [4] 	[2,3] 	[0,0,0,0,0]
96   57    68    218    417    10     [4] 	[2,3] 	[0,0,0,0,0]
97   47    16    22     377    10     [1] 	[3] 	[0,0,0,0,0]
98   44    17    263    444    10     [2] 	[] 	[0,0,0,0,0]
99   46    13    479    965    10     [4] 	[2,3] 	[0,0,0,0,0]
100  49    11    182    399    10     [2] 	[] 	[0,0,0,0,1]
101  49    42    166    497    10     [2] 	[] 	[0,0,0,0,1]
102  53    43    430    970    10     [1] 	[1,3] 	[0,0,0,0,0]
103  61    52    212    671    10     [2] 	[] 	[0,0,0,0,0]
104  57    48    273    580    10     [0] 	[] 	[0,0,0,1,0]
105  56    37    452    968    10     [1] 	[1,3] 	[0,0,0,0,1]
106  55    54    388    479    10     [4] 	[] 	[0,0,0,1,1]
107  15    47    99     352    10     [3] 	[] 	[0,0,0,1,0]
108  14    37    21     328    10     [4] 	[] 	[0,0,0,0,1]
109  11    31    323    624    10     [1] 	[] 	[0,0,0,0,1]
110  16    22    333    504    10     [2] 	[1] 	[0,0,0,0,1]
111  4     18    350    503    10     [0] 	[2] 	[0,0,0,1,0]
112  28    18    380    487    10     [2] 	[] 	[0,0,0,0,1]
113  26    52    114    553    10     [0] 	[0,2] 	[0,0,0,0,0]
114  26    35    649    981    10     [2] 	[1,2] 	[0,0,0,0,1]
115  31    67    345    534    10     [2] 	[] 	[0,0,0,0,0]
116  15    19    675    930    10     [1] 	[1,4] 	[0,0,0,0,1]
117  22    22    18     673    10     [0] 	[0] 	[0,0,0,1,0]
118  18    24    339    969    10     [1] 	[1,4] 	[0,0,0,0,1]
119  26    27    403    536    10     [0] 	[0,2] 	[0,0,0,1,0]
120  25    24    22     301    10     [3] 	[1] 	[0,0,0,1,0]
121  22    27    565    732    10     [3] 	[] 	[0,0,0,1,0]
122  25    21    582    703    10     [1] 	[] 	[0,0,0,0,1]
123  19    21    122    367    10     [2] 	[] 	[0,0,0,0,1]
124  20    26    185    580    10     [3] 	[0,1] 	[0,0,0,0,0]
125  18    18    297    965    10     [3] 	[1,4] 	[0,0,0,1,0]
