RC108.100_25-5-5-5

INFO
CREW COUNT  SKILLS  TOOLS   SPARE PARTS
25      5       5       5

DEPOT TECHNICIANS AND REQUESTS
ID   X     Y     TWS    TWE    Serv   SKILLS   TOOLS    SPARE PARTS
0    40    50    0      240    0      [] 	[] 	[]
1    21    66    0      240    0      [0,2,4] 	[2,4] 	[3,0,4,4,2]
2    33    22    0      240    0      [0,1,3,4] 	[1,4] 	[3,0,2,2,0]
3    74    61    0      240    0      [0,4] 	[0,1,2] 	[3,0,4,3,0]
4    49    32    0      240    0      [0,1,3] 	[0,1,2,4] 	[0,4,0,3,4]
5    1     83    0      240    0      [0,4] 	[1,2] 	[0,0,5,3,0]
6    40    72    0      240    0      [0,1,3,4] 	[] 	[5,0,2,4,0]
7    0     97    0      240    0      [1,2,3,4] 	[0,1,2,4] 	[4,0,4,2,0]
8    54    3     0      240    0      [2,4] 	[0,2,4] 	[0,0,4,0,2]
9    8     91    0      240    0      [0,1,2,4] 	[] 	[2,0,0,0,3]
10   50    11    0      240    0      [0,1,2,3] 	[0,2,4] 	[0,2,0,4,5]
11   86    78    0      240    0      [0,1,2,3] 	[0,1,2,4] 	[0,4,0,5,5]
12   51    67    0      240    0      [2,4] 	[] 	[5,0,4,0,4]
13   79    88    0      240    0      [1,2] 	[1,2,4] 	[0,0,0,2,3]
14   91    37    0      240    0      [0,4] 	[] 	[5,0,0,3,0]
15   42    63    0      240    0      [1,4] 	[0,1,2,4] 	[4,0,4,2,0]
16   88    17    0      240    0      [0,2,4] 	[0,1,2] 	[0,0,2,2,0]
17   78    10    0      240    0      [0,2,3,4] 	[0,1,2,4] 	[3,5,2,0,0]
18   20    44    0      240    0      [0,1] 	[] 	[0,0,0,5,0]
19   12    0     0      240    0      [0,2,4] 	[2] 	[0,0,2,3,0]
20   94    40    0      240    0      [0,1] 	[1] 	[0,0,0,5,0]
21   10    31    0      240    0      [1,2] 	[1,2,4] 	[0,0,0,3,5]
22   43    95    0      240    0      [1,3,4] 	[0,1,2,4] 	[5,2,4,3,3]
23   97    53    0      240    0      [0,4] 	[0,1,2] 	[2,0,5,2,0]
24   45    74    0      240    0      [0,1,3,4] 	[0,2] 	[4,5,4,5,3]
25   13    54    0      240    0      [0,1,3,4] 	[0] 	[2,0,0,3,5]
26   25    85    49     191    10     [2] 	[] 	[0,0,0,0,0]
27   22    75    30     168    10     [2] 	[] 	[0,0,0,0,1]
28   22    85    95     152    10     [0] 	[1] 	[0,0,0,1,0]
29   20    80    69     193    10     [3] 	[] 	[0,0,0,0,1]
30   20    85    40     189    10     [2] 	[] 	[0,0,0,0,1]
31   18    75    60     159    10     [4] 	[] 	[0,0,0,0,0]
32   15    75    54     133    10     [2] 	[2] 	[0,0,0,0,0]
33   15    80    67     144    10     [4] 	[] 	[1,0,1,0,0]
34   10    35    57     154    10     [1] 	[1] 	[0,0,0,0,0]
35   10    40    106    161    10     [1] 	[] 	[0,0,0,1,0]
36   8     40    33     152    10     [0] 	[] 	[0,0,0,0,0]
37   8     45    32     148    10     [2] 	[] 	[0,0,0,0,1]
38   5     35    53     191    10     [0] 	[2] 	[0,0,0,0,0]
39   5     45    35     194    10     [4] 	[2] 	[1,0,0,0,0]
40   2     40    39     163    10     [4] 	[2] 	[0,0,0,0,0]
41   0     40    41     141    10     [3] 	[1,4] 	[0,0,0,0,0]
42   0     45    51     189    10     [2] 	[4] 	[0,0,0,0,1]
43   44    5     73     130    10     [1] 	[1] 	[0,0,0,1,0]
44   42    10    40     148    10     [2] 	[] 	[0,0,0,0,0]
45   42    15    94     179    10     [1] 	[] 	[0,0,0,1,0]
46   40    5     45     161    10     [2] 	[2,4] 	[0,0,0,0,1]
47   40    15    64     149    10     [4] 	[] 	[1,0,1,0,0]
48   38    5     45     164    10     [2] 	[4] 	[0,0,0,0,1]
49   38    15    51     194    10     [1] 	[] 	[0,0,0,1,0]
50   35    5     45     183    10     [4] 	[] 	[1,0,0,0,0]
51   95    30    90     169    10     [4] 	[0] 	[1,0,0,0,0]
52   95    35    57     172    10     [3] 	[] 	[0,1,0,0,1]
53   92    30    55     174    10     [0] 	[2] 	[0,0,0,1,0]
54   90    35    52     174    10     [0] 	[1] 	[0,0,0,1,0]
55   88    30    52     147    10     [1] 	[1,4] 	[0,0,0,0,0]
56   88    35    50     172    10     [1] 	[1,4] 	[0,0,0,1,0]
57   87    30    61     178    10     [0] 	[] 	[0,0,0,1,0]
58   85    25    51     178    10     [1] 	[1,4] 	[0,0,0,1,0]
59   85    35    83     168    10     [3] 	[] 	[0,0,0,0,0]
60   67    85    57     185    10     [0] 	[2] 	[0,0,0,1,0]
61   65    85    43     186    10     [2] 	[2,4] 	[0,0,0,0,1]
62   65    82    95     182    10     [3] 	[1] 	[0,1,0,0,0]
63   62    80    38     141    10     [4] 	[] 	[0,0,1,0,0]
64   60    80    36     193    10     [1] 	[1] 	[0,0,0,1,0]
65   60    85    61     138    10     [2] 	[2] 	[0,0,0,0,0]
66   58    75    49     164    10     [3] 	[4] 	[0,1,0,0,1]
67   55    80    33     180    10     [0] 	[] 	[0,0,0,1,0]
68   55    85    100    185    10     [0] 	[2] 	[0,0,0,1,0]
69   55    82    35     142    10     [4] 	[] 	[0,0,0,0,0]
70   20    82    37     192    10     [3] 	[] 	[0,1,0,0,1]
71   18    80    71     184    10     [3] 	[0,1] 	[0,0,0,0,0]
72   2     45    38     191    10     [2] 	[2,4] 	[0,0,0,0,1]
73   42    5     50     184    10     [0] 	[] 	[0,0,0,1,0]
74   42    12    99     138    10     [4] 	[] 	[1,0,1,0,0]
75   72    35    83     178    10     [3] 	[0,1] 	[0,1,0,0,1]
76   55    20    45     150    10     [1] 	[1,4] 	[0,0,0,1,0]
77   25    30    25     150    10     [4] 	[0] 	[1,0,1,0,0]
78   20    50    68     143    10     [4] 	[0,2] 	[0,0,0,0,0]
79   55    60    107    200    10     [2] 	[2] 	[0,0,0,0,0]
80   30    60    95     214    10     [3] 	[] 	[0,0,0,0,0]
81   50    35    91     198    10     [1] 	[4] 	[0,0,0,0,0]
82   30    25    56     165    10     [1] 	[1,4] 	[0,0,0,1,0]
83   15    10    51     182    10     [0] 	[] 	[0,0,0,1,0]
84   10    20    42     187    10     [4] 	[2] 	[1,0,0,0,0]
85   15    60    62     203    10     [2] 	[2,4] 	[0,0,0,0,0]
86   45    65    37     124    10     [2] 	[] 	[0,0,0,0,1]
87   65    35    29     168    10     [3] 	[] 	[0,0,0,0,0]
88   65    20    39     190    10     [3] 	[] 	[0,1,0,0,1]
89   45    30    20     139    10     [4] 	[0,2] 	[1,0,1,0,0]
90   35    40    11     150    10     [3] 	[0] 	[0,0,0,0,1]
91   41    37    97     198    10     [3] 	[1,4] 	[0,1,0,0,0]
92   64    42    31     138    10     [1] 	[] 	[0,0,0,0,0]
93   40    60    101    216    10     [3] 	[] 	[0,1,0,0,1]
94   31    52    9      139    10     [3] 	[] 	[0,0,0,0,0]
95   35    69    30     210    10     [1] 	[] 	[0,0,0,0,0]
96   65    55    30     129    10     [0] 	[2] 	[0,0,0,1,0]
97   63    65    27     202    10     [4] 	[0,2] 	[1,0,0,0,0]
98   2     60    46     137    10     [0] 	[1] 	[0,0,0,1,0]
99   20    20    71     193    10     [3] 	[4] 	[0,1,0,0,0]
100  5     5     57     165    10     [3] 	[] 	[0,1,0,0,1]
101  60    12    48     131    10     [2] 	[] 	[0,0,0,0,0]
102  23    3     49     180    10     [1] 	[1,4] 	[0,0,0,0,0]
103  8     56    47     162    10     [2] 	[4] 	[0,0,0,0,1]
104  6     68    65     142    10     [4] 	[] 	[1,0,0,0,0]
105  47    47    93     222    10     [1] 	[4] 	[0,0,0,1,0]
106  49    58    78     123    10     [0] 	[2] 	[0,0,0,0,0]
107  27    43    14     140    10     [4] 	[] 	[1,0,0,0,0]
108  37    31    19     172    10     [2] 	[] 	[0,0,0,0,1]
109  57    29    73     148    10     [3] 	[] 	[0,1,0,0,1]
110  63    23    59     144    10     [2] 	[2,4] 	[0,0,0,0,1]
111  21    24    63     140    10     [2] 	[4] 	[0,0,0,0,0]
112  12    24    91     118    10     [0] 	[1,2] 	[0,0,0,1,0]
113  24    58    27     136    10     [0] 	[] 	[0,0,0,1,0]
114  67    5     52     177    10     [3] 	[1,4] 	[0,1,0,0,1]
115  37    47    53     148    10     [0] 	[1] 	[0,0,0,1,0]
116  49    42    89     217    10     [1] 	[1,4] 	[0,0,0,1,0]
117  53    43    14     177    10     [4] 	[] 	[1,0,0,0,0]
118  61    52    50     208    10     [3] 	[1,4] 	[0,1,0,0,1]
119  57    48    76     143    10     [0] 	[] 	[0,0,0,0,0]
120  56    37    20     159    10     [0] 	[] 	[0,0,0,1,0]
121  55    54    105    188    10     [4] 	[] 	[1,0,1,0,0]
122  4     18    104    165    10     [3] 	[4] 	[0,1,0,0,1]
123  26    52    14     136    10     [0] 	[] 	[0,0,0,1,0]
124  26    35    42     141    10     [0] 	[1,2] 	[0,0,0,0,0]
125  31    67    43     210    10     [1] 	[] 	[0,0,0,1,0]
