RC103.100_25-5-5-5

INFO
CREW COUNT  SKILLS  TOOLS   SPARE PARTS
25      5       5       5

DEPOT TECHNICIANS AND REQUESTS
ID   X     Y     TWS    TWE    Serv   SKILLS   TOOLS    SPARE PARTS
0    40    50    0      240    0      [] 	[] 	[]
1    65    88    0      240    0      [1,2] 	[0,2,3] 	[0,0,0,4,5]
2    64    56    0      240    0      [2,3] 	[] 	[3,0,0,3,3]
3    70    2     0      240    0      [0,3,4] 	[0,1,2,3] 	[2,3,3,0,3]
4    52    70    0      240    0      [0,1] 	[1,2,3,4] 	[5,0,0,0,2]
5    6     94    0      240    0      [0,1,2,4] 	[0,1,2,3,4] 	[5,0,4,5,2]
6    19    57    0      240    0      [2,3,4] 	[0,1,2,4] 	[5,0,0,5,4]
7    73    16    0      240    0      [0,2,3,4] 	[] 	[3,3,2,2,2]
8    70    42    0      240    0      [0,2,3,4] 	[0,1,3,4] 	[4,3,0,4,4]
9    16    61    0      240    0      [1,2,3,4] 	[] 	[5,0,0,2,5]
10   77    39    0      240    0      [2,3] 	[0] 	[3,0,0,2,3]
11   18    68    0      240    0      [0,1,2,4] 	[0,2,4] 	[5,3,0,0,0]
12   69    36    0      240    0      [0,2,3,4] 	[0,3] 	[0,0,2,4,0]
13   23    35    0      240    0      [2,3] 	[1,3] 	[2,0,0,4,3]
14   7     56    0      240    0      [1,3,4] 	[] 	[5,0,0,0,3]
15   31    49    0      240    0      [2,4] 	[] 	[2,0,0,5,0]
16   96    74    0      240    0      [1,2,4] 	[1,2,3,4] 	[3,0,0,0,2]
17   78    5     0      240    0      [1,2,3,4] 	[1,2,3] 	[5,0,0,4,2]
18   37    45    0      240    0      [0,3] 	[1,3] 	[3,2,3,0,4]
19   79    30    0      240    0      [1,2] 	[] 	[5,0,0,2,4]
20   18    6     0      240    0      [0,2] 	[0,1,2,3,4] 	[0,3,3,5,0]
21   69    74    0      240    0      [0,1,2] 	[0,1] 	[4,4,2,2,2]
22   42    54    0      240    0      [0,3,4] 	[] 	[3,4,3,0,2]
23   88    33    0      240    0      [0,2,4] 	[1,3,4] 	[2,4,0,0,0]
24   10    76    0      240    0      [0,1,2,4] 	[] 	[5,4,5,5,0]
25   94    33    0      240    0      [0,2,3] 	[0,1,2,3,4] 	[0,2,4,0,0]
26   25    85    0      191    10     [0] 	[3] 	[0,0,1,0,0]
27   22    75    0      199    10     [1] 	[] 	[0,0,0,0,0]
28   22    85    0      190    10     [0] 	[1,3] 	[0,0,0,0,0]
29   20    80    141    171    10     [0] 	[3,4] 	[0,0,1,0,0]
30   20    85    0      189    10     [2] 	[2,3] 	[0,0,0,1,0]
31   18    75    95     125    10     [4] 	[] 	[1,0,0,0,0]
32   15    75    0      194    10     [0] 	[] 	[0,0,0,0,0]
33   15    80    91     121    10     [1] 	[] 	[0,0,0,0,0]
34   10    35    91     121    10     [0] 	[] 	[0,1,1,0,0]
35   10    40    119    149    10     [0] 	[] 	[0,0,0,0,0]
36   8     40    59     89     10     [0] 	[4] 	[0,1,1,0,0]
37   8     45    0      197    10     [1] 	[2,3] 	[0,0,0,0,1]
38   5     35    142    172    10     [3] 	[] 	[1,0,0,0,0]
39   5     45    0      194    10     [2] 	[0,2] 	[0,0,0,1,0]
40   2     40    58     88     10     [2] 	[] 	[0,0,0,1,0]
41   0     40    0      188    10     [3] 	[1] 	[1,0,0,0,1]
42   0     45    149    179    10     [1] 	[] 	[1,0,0,0,1]
43   44    5     0      184    10     [3] 	[2,3] 	[1,0,0,0,0]
44   42    10    0      189    10     [3] 	[1] 	[1,0,0,0,0]
45   42    15    0      194    10     [0] 	[3] 	[0,1,1,0,0]
46   40    5     0      185    10     [2] 	[2,3] 	[0,0,0,1,0]
47   40    15    92     122    10     [0] 	[] 	[0,0,0,0,0]
48   38    5     65     95     10     [1] 	[2,3] 	[1,0,0,0,1]
49   38    15    0      194    10     [1] 	[2,3] 	[0,0,0,0,0]
50   35    5     154    184    10     [0] 	[] 	[0,0,0,0,0]
51   95    30    0      171    10     [3] 	[1] 	[0,0,0,0,0]
52   95    35    62     92     10     [3] 	[] 	[1,0,0,0,0]
53   92    30    0      174    10     [1] 	[2,3] 	[0,0,0,0,0]
54   90    35    0      177    10     [1] 	[] 	[1,0,0,0,0]
55   88    30    74     104    10     [3] 	[2] 	[1,0,0,0,0]
56   88    35    0      179    10     [1] 	[3] 	[1,0,0,0,1]
57   87    30    0      178    10     [4] 	[0,1] 	[1,0,0,0,0]
58   85    25    51     81     10     [0] 	[] 	[0,0,1,0,0]
59   85    35    0      182    10     [0] 	[3] 	[0,0,0,0,0]
60   67    85    139    169    10     [3] 	[1] 	[0,0,0,0,1]
61   65    85    43     73     10     [4] 	[] 	[1,0,0,0,0]
62   65    82    0      189    10     [4] 	[] 	[1,0,0,0,0]
63   62    80    75     105    10     [2] 	[0,2] 	[0,0,0,1,0]
64   60    80    37     67     10     [0] 	[] 	[0,1,0,0,0]
65   60    85    85     115    10     [0] 	[1,4] 	[0,0,0,0,0]
66   58    75    92     122    10     [1] 	[2,3] 	[0,0,0,0,0]
67   55    80    33     63     10     [2] 	[2] 	[0,0,0,0,0]
68   55    85    0      191    10     [4] 	[1,4] 	[1,0,0,0,0]
69   55    82    64     94     10     [0] 	[3,4] 	[0,0,0,0,0]
70   20    82    37     67     10     [4] 	[1] 	[1,0,0,0,0]
71   18    80    0      192    10     [3] 	[1,3] 	[1,0,0,0,1]
72   2     45    0      191    10     [2] 	[2] 	[0,0,0,1,0]
73   42    5     0      184    10     [2] 	[2] 	[0,0,0,1,0]
74   42    12    104    134    10     [4] 	[1] 	[1,0,0,0,0]
75   72    35    0      194    10     [1] 	[] 	[1,0,0,0,1]
76   55    20    0      196    10     [3] 	[2,3] 	[0,0,0,0,1]
77   25    30    0      205    10     [0] 	[] 	[0,1,0,0,0]
78   20    50    91     121    10     [1] 	[2] 	[1,0,0,0,1]
79   55    60    0      211    10     [0] 	[] 	[0,1,1,0,0]
80   30    60    140    170    10     [2] 	[] 	[0,0,0,0,0]
81   50    35    130    160    10     [0] 	[3,4] 	[0,0,0,0,0]
82   30    25    0      203    10     [2] 	[0,3] 	[0,0,0,0,0]
83   15    10    152    182    10     [3] 	[] 	[1,0,0,0,1]
84   10    20    0      187    10     [0] 	[] 	[0,0,0,0,0]
85   15    60    0      203    10     [3] 	[2,3] 	[1,0,0,0,1]
86   45    65    0      214    10     [3] 	[2,3] 	[1,0,0,0,1]
87   65    35    52     82     10     [0] 	[3,4] 	[0,0,1,0,0]
88   65    20    0      190    10     [4] 	[1,4] 	[0,0,0,0,0]
89   45    30    53     83     10     [1] 	[2,3] 	[1,0,0,0,1]
90   35    40    11     41     10     [4] 	[0,4] 	[1,0,0,0,0]
91   41    37    133    163    10     [3] 	[1] 	[0,0,0,0,0]
92   64    42    70     100    10     [3] 	[2,3] 	[1,0,0,0,1]
93   40    60    144    174    10     [3] 	[2,3] 	[1,0,0,0,0]
94   31    52    41     71     10     [3] 	[2] 	[1,0,0,0,1]
95   35    69    180    210    10     [2] 	[3] 	[0,0,0,0,0]
96   65    55    0      204    10     [4] 	[0,4] 	[1,0,0,0,0]
97   63    65    0      202    10     [3] 	[1] 	[1,0,0,0,0]
98   2     60    0      190    10     [1] 	[2,3] 	[0,0,0,0,0]
99   20    20    141    171    10     [0] 	[3] 	[0,1,1,0,0]
100  5     5     0      172    10     [0] 	[] 	[0,0,0,0,0]
101  60    12    75     105    10     [0] 	[3] 	[0,0,1,0,0]
102  23    3     150    180    10     [3] 	[1,2] 	[1,0,0,0,1]
103  8     56    90     120    10     [0] 	[1] 	[0,1,1,0,0]
104  6     68    89     119    10     [2] 	[] 	[0,0,0,1,0]
105  47    47    192    222    10     [2] 	[2] 	[0,0,0,1,0]
106  49    58    0      217    10     [1] 	[] 	[1,0,0,0,0]
107  27    43    0      215    10     [2] 	[] 	[0,0,0,1,0]
108  37    31    0      210    10     [3] 	[1,3] 	[0,0,0,0,0]
109  57    29    96     126    10     [3] 	[] 	[1,0,0,0,1]
110  63    23    0      194    10     [3] 	[1,3] 	[0,0,0,0,0]
111  21    24    0      197    10     [0] 	[3] 	[0,0,0,0,0]
112  12    24    90     120    10     [2] 	[3] 	[0,0,0,0,0]
113  24    58    67     97     10     [1] 	[] 	[1,0,0,0,1]
114  67    5     0      177    10     [1] 	[2] 	[0,0,0,0,0]
115  37    47    0      225    10     [2] 	[0,2] 	[0,0,0,1,0]
116  49    42    0      217    10     [3] 	[1] 	[0,0,0,0,0]
117  53    43    14     44     10     [3] 	[3] 	[0,0,0,0,0]
118  61    52    178    208    10     [4] 	[] 	[0,0,0,0,0]
119  57    48    0      212    10     [3] 	[1] 	[0,0,0,0,0]
120  56    37    0      209    10     [1] 	[2] 	[0,0,0,0,1]
121  55    54    0      214    10     [2] 	[2] 	[0,0,0,1,0]
122  4     18    0      181    10     [3] 	[] 	[1,0,0,0,1]
123  26    52    0      215    10     [2] 	[] 	[0,0,0,0,0]
124  26    35    77     107    10     [0] 	[3,4] 	[0,1,1,0,0]
125  31    67    180    210    10     [4] 	[0] 	[1,0,0,0,0]
