20
1    0.9556    0.3723  12 20
2    0.7078    0.1648  2 10
3    0.2898     0.392  22 30
4   0.01859    0.4288  2 10
5    0.3463    0.4836  22 30
6    0.6144    0.3772  22 30
7    0.2019    0.8241  22 30
8    0.9793    0.8766  12 20
9    0.2112    0.2983  12 20
10    0.2159    0.8183  22 30
11    0.2796    0.8949  12 20
12     0.475   0.02603  22 30
13    0.6207   0.05588  12 20
14      0.28    0.5161  12 20
15    0.2435    0.9913  22 30
16    0.3551   0.02298  2 10
17    0.8944    0.5374  12 20
18    0.6513     0.464  12 20
19   0.01593    0.6209  12 20
20    0.6391     0.887  2 10
 The overall mean of the demand for this small instance is 17.5
Locations for this instance are r