20
1    0.3911    0.9981  2 14
2    0.5396    0.2394  12 24
3    0.3725    0.3039  22 34
4    0.5852    0.9706  12 24
5    0.1389    0.8816  12 24
6    0.3531    0.6353  12 24
7    0.3254     0.854  12 24
8    0.7729    0.7374  12 24
9    0.3022     0.515  12 24
10    0.5739     0.744  22 34
11    0.1207     0.845  2 14
12    0.3218    0.3773  22 34
13    0.3828    0.0412  2 14
14    0.6508    0.2253  12 24
15    0.2939   0.02518  22 34
16    0.8566    0.9311  22 34
17    0.7285    0.1972  2 14
18    0.7708    0.9376  12 24
19    0.6192    0.2478  12 24
20    0.7121    0.1623  12 24
 The overall mean of the demand for this small instance is 18.5
Locations for this instance are r