20
1    0.7326    0.8681  1 7
2    0.2331    0.7248  6 12
3    0.4413    0.2786  11 17
4     0.773   0.04779  11 17
5    0.1214    0.3694  11 17
6    0.2013    0.4772  6 12
7    0.1708    0.9511  1 7
8    0.6882    0.9674  6 12
9    0.6152    0.1965  1 7
10    0.6056    0.7107  6 12
11    0.2833    0.6281  11 17
12    0.6213   0.03647  1 7
13    0.2062    0.9624  6 12
14   0.07275    0.1322  6 12
15    0.2167    0.6358  1 7
16    0.5339    0.5866  6 12
17    0.2735    0.1891  1 7
18    0.6749    0.2149  11 17
19    0.1282    0.4008  1 7
20    0.9256    0.3747  1 7
 The mean of the demand for this big instance is 8.25
Locations for this instance are r