5 9 144 4 
460 190
460 190
460 190
460 190
  0  -18.391    1.121  0  0 0 0  0 1000
  1  -55.280  -24.371 25  9 4 1 15  89 288
  2  -48.297   53.314 13 22 4 1 15 101 360
  3  -49.072  -38.489 20 10 4 1 15  92 388
  4   25.311  -18.561 16 24 4 1 15  76 285
  5  -24.469   -3.815  4 25 4 1 15 239 469
  6   24.591  -17.896  2  6 4 1 15 278 577
  7  -10.419   60.364  7 22 4 1 15  60 370
  8   38.177  -35.175 15  1 4 1 15 244 578
  9  -68.280   93.073 10 19 4 1 15 179 465
 10  -30.792  -57.336  4 19 4 1 15 121 476
 11  -37.061  -12.122 19  5 4 1 15  77 435
 12  -15.741  -47.638 10  9 4 1 15 164 488
 13  -63.379  -22.919 15  8 4 1 15 208 555
 14  -43.109  -43.439  4 14 4 1 15 100 454
 15  -25.623   13.599 17  4 4 1 15  74 403
 16   -2.625   16.632  4  7 4 1 15 242 460
 17  -41.577  -28.497  3 10 4 1 15  92 416
 18    2.081   12.885  9 22 4 1 15 125 330
 19    3.925  -47.845 25 17 4 1 15  74 430
 20  -83.295   26.324 14 10 4 1 15 136 387
 21   -6.458   26.355 23  8 4 1 15 221 498
 22    3.290    6.732  7 14 4 1 15 222 537
 23  -34.869   30.426  7 12 4 1 15  88 397
 24   15.546  -36.273  1 17 4 1 15 206 395
 25   12.842    5.127 10 19 4 1 15 233 492
 26  -48.450  -24.426 15 25 4 1 15 103 379
 27  -88.538  -10.461  1 25 4 1 15  89 433
 28  -29.773    0.995  2  6 4 1 15 165 418
 29    9.827   38.416  9 21 4 1 15 113 429
 30    1.410   92.938 10  3 4 1 15 260 489
 31  -79.303   15.381  2 19 4 1 15  89 445
 32  -30.652   40.063 23 16 4 1 15 219 442
 33   18.927   21.637 15 21 4 1 15 192 472
 34   45.087  -59.906 13 17 4 1 15 277 508
 35  -34.949   -3.815 16 19 4 1 15 294 593
 36   81.201  -74.744 21  6 4 1 15 141 463
 37   15.594  -28.455  1 10 2 2 5 10 270 540
 38  -72.192   29.547 18 22 2 2 5 10 105 419
 39  -42.914  -22.675 17 17 2 2 5 10 157 469
 40  -76.392  -57.489 13 16 2 2 5 10 117 395
 41  -28.540   12.073  5  5 2 2 5 10 273 530
 42  -61.389   26.526 23  1 2 2 5 10 229 574
 43   -8.472   12.616 20 21 2 2 5 10 157 436
 44  -61.475   33.392  1 20 2 2 5 10 234 572
 45  -34.674  -27.588  2  6 2 2 5 10 277 615
 46   10.315  -12.518 15  1 2 2 5 10 251 472
 47  -83.014   77.002 20 11 2 2 5 10  72 338
 48  -40.417   49.988  9 22 2 2 5 10  66 349
 49   83.832   33.905 13 25 2 2 5 10 143 404
 50  -20.563  -75.830  4 18 2 2 5 10 190 414
 51   15.442  -18.719 15  9 2 2 5 10 214 433
 52  -59.937  -65.802  5 23 2 2 5 10 267 491
 53    5.151   47.815  8 17 2 2 5 10 205 393
 54   46.008   14.990 19  4 2 2 5 10 209 480
 55   82.977   -1.660 16  1 2 2 5 10 126 482
 56   39.893  -38.916 11 14 2 2 5 10 171 459
 57   90.839  -83.539 23 11 2 2 5 10 123 482
 58    7.068    0.067 14  7 2 2 5 10 173 395
 59   18.958   40.088 24 21 2 2 5 10 236 510
 60  -80.487   58.209  5  3 2 2 5 10 287 574
 61   64.459  -62.946  5 18 2 2 5 10 228 418
 62  -43.616  -26.117 23  5 2 2 5 10 275 624
 63  -18.408   10.303  3  6 2 2 5 10 252 455
 64  -43.921   63.251 10 22 2 2 5 10  81 345
 65   11.353   26.221 23 13 2 2 5 10  79 311
 66   -6.995   38.239 23 17 2 2 5 10 298 635
 67   74.084  -34.216 20  5 2 2 5 10 280 529
 68   14.301   -0.800  5  7 2 2 5 10 171 464
 69  -94.141  -48.779 14  1 2 2 5 10 226 547
 70   15.332  -42.169  1  3 2 2 5 10 179 425
 71  -46.637  -16.461 10 10 2 2 5 10 115 449
 72   -0.958  -81.000  3  5 2 2 5 10 286 547
 73  -37.445  -42.505  4  1 1 4 1 2 4 8 229 463
 74   -3.680  -69.073 23 17 1 4 1 2 4 8 169 360
 75   34.894  -20.898 21 14 1 4 1 2 4 8  61 363
 76   45.544   51.410  3  4 1 4 1 2 4 8 201 545
 77  -31.927   88.239 21 10 1 4 1 2 4 8 119 435
 78  -13.580  -26.959 25 25 1 4 1 2 4 8 138 492
 79   12.653  -48.340  5 11 1 4 1 2 4 8 162 515
 80  -46.179  -38.269 11 16 1 4 1 2 4 8 281 486
 81  -29.620   35.083 10 25 1 4 1 2 4 8 276 564
 82   13.696   43.988  5 20 1 4 1 2 4 8 157 422
 83   38.342  -46.338  3  3 1 4 1 2 4 8 240 440
 84  -26.227   24.506 13  7 1 4 1 2 4 8 191 511
 85   90.009  -43.640 19  2 1 4 1 2 4 8 195 384
 86   -6.995   22.522 13  6 1 4 1 2 4 8 222 426
 87  -29.993  -28.851  8 14 1 4 1 2 4 8 269 452
 88  -56.268  -64.740 13 14 1 4 1 2 4 8 102 336
 89  -87.415   90.796 15  2 1 4 1 2 4 8 218 441
 90   -5.762   54.034 10 15 1 4 1 2 4 8 296 555
 91  -34.845  -27.185  4 22 1 4 1 2 4 8 112 308
 92  -16.479   16.180 23  4 1 4 1 2 4 8 298 506
 93   23.712   29.492 23 22 1 4 1 2 4 8 243 453
 94  -40.991   46.594 14 19 1 4 1 2 4 8 209 453
 95  -53.516  -21.619 20  5 1 4 1 2 4 8  75 295
 96  -17.560   37.494  3 10 1 4 1 2 4 8 169 489
 97  -37.311   56.836  5  4 1 4 1 2 4 8 196 488
 98   71.515   22.510 16  7 1 4 1 2 4 8 127 455
 99  -41.864   27.710 21 11 1 4 1 2 4 8 102 387
100   14.819  -82.117  4 14 1 4 1 2 4 8 151 421
101   30.316  -55.322  2  2 1 4 1 2 4 8 118 458
102  -39.172   47.998 11 12 1 4 1 2 4 8 149 343
103  -94.415   15.192 15 12 1 4 1 2 4 8 271 506
104   -7.806   11.273 16 24 1 4 1 2 4 8 181 421
105   28.571  -49.908  3  8 1 4 1 2 4 8 103 354
106  -20.654   24.554 21  4 1 4 1 2 4 8 234 573
107  -30.963  -18.903 21 25 1 4 1 2 4 8 170 356
108    1.721  -20.447 25  6 1 4 1 2 4 8 142 433
109  -31.012  -21.106 12  9 1 4 1 2 4 8  77 291
110  -85.718  -28.015 21 23 1 4 1 2 4 8 220 509
111   58.826  -63.043  6 15 1 4 1 2 4 8 288 535
112  -15.753  -52.686  2  7 1 4 1 2 4 8 167 445
113  -71.661   51.184 24  6 1 4 1 2 4 8 159 395
114  -92.633   -6.598 21  5 1 4 1 2 4 8 170 381
115   33.508  -49.255 24 12 1 4 1 2 4 8 140 354
116   59.314   54.095 11  3 1 4 1 2 4 8  75 358
117   30.737  -28.436 12 22 1 4 1 2 4 8 143 335
118  -55.896   18.457 22 18 1 4 1 2 4 8  92 441
119  -89.960  -39.532 19 16 1 4 1 2 4 8  71 395
120   36.438   20.819  8  5 1 4 1 2 4 8  90 393
121  -53.674  -56.427  9  1 1 4 1 2 4 8 276 475
122  -31.866   32.538 10  8 1 4 1 2 4 8 227 475
123    5.658   12.756  5 20 1 4 1 2 4 8 277 460
124  -52.905   42.804 14 17 1 4 1 2 4 8 217 496
125   47.131  -45.465  7 11 1 4 1 2 4 8 200 461
126   30.792    9.869  5  8 1 4 1 2 4 8 223 527
127  -45.209  -56.293 22 15 1 4 1 2 4 8 162 359
128   10.919   13.306  5 16 1 4 1 2 4 8 183 465
129  -32.990  -34.003  1  6 1 4 1 2 4 8 151 395
130  -40.869   30.579  9 24 1 4 1 2 4 8  88 311
131  -69.348   80.408 16 10 1 4 1 2 4 8 169 447
132  -58.966  -29.541 14  4 1 4 1 2 4 8 189 501
133  -36.847  -33.710 21 10 1 4 1 2 4 8  80 271
134  -21.820   65.369  8 17 1 4 1 2 4 8 265 611
135   22.980  -41.010  7  5 1 4 1 2 4 8 118 440
136  -77.557   59.814 24 14 1 4 1 2 4 8  76 339
137  -47.205   67.725 24 16 1 4 1 2 4 8  73 324
138  -21.606   35.168 16 11 1 4 1 2 4 8 119 366
139  -55.676  -31.384  4 25 1 4 1 2 4 8 262 579
140  -85.229   88.788  7  4 1 4 1 2 4 8 253 466
141   -3.918  -63.525 13 12 1 4 1 2 4 8 134 367
142  -58.557   59.375 25 19 1 4 1 2 4 8 115 304
143  -24.542   14.935 10  6 1 4 1 2 4 8 277 511
144  -48.779   16.968 24 23 1 4 1 2 4 8  86 434
