5 15 240 4 
420 180
420 180
420 180
420 180
  0    8.681  -10.439  0  0 0 0  0 1000
  1   65.991  -49.829 20 10 4 1 15  90 418
  2  -36.938  -36.743 20 25 4 1 15 264 579
  3   -2.734   18.774 13 18 4 1 15 195 536
  4   31.116  -35.907 13 16 4 1 15 136 478
  5    2.789    8.008 17 14 4 1 15 100 354
  6   31.152   43.665 24  7 4 1 15  89 413
  7  -36.304  -21.307 15  9 4 1 15 223 441
  8   52.814   35.046 12 16 4 1 15 137 416
  9   11.267   20.660 20 24 4 1 15  84 277
 10   -0.623   23.114 20  6 4 1 15 216 536
 11   43.091  -12.360  3 22 4 1 15 280 493
 12    6.854   19.073  8 11 4 1 15 101 457
 13   -6.848   25.317 16 19 4 1 15 244 481
 14  -27.930  -23.712 20 20 4 1 15 276 490
 15   33.240  -30.487 21 20 4 1 15 273 453
 16   63.885  -52.881 23 16 4 1 15 158 403
 17  -13.672  -43.945 21  5 4 1 15  98 431
 18   -0.647  -27.502  3 21 4 1 15  64 254
 19   59.406  -49.261 19 19 4 1 15  83 324
 20   27.167   -5.713 20 18 4 1 15 231 539
 21   70.001  -20.844  7 22 4 1 15 225 427
 22   35.327  -65.167 14 19 4 1 15 137 363
 23  -14.386  -42.236 24 15 4 1 15 141 378
 24   19.366   30.273  3 24 4 1 15  77 287
 25  -39.789   10.101 13 20 4 1 15 258 565
 26  -15.753  -40.204  1 17 4 1 15  97 423
 27  -28.418  -40.503  5 20 4 1 15 198 440
 28   27.081    9.735  2 12 4 1 15 134 349
 29   22.205   -9.216  9 23 4 1 15  89 372
 30   -0.830   -6.525 18 15 4 1 15  87 439
 31   10.217   75.531  5 19 4 1 15  82 410
 32    7.446   18.500 12 23 4 1 15  61 357
 33   48.914  -20.294 11  9 4 1 15 196 426
 34  -18.958  -29.675 17 21 4 1 15 218 432
 35   16.815   -6.659 21 17 4 1 15  85 402
 36    2.509  -30.420  5  6 4 1 15 254 553
 37   15.424    4.913  5 10 4 1 15 151 502
 38   60.315   89.801  7  9 4 1 15  84 281
 39   40.405  -45.367 24 19 4 1 15 222 441
 40  -26.837  -54.272  1 17 4 1 15  81 358
 41   69.171   72.577 12 22 4 1 15  92 312
 42  -22.815   46.173  6  8 4 1 15 284 487
 43  -14.258  -30.249  5 25 4 1 15  78 373
 44   76.050   12.073 19 13 4 1 15 292 535
 45   63.043   60.022 23  1 4 1 15 124 482
 46  -20.239  -81.970  8 15 4 1 15 202 420
 47  -41.168  -42.023  1 16 4 1 15 167 364
 48   79.199  -29.016 20 20 4 1 15 244 524
 49  -20.728   -7.068 16 14 4 1 15 293 486
 50   -4.163  -53.497  8  2 4 1 15 188 412
 51   39.594  -40.460 16  5 4 1 15 277 521
 52  -47.125  -77.850 25 16 4 1 15 247 499
 53   -1.233   49.182  5 12 4 1 15 168 480
 54   -0.372  -27.264 10  1 4 1 15 237 500
 55   31.537   -8.722 24 15 4 1 15 293 625
 56   -0.134  -20.264 16  5 4 1 15 165 387
 57   66.394  -26.691  7  9 4 1 15 195 392
 58    6.104  -64.093 14  8 4 1 15 192 496
 59   13.544  -20.874 11  2 4 1 15 158 428
 60   54.211   -6.537 15 10 4 1 15 269 575
 61   22.046  -34.137 23 25 2 2 5 10 260 512
 62   -9.723    4.706  5 24 2 2 5 10 280 544
 63  -11.584  -46.857 16  7 2 2 5 10 157 425
 64   -2.905   -0.305 13 14 2 2 5 10 255 578
 65   13.837  -44.452 18  3 2 2 5 10 260 474
 66   17.480   27.747 14 23 2 2 5 10 298 485
 67    2.972  -43.689  3 21 2 2 5 10  99 419
 68  -44.354  -38.202 22 13 2 2 5 10 273 596
 69  -59.399    1.514 16 15 2 2 5 10 287 518
 70  -13.452  -75.531 16 14 2 2 5 10  86 306
 71   -5.518  -51.947  2  7 2 2 5 10 263 551
 72   -9.589  -26.880 19 20 2 2 5 10 130 320
 73   19.318   29.498 23  6 2 2 5 10 180 494
 74   26.245   36.743  6 24 2 2 5 10  96 305
 75   43.707  -28.033 11 17 2 2 5 10 276 605
 76  -52.026  -35.339 19  3 2 2 5 10 261 572
 77   -8.435   -0.116  3 15 2 2 5 10 130 419
 78   89.111   62.122 14  6 2 2 5 10 123 473
 79    6.067  -16.132 14 21 2 2 5 10 240 446
 80   27.094   -5.103 19 25 2 2 5 10 145 374
 81   27.527  -15.344  3 18 2 2 5 10 170 447
 82   42.511   32.056 18  1 2 2 5 10 294 492
 83   25.311   12.689 24 19 2 2 5 10 271 479
 84   47.778  -12.769  6 17 2 2 5 10 180 529
 85   -3.143  -13.837  1 20 2 2 5 10 241 491
 86   12.482  -78.101  3  1 2 2 5 10 223 576
 87  -21.039   -3.430 15 13 2 2 5 10 124 369
 88   -3.149  -55.432 18 25 2 2 5 10 279 464
 89   53.009   84.900  5 16 2 2 5 10 100 384
 90   35.638  -47.552 23  5 2 2 5 10 172 520
 91   43.427  -18.439 10 18 2 2 5 10 117 473
 92    6.598  -54.578 20 17 2 2 5 10 245 448
 93   87.952   94.012 11 15 2 2 5 10 288 533
 94   39.105  -48.743 16 13 2 2 5 10 152 438
 95  -48.340  -26.477 15 15 2 2 5 10 212 511
 96   72.003   -9.253 19  2 2 2 5 10 229 430
 97  -37.732    3.351  4  1 2 2 5 10  60 241
 98  -65.967  -36.749 14  9 2 2 5 10  66 368
 99  -16.669  -35.284 23 16 2 2 5 10 156 354
100   10.742   -4.669 11  6 2 2 5 10  77 281
101   15.594   -5.817 21 18 2 2 5 10 207 531
102   21.606  -18.109 14 24 2 2 5 10 182 540
103    9.784   49.280 16 24 2 2 5 10 190 455
104   94.147   -4.492 25  9 2 2 5 10 216 466
105   10.382  -16.302 17 19 2 2 5 10 213 566
106   -1.453   -0.861 16 12 2 2 5 10 262 464
107   -6.219   25.305 13 22 2 2 5 10 164 486
108   -6.250   10.217 23 13 2 2 5 10 223 550
109  -17.444  -70.795 10 20 2 2 5 10 292 547
110  -55.090  -43.854  2 25 2 2 5 10 216 408
111   -9.442   23.724 15  1 2 2 5 10 186 388
112    8.978   35.406 14 24 2 2 5 10 121 421
113  -16.754   -0.812 22 10 2 2 5 10 166 427
114   66.852  -37.842 15 22 2 2 5 10 125 438
115   14.716  -23.724 16 14 2 2 5 10 161 461
116   33.472   20.026 12 12 2 2 5 10  96 441
117   66.394  -70.111 14 23 2 2 5 10  85 308
118   -5.664    8.881 15 14 2 2 5 10 121 360
119   -5.103  -46.729 11 23 2 2 5 10 137 449
120   -8.826   55.743 11 25 2 2 5 10 290 576
121    5.847   -3.186  4  5 1 4 1 2 4 8 259 481
122  -25.726  -37.695 23  7 1 4 1 2 4 8 108 387
123  -15.363  -24.548 13 25 1 4 1 2 4 8 264 546
124   43.793  -11.102 22 11 1 4 1 2 4 8 217 566
125   17.664  -25.604 17 18 1 4 1 2 4 8 143 407
126  -39.624   54.883  2 18 1 4 1 2 4 8  60 377
127  -24.554  -43.225  5  1 1 4 1 2 4 8 121 314
128  -26.892  -12.738 14  7 1 4 1 2 4 8 183 453
129   34.155  -38.458  1 22 1 4 1 2 4 8 211 515
130  -47.314  -29.468 13  7 1 4 1 2 4 8 165 521
131   49.365  -25.592  8  3 1 4 1 2 4 8 295 548
132    3.705  -16.449 24 18 1 4 1 2 4 8 151 336
133   22.430  -23.273 12  8 1 4 1 2 4 8 215 465
134  -37.549  -29.608 23  6 1 4 1 2 4 8 100 409
135   25.549    3.674  1  7 1 4 1 2 4 8 206 464
136  -15.216    3.284  2 20 1 4 1 2 4 8 149 385
137  -12.939   -7.495  8 10 1 4 1 2 4 8 179 485
138  -22.107   26.434 18  2 1 4 1 2 4 8  76 393
139  -17.944    7.733 14  3 1 4 1 2 4 8 109 303
140  -21.234   14.490 23 10 1 4 1 2 4 8 273 605
141    3.503  -19.708 14  5 1 4 1 2 4 8 283 498
142   32.599  -14.935  4 25 1 4 1 2 4 8 298 617
143   -5.737  -28.296 24 23 1 4 1 2 4 8 298 572
144   -6.128  -39.624  9 21 1 4 1 2 4 8  73 324
145   -2.460   12.817 15 13 1 4 1 2 4 8 118 391
146   -6.470    8.466 10  1 1 4 1 2 4 8 263 586
147  -37.891  -36.115  3 11 1 4 1 2 4 8 168 404
148   10.852  -18.750 12  6 1 4 1 2 4 8 180 438
149   50.104    8.636  6  9 1 4 1 2 4 8 181 525
150   46.844    4.712  1 17 1 4 1 2 4 8  80 371
151   19.598  -10.406 24 13 1 4 1 2 4 8 237 474
152  -38.947   52.942  3 23 1 4 1 2 4 8 187 447
153   -0.641  -21.289  4 19 1 4 1 2 4 8 118 412
154   40.906  -33.765  7 11 1 4 1 2 4 8 194 378
155   -0.574  -62.299 21 12 1 4 1 2 4 8 189 470
156   -9.778   26.794  1 18 1 4 1 2 4 8 220 419
157   34.265  -23.895 24 25 1 4 1 2 4 8 158 380
158   29.572  -24.561  5 13 1 4 1 2 4 8 242 587
159   16.376  -58.887 23 24 1 4 1 2 4 8 120 471
160   61.877  -15.167  5  5 1 4 1 2 4 8 197 441
161   40.088   -9.625 17 14 1 4 1 2 4 8 251 554
162    0.122   -4.645 24 18 1 4 1 2 4 8 158 394
163   -8.929  -43.903 23 25 1 4 1 2 4 8 194 529
164   -7.135  -57.434  3 11 1 4 1 2 4 8 142 379
165    7.550  -21.210  5 18 1 4 1 2 4 8 250 507
166    3.949    7.300 22 23 1 4 1 2 4 8 166 383
167  -15.118   92.023  9 22 1 4 1 2 4 8 155 442
168   84.821  -24.518 23 20 1 4 1 2 4 8  98 297
169  -52.325   30.682 15 11 1 4 1 2 4 8 183 414
170    7.538   13.818 15 11 1 4 1 2 4 8 151 389
171  -21.484   30.359 11 19 1 4 1 2 4 8 120 431
172   36.047   29.883 20 13 1 4 1 2 4 8 147 421
173   12.781  -40.942 10 24 1 4 1 2 4 8 134 350
174  -17.291  -10.254 24  6 1 4 1 2 4 8  68 381
175  -10.541   12.402 10  5 1 4 1 2 4 8 271 508
176  -15.845  -59.460  6 24 1 4 1 2 4 8 261 550
177   29.266   -2.222 22  7 1 4 1 2 4 8 220 567
178  -12.598  -58.929 25 13 1 4 1 2 4 8 211 460
179  -17.303  -35.297 11 25 1 4 1 2 4 8 150 330
180   57.050  -50.354  6 15 1 4 1 2 4 8 258 452
181   26.941   17.444  9 15 1 4 1 2 4 8 172 450
182   -6.195   -8.881  6 16 1 4 1 2 4 8 127 377
183   16.980  -16.321 12  5 1 4 1 2 4 8 207 560
184   83.710  -32.520  4 15 1 4 1 2 4 8  81 372
185   12.451   34.589 24 24 1 4 1 2 4 8 204 538
186   15.057   67.004 18 15 1 4 1 2 4 8 261 506
187   25.818   -5.835  3  9 1 4 1 2 4 8  80 396
188   13.666  -14.832 18 19 1 4 1 2 4 8 168 365
189   48.322   -5.164 17 15 1 4 1 2 4 8  63 363
190   13.489   19.739 23  2 1 4 1 2 4 8  95 364
191  -18.512   65.405 10  3 1 4 1 2 4 8  80 266
192   17.554   38.379 22 18 1 4 1 2 4 8 232 518
193   37.775  -16.003  5 20 1 4 1 2 4 8  76 425
194   47.968  -30.310 16 14 1 4 1 2 4 8 207 487
195   38.806   36.243 10 10 1 4 1 2 4 8 133 339
196  -16.089  -42.841 10  6 1 4 1 2 4 8 293 534
197   28.656   -1.990  9 17 1 4 1 2 4 8 136 464
198   -5.859   -1.862  5 20 1 4 1 2 4 8 110 429
199   60.516   63.416  9  3 1 4 1 2 4 8 241 523
200   63.196  -47.766 12 14 1 4 1 2 4 8 115 393
201  -15.308  -23.285 16 12 1 4 1 2 4 8 212 489
202   -2.875    0.787  8  2 1 4 1 2 4 8 260 541
203   32.056  -10.175  1 11 1 4 1 2 4 8  87 319
204  -18.634  -25.665  1 16 1 4 1 2 4 8 179 371
205   -3.632   25.433 18 18 1 4 1 2 4 8 236 451
206   10.480   22.888 22 14 1 4 1 2 4 8  63 272
207    1.819   -3.009 20  6 1 4 1 2 4 8 158 517
208  -25.275  -12.183  4 12 1 4 1 2 4 8 104 457
209   56.927  -75.507 15 21 1 4 1 2 4 8  71 321
210   13.885  -36.230  7  1 1 4 1 2 4 8  72 275
211   32.520  -29.523 25 18 1 4 1 2 4 8  85 294
212    4.803   -7.288  3 17 1 4 1 2 4 8 274 623
213   11.365   -8.344 22 15 1 4 1 2 4 8 297 619
214   17.126  -24.646  5  4 1 4 1 2 4 8 169 475
215  -33.661  -41.241  1 18 1 4 1 2 4 8 191 377
216  -32.391  -50.885  9 22 1 4 1 2 4 8 202 498
217   23.041  -14.496 16 16 1 4 1 2 4 8 203 469
218  -21.857  -39.502 23 14 1 4 1 2 4 8 264 455
219   32.013   77.332  5 25 1 4 1 2 4 8 245 505
220   13.831  -76.190  5 15 1 4 1 2 4 8  97 434
221   -8.051  -21.179  6  6 1 4 1 2 4 8 189 421
222   25.391   46.613 16  7 1 4 1 2 4 8  97 354
223   49.536  -54.639 25 21 1 4 1 2 4 8 238 518
224   63.416   -8.636  1  3 1 4 1 2 4 8 128 416
225    2.301   -5.536 25 15 1 4 1 2 4 8 182 526
226   52.423   29.895 17 24 1 4 1 2 4 8 115 310
227    9.296  -16.254 11  2 1 4 1 2 4 8 270 524
228   34.845  -96.185 24 17 1 4 1 2 4 8 250 598
229  -21.063  -41.498 10  2 1 4 1 2 4 8 292 642
230   28.448   10.242 12 25 1 4 1 2 4 8 259 479
231   16.254  -22.583 17 15 1 4 1 2 4 8  69 331
232  -36.639  -34.033 18  3 1 4 1 2 4 8 128 472
233  -27.356  -50.177  5  1 1 4 1 2 4 8 133 456
234  -53.705   11.334 16  1 1 4 1 2 4 8 294 603
235   26.276   -5.994  9 20 1 4 1 2 4 8 259 584
236  -31.519   34.589  6 19 1 4 1 2 4 8 104 319
237  -14.612  -31.506  1  2 1 4 1 2 4 8 141 401
238   -4.242  -30.865  4  9 1 4 1 2 4 8 221 529
239  -18.524  -29.486 20  4 1 4 1 2 4 8 134 411
240  -17.133  -19.397 19 16 1 4 1 2 4 8 102 392
