5 18 288 4 
400 175
400 175
400 175
400 175
  0   -2.676   -9.467  0  0 0 0  0 1000
  1  -66.174  -37.811 13 19 4 1 15  91 394
  2    2.673  -35.223 16 21 4 1 15 226 479
  3   38.751    8.618  1 17 4 1 15 246 519
  4   62.653   20.667  9  6 4 1 15 166 484
  5   60.974   -6.110 20  6 4 1 15 270 625
  6  -98.535  -39.532  2 19 4 1 15 114 451
  7    8.411  -81.274  5 17 4 1 15  65 417
  8  -14.569   26.056 10 19 4 1 15  84 335
  9  -34.186  -76.697 10  2 4 1 15 157 393
 10   55.145  -33.911 25  3 4 1 15 263 565
 11   15.869    8.716  2 24 4 1 15 261 582
 12  -63.416  -20.282  5  5 4 1 15 189 471
 13   -9.357  -42.212 16  9 4 1 15 262 443
 14  -53.619    3.729 24 20 4 1 15 244 568
 15   53.491   -3.308  7 19 4 1 15 253 449
 16  -22.614  -32.794 19 20 4 1 15 116 375
 17   39.612   -1.550 15  4 4 1 15 221 559
 18   16.705  -22.748  7  3 4 1 15 274 456
 19  -51.245  -13.757 16  2 4 1 15  87 361
 20  -29.907   14.380 20 23 4 1 15 159 496
 21  -70.441  -27.911 21  6 4 1 15 226 481
 22  -75.385  -30.811  7 17 4 1 15  94 366
 23   10.590  -28.931 17 17 4 1 15 288 490
 24   86.340  -45.935 11  3 4 1 15 133 354
 25    3.864   34.583  6 16 4 1 15 271 511
 26  -37.598  -42.114  4 15 4 1 15 213 563
 27   69.440    1.379 16 23 4 1 15 252 532
 28  -13.818    1.245  8 15 4 1 15 118 405
 29  -27.124  -38.037 13 12 4 1 15  76 343
 30  -69.348  -14.734 25 19 4 1 15 240 564
 31   58.575   29.346 16 23 4 1 15 199 513
 32   58.105   31.702  2 10 4 1 15 222 464
 33  -62.250  -16.425 12 23 4 1 15 197 402
 34  -66.382   13.586 12 22 4 1 15  69 274
 35   68.030  -12.482 14  4 4 1 15 220 546
 36  -30.701  -41.681 16  5 4 1 15  71 269
 37  -55.389  -51.050  9  1 4 1 15 211 513
 38   36.237   -2.655 16 11 4 1 15  74 393
 39   -1.215    5.591  2 20 4 1 15 255 517
 40   10.278  -23.950 21 25 4 1 15 183 369
 41   -7.159   36.859  7 18 4 1 15 242 534
 42  -90.204   61.169  3  4 4 1 15  72 384
 43   46.368   65.082  5 10 4 1 15 278 581
 44   13.348   31.372 12 17 4 1 15 201 487
 45  -73.566  -28.839  9  7 4 1 15 288 476
 46  -41.528  -37.097 11  4 4 1 15 178 395
 47  -60.938  -27.246 17  3 4 1 15 215 558
 48   38.312   54.376 10 12 4 1 15 213 492
 49   26.306   11.975  5 13 4 1 15 248 497
 50   10.297  -48.346  3 24 4 1 15 187 501
 51   52.417  -28.363  1 16 4 1 15  69 325
 52  -43.756  -39.343  3  2 4 1 15 116 382
 53   49.316   11.395  5  7 4 1 15 149 433
 54   45.593    4.346 25 15 4 1 15 132 481
 55  -25.989  -15.814 14 12 4 1 15 257 487
 56   65.253  -59.631  4 15 4 1 15 162 441
 57   12.109  -34.387 14 17 4 1 15 111 407
 58   12.390  -16.254 20 16 4 1 15  82 337
 59    0.525   69.611  5  1 4 1 15 239 508
 60   -8.679    7.770 22  9 4 1 15 261 577
 61   41.467  -35.016 17  4 4 1 15 276 559
 62   11.859  -34.973 19  3 4 1 15 163 384
 63   -1.306  -58.063  9  1 4 1 15 229 530
 64    6.024  -31.018 16  4 4 1 15 222 485
 65    1.788  -32.544 19  6 4 1 15 231 525
 66   29.272   -6.494 11  1 4 1 15 298 589
 67   23.950   10.742  6 19 4 1 15 248 603
 68  -65.887   40.912 23  1 4 1 15 204 452
 69  -10.095   26.257 24  2 4 1 15  77 263
 70   58.093   67.352 21 25 4 1 15 160 366
 71   90.015    9.485 16  4 4 1 15  97 362
 72   -6.622   15.216 15  4 4 1 15 173 508
 73   -2.875  -42.841 23 13 2 2 5 10 275 629
 74  -37.714   -7.306 22 18 2 2 5 10 299 517
 75   44.171  -11.224 21  9 2 2 5 10 264 606
 76  -58.704   -2.808 21  5 2 2 5 10 291 585
 77   -3.912   10.071 21 12 2 2 5 10 255 440
 78  -41.370   -1.495  7 22 2 2 5 10 115 463
 79   58.179   27.563 15  9 2 2 5 10 160 472
 80  -63.861   26.147 15 11 2 2 5 10  77 408
 81  -56.793  -15.918 16  6 2 2 5 10 117 298
 82   22.217  -27.509 13 19 2 2 5 10 123 377
 83   -1.031  -14.838 22 10 2 2 5 10 166 468
 84  -57.703  -10.480  1  1 2 2 5 10 174 447
 85   80.847    6.299 22 10 2 2 5 10 144 335
 86    2.887   10.822 24 20 2 2 5 10 103 351
 87  -37.390   -7.800  6 18 2 2 5 10 292 569
 88  -33.600  -26.740  5  1 2 2 5 10 248 499
 89   95.197   24.231 14 11 2 2 5 10 281 506
 90  -13.904   29.327 19 20 2 2 5 10 110 323
 91  -53.461    9.296 16 12 2 2 5 10 239 495
 92   67.578   13.007 20 17 2 2 5 10 219 419
 93  -83.881  -53.265 12 16 2 2 5 10  71 334
 94   30.255  -72.430  7  3 2 2 5 10 244 461
 95  -22.333  -20.538 23 14 2 2 5 10 160 409
 96    3.741  -35.461  9 12 2 2 5 10 259 580
 97  -20.093  -43.982 19  9 2 2 5 10 232 538
 98  -47.687  -21.100 17  1 2 2 5 10 155 444
 99  -20.447  -13.849  1  7 2 2 5 10 183 427
100   34.515    3.967 25  7 2 2 5 10 279 631
101   20.514  -11.884 12  5 2 2 5 10 132 448
102  -46.039  -22.565 15  9 2 2 5 10 198 458
103  -39.630   25.385 16 15 2 2 5 10 149 429
104   -1.025   50.433 10  4 2 2 5 10 114 459
105  -28.632   23.486 24 10 2 2 5 10 268 492
106  -52.997  -16.248 24 21 2 2 5 10 156 379
107   -3.345  -22.955 18  2 2 2 5 10 281 492
108  -62.640  -26.349 21  6 2 2 5 10 144 400
109   25.403    0.531 21  1 2 2 5 10 160 346
110  -29.895   72.919 17 23 2 2 5 10  94 418
111   26.630    1.971  7 24 2 2 5 10 135 405
112   -9.814   35.004 14 16 2 2 5 10 219 530
113   -7.758  -42.426  8 18 2 2 5 10 290 474
114   28.918   -7.117  2  1 2 2 5 10 223 497
115   47.693   36.108 18  1 2 2 5 10 172 426
116  -53.168    5.206 10 21 2 2 5 10 226 422
117   17.560   13.214 17  8 2 2 5 10 176 414
118    6.836   -2.496 20 22 2 2 5 10 256 440
119  -17.322   97.260  9 23 2 2 5 10 171 387
120   22.406   26.532 25 11 2 2 5 10 149 427
121  -73.090  -13.251  6 15 2 2 5 10 250 574
122  -64.996   -4.578 16 14 2 2 5 10 169 373
123  -34.906  -43.903 11 16 2 2 5 10 258 589
124  -92.346   -4.517  9 25 2 2 5 10  97 301
125    0.647   -8.496  9 12 2 2 5 10 115 471
126    5.048  -37.323 18  9 2 2 5 10 219 453
127  -19.080  -14.178 10 20 2 2 5 10 221 502
128  -71.704  -11.450 11 22 2 2 5 10  62 326
129  -45.581  -28.717 14 13 2 2 5 10 122 366
130  -28.351  -23.914 15 24 2 2 5 10 203 446
131  -16.486   30.920 19 13 2 2 5 10 237 567
132  -83.423  -20.935 25  4 2 2 5 10 132 434
133  -12.054  -20.612 10 22 2 2 5 10 282 471
134   -7.184  -63.721 11 18 2 2 5 10 137 427
135   34.546   -8.881 11 25 2 2 5 10 129 445
136   -4.865   73.694 25 19 2 2 5 10 186 499
137  -36.005   -3.876 14  8 2 2 5 10 111 444
138  -28.400  -21.820 20 13 2 2 5 10 175 436
139  -56.281  -15.112  7  1 2 2 5 10 272 584
140  -11.017   42.151  1  1 2 2 5 10 283 494
141  -63.092  -62.573 15  5 2 2 5 10 118 414
142   29.486   79.944  2  2 2 2 5 10 270 474
143  -65.674   -0.238  7 22 2 2 5 10  69 363
144   46.130  -20.416 21  3 2 2 5 10  67 269
145    1.575  -16.364 19  2 1 4 1 2 4 8 147 362
146   40.277   -1.379 17  6 1 4 1 2 4 8 269 465
147  -15.271   42.249 23 19 1 4 1 2 4 8 238 459
148   33.215  -16.614 17  5 1 4 1 2 4 8 288 612
149  -72.388   13.074 20 25 1 4 1 2 4 8  91 329
150  -24.487    5.273 11  9 1 4 1 2 4 8 237 520
151   -6.598  -30.957  1 20 1 4 1 2 4 8 272 465
152   31.287   21.332 11 11 1 4 1 2 4 8 226 459
153   20.557    0.378 15 18 1 4 1 2 4 8  90 348
154  -67.200  -41.339  3 25 1 4 1 2 4 8 252 547
155   22.168  -40.375 21 22 1 4 1 2 4 8 177 489
156   31.165    2.222  5 25 1 4 1 2 4 8 120 444
157   74.634   30.219 11 14 1 4 1 2 4 8 226 489
158   60.699   81.116  6 21 1 4 1 2 4 8 186 469
159  -60.736   24.133 17  1 1 4 1 2 4 8 280 528
160    1.978   17.517 20  9 1 4 1 2 4 8 203 415
161  -80.566  -38.196 10  2 1 4 1 2 4 8 181 383
162  -49.927  -36.713 24  2 1 4 1 2 4 8 164 453
163  -60.449  -27.820  6  4 1 4 1 2 4 8 265 584
164  -78.748  -44.226 18 15 1 4 1 2 4 8 197 538
165   54.260   -9.259 15 11 1 4 1 2 4 8  74 366
166  -42.059  -26.636  6 15 1 4 1 2 4 8 282 478
167  -57.336  -16.718 10 15 1 4 1 2 4 8 116 409
168   -1.276  -13.330  7 16 1 4 1 2 4 8 207 451
169  -24.158   39.197 24 14 1 4 1 2 4 8 296 599
170   17.908  -40.442  3 25 1 4 1 2 4 8 289 645
171   59.833   -3.674 22  9 1 4 1 2 4 8  61 300
172   -3.510    6.256  1 23 1 4 1 2 4 8 155 447
173   40.167    8.594  4 16 1 4 1 2 4 8 125 476
174   -1.691  -54.376 12 10 1 4 1 2 4 8 201 515
175  -36.035  -17.065 14  4 1 4 1 2 4 8 250 440
176    7.275   -4.144 17 25 1 4 1 2 4 8 132 391
177   30.219   -6.830 20 20 1 4 1 2 4 8 150 475
178  -26.379  -63.055 19  5 1 4 1 2 4 8 164 454
179   28.772   -0.031 18 19 1 4 1 2 4 8 160 385
180    2.625    5.072 22  2 1 4 1 2 4 8 254 567
181    3.595  -21.600 14 13 1 4 1 2 4 8  96 370
182  -64.948  -10.956 14 19 1 4 1 2 4 8 293 511
183   18.671  -41.010 20  2 1 4 1 2 4 8 133 395
184   29.291   12.799 16 16 1 4 1 2 4 8 238 494
185    4.529   26.654 25  2 1 4 1 2 4 8 231 557
186   25.360   29.718 12  6 1 4 1 2 4 8 230 517
187   57.349  -15.405  1  3 1 4 1 2 4 8 241 528
188  -11.566  -19.012 11 20 1 4 1 2 4 8 151 436
189  -45.441  -71.808 18 13 1 4 1 2 4 8  98 410
190    2.197   -3.564  8  9 1 4 1 2 4 8 120 408
191   -1.855  -24.475  8  5 1 4 1 2 4 8  85 358
192  -59.851  -48.938  1 15 1 4 1 2 4 8 169 363
193   70.081  -17.816 23 22 1 4 1 2 4 8  91 274
194   -4.932   28.754 19 18 1 4 1 2 4 8 119 414
195  -46.625  -23.529 18 21 1 4 1 2 4 8 239 425
196  -49.872  -35.339 16 16 1 4 1 2 4 8  68 330
197  -67.499    8.142  7 22 1 4 1 2 4 8 133 436
198   31.195  -18.243 13 23 1 4 1 2 4 8 101 428
199  -42.139  -52.704  5  1 1 4 1 2 4 8  67 287
200  -15.094   18.933  3  1 1 4 1 2 4 8 119 356
201  -78.625  -24.341 22 13 1 4 1 2 4 8 232 436
202   51.471   -9.607 21 14 1 4 1 2 4 8  69 330
203   29.987  -31.061 18 18 1 4 1 2 4 8  71 287
204   46.741    1.453 14  5 1 4 1 2 4 8 282 639
205  -52.954   31.738 19 24 1 4 1 2 4 8 297 572
206   10.535  -61.432 18 11 1 4 1 2 4 8 283 634
207  -15.948  -56.012 12  5 1 4 1 2 4 8 126 343
208   -7.776  -54.730 21  1 1 4 1 2 4 8  82 368
209   11.047  -20.905 15 21 1 4 1 2 4 8 157 448
210  -24.359  -23.047  8  6 1 4 1 2 4 8 170 366
211    2.948  -20.398  5  6 1 4 1 2 4 8  90 286
212  -82.654   24.323  3  5 1 4 1 2 4 8 139 411
213  -12.134   42.065  2 23 1 4 1 2 4 8 275 613
214  -98.035  -36.359  5 16 1 4 1 2 4 8  72 367
215  -61.102  -13.477  3 18 1 4 1 2 4 8 133 341
216  -39.136    6.287 12 10 1 4 1 2 4 8  64 284
217   41.180    7.971  4  9 1 4 1 2 4 8 265 456
218    4.254   19.830 23 18 1 4 1 2 4 8  95 341
219  -34.143  -37.915  8 22 1 4 1 2 4 8  93 347
220   -4.559   23.566  7 24 1 4 1 2 4 8 176 439
221   37.891   -1.947 10 15 1 4 1 2 4 8 268 474
222   78.259   15.936 18  6 1 4 1 2 4 8 120 380
223   -8.661  -25.110  4 12 1 4 1 2 4 8 225 433
224   10.071   37.164  9 19 1 4 1 2 4 8 291 619
225  -42.621  -46.985 19 19 1 4 1 2 4 8 132 414
226   92.157  -94.183  5 17 1 4 1 2 4 8 271 487
227   32.202  -39.844 19 22 1 4 1 2 4 8 253 609
228  -55.231  -15.027  7 25 1 4 1 2 4 8 180 488
229  -26.746  -21.490 22 11 1 4 1 2 4 8 244 594
230  -75.513   -0.708  2 23 1 4 1 2 4 8 141 364
231   34.021   12.665  7 10 1 4 1 2 4 8  61 258
232   -2.643  -20.831  4 17 1 4 1 2 4 8 220 517
233   53.369   13.770 11  6 1 4 1 2 4 8 170 368
234  -14.948  -40.259 12 20 1 4 1 2 4 8 167 526
235   67.828    5.750  2  6 1 4 1 2 4 8 125 320
236  -13.220  -26.031 13  4 1 4 1 2 4 8 111 469
237    4.169  -32.617 22 25 1 4 1 2 4 8 149 414
238  -26.050  -33.313  6  7 1 4 1 2 4 8  75 358
239   31.964  -45.703 11 11 1 4 1 2 4 8 227 408
240   96.820   26.208 22 14 1 4 1 2 4 8 188 544
241  -44.696  -37.854  9 14 1 4 1 2 4 8 152 495
242   33.417   11.792 21 15 1 4 1 2 4 8 188 375
243  -35.187   19.226  8  2 1 4 1 2 4 8  61 396
244  -14.233  -74.988  4 14 1 4 1 2 4 8  76 295
245   37.158   -0.836 19 17 1 4 1 2 4 8 115 447
246  -51.697  -26.447 20 24 1 4 1 2 4 8  60 248
247   23.535    5.896 22 10 1 4 1 2 4 8 290 554
248  -18.433   53.711 10 20 1 4 1 2 4 8 185 450
249  -11.340  -17.621 20 11 1 4 1 2 4 8 141 473
250   -7.812  -35.895 10 16 1 4 1 2 4 8 199 531
251    3.522   26.941 23  3 1 4 1 2 4 8 216 517
252  -46.588  -22.266  5 11 1 4 1 2 4 8 299 641
253   -2.997   -0.549 25 10 1 4 1 2 4 8 191 464
254   32.147   17.151  7 18 1 4 1 2 4 8 163 465
255   32.019   13.007 16 20 1 4 1 2 4 8 208 563
256   -6.628   29.889 15 24 1 4 1 2 4 8 298 583
257   77.777  -25.397  9 16 1 4 1 2 4 8 225 547
258   30.707   65.704 19  2 1 4 1 2 4 8 221 498
259  -43.811  -43.036 11 14 1 4 1 2 4 8 279 546
260   49.561   16.827 19 10 1 4 1 2 4 8 127 400
261  -28.931   -0.439 10 22 1 4 1 2 4 8  74 365
262   40.363   16.382 20 14 1 4 1 2 4 8 109 344
263   22.748   40.674 17 15 1 4 1 2 4 8 296 529
264   -1.471    6.567 22  7 1 4 1 2 4 8 209 551
265   -1.190   16.864 24 20 1 4 1 2 4 8 242 599
266    8.032   41.821  5  1 1 4 1 2 4 8 156 381
267  -44.019  -22.784  5 24 1 4 1 2 4 8 167 387
268   12.366  -11.353 17 22 1 4 1 2 4 8 164 499
269   33.276   15.881  7 23 1 4 1 2 4 8 278 522
270  -34.790  -15.045 25 20 1 4 1 2 4 8 212 560
271  -96.857  -19.391 12 15 1 4 1 2 4 8 239 577
272   38.434   -5.353 11 14 1 4 1 2 4 8 119 393
273  -25.391    0.220  6 12 1 4 1 2 4 8 234 494
274    0.848  -31.860 13  4 1 4 1 2 4 8 241 504
275  -24.023   95.691 23 15 1 4 1 2 4 8 226 439
276   -4.272   35.468 15 12 1 4 1 2 4 8  81 342
277   -6.927    1.855 13  8 1 4 1 2 4 8 182 432
278  -70.953   -3.217 10  2 1 4 1 2 4 8 144 347
279  -32.648  -16.522 24 24 1 4 1 2 4 8 263 479
280   42.859  -21.680 13  5 1 4 1 2 4 8 238 503
281    5.182    6.403 12  8 1 4 1 2 4 8 171 406
282   36.920   -4.987 21 21 1 4 1 2 4 8 295 548
283   49.591   27.783 10  5 1 4 1 2 4 8 252 499
284   45.038   10.785 12 16 1 4 1 2 4 8 264 603
285    7.690   14.056  9  8 1 4 1 2 4 8 164 377
286  -60.907   18.640  5 24 1 4 1 2 4 8 105 351
287  -64.496    8.923 18 23 1 4 1 2 4 8 142 347
288   37.158  -14.990 24  6 1 4 1 2 4 8 280 464
