5 4 72 6 
500 200
500 200
500 200
500 200
500 200
500 200
  0   10.629    9.326  0  0 0 0  0 1000
  1  -92.700  -59.180  8 20 6 1 63  91 394
  2   71.179   12.543 15  6 6 1 63 226 479
  3   31.537   66.638 20 19 6 1 63 246 519
  4   -4.694   25.537  7 10 6 1 63 166 484
  5  -30.194   67.773 13 18 6 1 63 270 625
  6   12.677  -57.471  6  1 6 1 63 114 451
  7  -32.355  -20.966  5 15 6 1 63  65 417
  8   19.910   48.975  1 23 6 1 63  84 335
  9   13.202  -19.135 12 13 6 1 63 157 393
 10   54.877  -41.168 18 12 6 1 63 263 565
 11   15.063  -25.171 25  7 6 1 63 261 582
 12  -50.598  -16.418 14 25 6 1 63 189 471
 13  -29.730   17.078 18  5 6 1 63 262 443
 14   17.542    1.575 13  1 6 1 63 244 568
 15   11.127   77.216  6 25 6 1 63 253 449
 16   33.752   71.259 14 10 6 1 63 116 375
 17  -56.012  -10.394 10  2 6 1 63 221 559
 18   57.874  -16.290 18  7 6 1 63 274 456
 19   10.718  -18.787  8 11 3 2 21 42  87 361
 20   53.088  -18.750  6  4 3 2 21 42 159 496
 21    1.569    7.532  2  6 3 2 21 42 226 481
 22   31.531   48.944  4 15 3 2 21 42  94 366
 23  -66.833  -37.854  4  7 3 2 21 42 288 490
 24  -70.740   62.244 23  8 3 2 21 42 133 354
 25   32.538   23.096 12 10 3 2 21 42 271 511
 26  -51.453  -36.444 24  9 3 2 21 42 213 563
 27   36.456  -22.638 17  4 3 2 21 42 252 532
 28  -31.207   43.494 18  6 3 2 21 42 118 405
 29  -10.388   34.491 25 22 3 2 21 42  76 343
 30   14.722  -10.834 22 17 3 2 21 42 240 564
 31   47.095  -21.387 10  9 3 2 21 42 199 513
 32   43.781   34.766 25 25 3 2 21 42 222 464
 33   53.546  -67.487 21 10 3 2 21 42 197 402
 34   26.801   46.515 21 18 3 2 21 42  69 274
 35   63.385   11.981 16 21 3 2 21 42 220 546
 36   47.192   -5.475 23 10 3 2 21 42  71 269
 37  -16.315  -11.267 21 23 2 3 9 18 36 211 513
 38   78.900   17.651 15 23 2 3 9 18 36  74 393
 39   79.822   22.272  7 11 2 3 9 18 36 255 517
 40   12.878   16.919 20  1 2 3 9 18 36 183 369
 41  -67.981   -3.754  6 23 2 3 9 18 36 242 534
 42    9.198  -18.597 16 16 2 3 9 18 36  72 384
 43  -35.950  -19.141 10 10 2 3 9 18 36 278 581
 44   28.766   45.276  7 12 2 3 9 18 36 201 487
 45   11.469   68.231 20 12 2 3 9 18 36 288 476
 46  -22.760   45.496  9  3 2 3 9 18 36 178 395
 47  -65.674  -23.120 12 22 2 3 9 18 36 215 558
 48    7.239    1.599 10 21 2 3 9 18 36 213 492
 49  -29.785  -11.285 19 13 2 3 9 18 36 248 497
 50  -89.050   16.211  6 15 2 3 9 18 36 187 501
 51  -46.887   -3.363 14 13 2 3 9 18 36  69 325
 52  -14.972   30.621 23 20 2 3 9 18 36 116 382
 53  -17.035   49.774  8 10 2 3 9 18 36 149 433
 54   31.635   53.619 10 25 2 3 9 18 36 132 481
 55   -3.577   13.342 14  7 1 6 1 2 4 8 16 32 257 487
 56   33.008   58.960  3 15 1 6 1 2 4 8 16 32 162 441
 57  -92.950   63.263 25  2 1 6 1 2 4 8 16 32 111 407
 58   -9.137  -22.931 21 23 1 6 1 2 4 8 16 32  82 337
 59  -39.960    6.195  5  5 1 6 1 2 4 8 16 32 239 508
 60   28.430  -19.214  2 25 1 6 1 2 4 8 16 32 261 577
 61  -28.540   -3.485  3  9 1 6 1 2 4 8 16 32 276 559
 62   31.415   36.859 21  2 1 6 1 2 4 8 16 32 163 384
 63  -49.426   60.602  1 24 1 6 1 2 4 8 16 32 229 530
 64  -72.827  -27.765 25 13 1 6 1 2 4 8 16 32 222 485
 65   60.083  -45.905 21 20 1 6 1 2 4 8 16 32 231 525
 66   10.870   -3.900 21 13 1 6 1 2 4 8 16 32 298 589
 67   25.122    7.672 25 15 1 6 1 2 4 8 16 32 248 603
 68  -46.997  -17.474 14  4 1 6 1 2 4 8 16 32 204 452
 69   16.058   33.020 20 20 1 6 1 2 4 8 16 32  77 263
 70   25.409  -11.700 14  8 1 6 1 2 4 8 16 32 160 366
 71   68.323   -5.145 11 19 1 6 1 2 4 8 16 32  97 362
 72  -13.104   62.158 25 20 1 6 1 2 4 8 16 32 173 508
