5 12 216 6 
450 180
450 180
450 180
450 180
450 180
450 180
  0    3.871   -2.597  0  0 0 0  0 1000
  1  -41.235  -66.357 14  3 6 1 63  93 345
  2   34.064  -59.357 16 16 6 1 63 150 459
  3   20.917  -52.582 17  8 6 1 63 108 426
  4  -38.538  -37.396 19 15 6 1 63 226 496
  5   41.058   22.931  6 12 6 1 63 131 329
  6  -54.034  -53.131  7 13 6 1 63 164 346
  7    8.099   80.725  3  8 6 1 63 228 489
  8   81.299   13.409 10 24 6 1 63 217 412
  9   14.459   -2.972  4 14 6 1 63  62 385
 10  -52.539   60.107 17 17 6 1 63 118 385
 11  -57.202  -34.229 10  8 6 1 63 223 579
 12  -65.552  -40.222 13 11 6 1 63 125 438
 13  -19.751  -10.278 20  8 6 1 63 297 548
 14  -26.965  -87.012  6 17 6 1 63 180 365
 15    3.192  -88.654 18 19 6 1 63 213 441
 16   34.521   32.837  3 13 6 1 63 272 559
 17   80.035    5.273 10  2 6 1 63 227 574
 18  -39.838  -67.731  4  8 6 1 63 214 561
 19   14.600   11.365 15 21 6 1 63  95 434
 20  -20.990  -80.511  4 13 6 1 63 255 469
 21   48.242   47.284  6 17 6 1 63 230 410
 22   59.338  -31.860 19  4 6 1 63 249 432
 23  -13.995  -45.624  7 22 6 1 63 102 412
 24   32.397  -32.532 20 24 6 1 63 244 486
 25    2.826   50.824 12 11 6 1 63 296 583
 26  -66.077  -34.686  8  6 6 1 63 207 427
 27  -13.660   18.640 18 19 6 1 63 121 479
 28  -59.344   12.769  1 11 6 1 63  86 335
 29   -5.133  -18.463 25 23 6 1 63 292 526
 30  -22.961  -21.729 16  4 6 1 63  66 333
 31   58.130   46.606  5  5 6 1 63 193 479
 32  -49.603  -76.624  7 16 6 1 63  65 380
 33   -4.803   43.036 20  2 6 1 63 201 535
 34   68.616  -19.623  3 13 6 1 63 250 438
 35   37.915   63.599 11 11 6 1 63 251 595
 36    1.251  -26.550 15  9 6 1 63 184 539
 37  -37.952    1.685 15 18 6 1 63  92 295
 38  -40.503    8.038  8  7 6 1 63 293 495
 39   -8.392  -38.678 13 24 6 1 63  81 430
 40  -36.725   25.494 16  5 6 1 63 146 330
 41  -47.754  -50.073  4  2 6 1 63  61 316
 42   22.595  -28.357  9  5 6 1 63 127 477
 43  -36.365  -48.163  5  5 6 1 63 199 519
 44   75.452  -13.422 20  3 6 1 63 259 451
 45  -64.520  -13.232 10 13 6 1 63 135 344
 46    1.257   29.156  9  2 6 1 63 129 343
 47   -1.569  -35.974 18 10 6 1 63  71 345
 48   46.747    6.696 13 12 6 1 63 150 426
 49   82.080   27.057 17 24 6 1 63 157 338
 50   74.695   19.366 22 21 6 1 63 185 498
 51   47.015    9.338  5 18 6 1 63 132 412
 52  -62.036  -21.326 12  5 6 1 63  96 390
 53    9.192   20.038  4 15 6 1 63 112 340
 54   -3.094   21.582  5 11 6 1 63 160 501
 55  -75.446   13.086 22  7 3 2 21 42 185 391
 56   10.034  -63.739  7  3 3 2 21 42 156 369
 57   71.814   26.501 12 17 3 2 21 42 183 497
 58   18.842  -38.019 10 14 3 2 21 42 102 439
 59  -10.541  -31.305 18 14 3 2 21 42 160 425
 60    8.252  -91.150 17  7 3 2 21 42 243 578
 61   72.821  -38.916  3 12 3 2 21 42  68 413
 62  -30.157   38.776  1  5 3 2 21 42 169 485
 63  -56.256   -5.548  9 11 3 2 21 42 133 319
 64   -8.398  -37.604 12 17 3 2 21 42 155 478
 65   15.021   13.708  4  3 3 2 21 42 172 448
 66  -60.199   24.292  2  7 3 2 21 42 298 619
 67  -13.794  -27.106 18 13 3 2 21 42  67 312
 68  -34.796  -22.205 23 20 3 2 21 42  66 344
 69   69.641   83.057 14 13 3 2 21 42 137 413
 70  -44.440   30.090  6  4 3 2 21 42  67 247
 71   48.633    3.021  1  3 3 2 21 42 245 464
 72  -15.314   51.709  6 24 3 2 21 42 257 522
 73   36.261   26.782  6 23 3 2 21 42 226 480
 74   59.961   24.310  8 21 3 2 21 42 225 461
 75   55.304    6.628 25 23 3 2 21 42 239 428
 76   39.960   48.297  3 10 3 2 21 42 111 371
 77  -48.895  -71.100  3 21 3 2 21 42 266 603
 78   -2.338  -62.909 16 24 3 2 21 42 100 443
 79    9.491  -41.901  5  9 3 2 21 42 238 583
 80  -54.675  -18.439  6 22 3 2 21 42 181 537
 81   10.980   -7.605  6  3 3 2 21 42 251 601
 82  -69.824  -50.354 16  6 3 2 21 42 260 447
 83  -40.308   -7.452  6 11 3 2 21 42 197 507
 84   62.244   43.628 13 10 3 2 21 42 162 464
 85   29.077   63.116  4 15 3 2 21 42 189 441
 86  -12.067  -21.509 12  9 3 2 21 42 103 320
 87   14.728   28.906 15 20 3 2 21 42 148 487
 88  -63.086  -60.114 10 19 3 2 21 42 185 387
 89   33.655   -0.928 19 19 3 2 21 42 162 449
 90  -12.225   14.148 19 19 3 2 21 42 226 528
 91  -89.966   51.514  1 20 3 2 21 42 244 481
 92   -0.763   41.339 22  1 3 2 21 42 166 360
 93   80.695   32.983 20 15 3 2 21 42 116 415
 94  -53.394  -14.240  5 18 3 2 21 42 188 448
 95  -53.284  -64.136 12  2 3 2 21 42 297 625
 96   73.260   10.669  4 25 3 2 21 42  78 280
 97   59.613   13.452 12 20 3 2 21 42  96 292
 98  -37.012    6.476  8 18 3 2 21 42  94 357
 99  -53.656   21.692 10  8 3 2 21 42 237 574
100  -36.890   18.372  2  3 3 2 21 42 205 491
101   -4.608  -13.806 25  2 3 2 21 42 221 521
102   53.802   36.993 14 15 3 2 21 42 231 476
103   48.468  -66.040 20 21 3 2 21 42  68 378
104  -46.393  -20.929 11  6 3 2 21 42 149 504
105  -15.045  -40.845  4 24 3 2 21 42 138 464
106  -73.621   -9.552  6 19 3 2 21 42 184 450
107   92.847   45.587  8 23 3 2 21 42 275 622
108   33.557   28.064  5 16 3 2 21 42 225 517
109   47.321   24.414  3 16 2 3 9 18 36 136 363
110   -6.610  -30.157  4  9 2 3 9 18 36  90 318
111   12.103   23.840 24  1 2 3 9 18 36 272 497
112  -61.963   26.239  4 10 2 3 9 18 36 173 506
113   23.877    9.808 11 14 2 3 9 18 36 298 506
114   49.780    6.866 23 11 2 3 9 18 36 178 375
115  -53.021  -21.484  1  4 2 3 9 18 36 192 532
116   54.962    2.985 15 23 2 3 9 18 36 247 506
117    4.865  -69.586 12 23 2 3 9 18 36 117 386
118   33.948   45.209 10 22 2 3 9 18 36 285 539
119  -32.166  -23.621 24 11 2 3 9 18 36 237 442
120  -17.548  -46.765  5 14 2 3 9 18 36 109 371
121   31.744   33.972 23 12 2 3 9 18 36 233 580
122   45.374   22.131 15 13 2 3 9 18 36 291 525
123   -5.219  -23.114  6 11 2 3 9 18 36 245 496
124  -51.056  -46.545 20  9 2 3 9 18 36  97 371
125   11.774   11.133 13  6 2 3 9 18 36 298 478
126  -39.758  -13.019  3 25 2 3 9 18 36 297 544
127   27.930   29.321  3 21 2 3 9 18 36 180 456
128   33.740   66.595 25 13 2 3 9 18 36  62 314
129  -91.815   29.858 15 23 2 3 9 18 36 183 487
130  -24.628  -68.701  6  8 2 3 9 18 36 280 476
131   44.659   20.465  4  7 2 3 9 18 36 123 428
132   45.447  -21.069 14  8 2 3 9 18 36  94 448
133  -37.366  -12.097 15  9 2 3 9 18 36 177 424
134   41.998    0.153 17  2 2 3 9 18 36 211 464
135  -42.822  -30.170 12 24 2 3 9 18 36 217 468
136   34.906   -4.578  2  7 2 3 9 18 36 259 545
137  -65.137  -43.079 11 23 2 3 9 18 36 217 425
138   20.270   -4.999  5 21 2 3 9 18 36 133 464
139  -36.731   -8.929 20 12 2 3 9 18 36 119 308
140  -26.984  -19.568 16 23 2 3 9 18 36  64 394
141  -31.299  -83.813 13 18 2 3 9 18 36 268 546
142  -26.794   12.506  9  5 2 3 9 18 36 212 545
143  -39.362  -58.521 23 15 2 3 9 18 36  90 424
144  -34.369    0.610 11 11 2 3 9 18 36 295 580
145   43.372    4.187 14  8 2 3 9 18 36 207 488
146  -38.226   -9.448  3  2 2 3 9 18 36 282 584
147  -25.610  -99.237  9  6 2 3 9 18 36 139 330
148   48.059   29.517 21 23 2 3 9 18 36 264 539
149  -43.628  -32.318 24  9 2 3 9 18 36 151 358
150  -16.602  -29.327  4  1 2 3 9 18 36  70 336
151  -29.810  -12.408 18 12 2 3 9 18 36 101 388
152  -51.910  -28.711 10 17 2 3 9 18 36  65 423
153   -1.801  -18.671  3  2 2 3 9 18 36 274 461
154   18.738   21.399  4  5 2 3 9 18 36 128 465
155   60.120    7.788 25  1 2 3 9 18 36 154 349
156   43.079   42.017  3 20 2 3 9 18 36 159 373
157  -39.435   -5.902 22 19 2 3 9 18 36 121 465
158  -35.889  -16.034 19 13 2 3 9 18 36  73 412
159  -41.827   38.995 20 10 2 3 9 18 36 121 343
160   84.497   29.822  7  9 2 3 9 18 36 214 541
161  -17.560  -10.480 19 14 2 3 9 18 36 281 640
162  -48.383  -48.920 19  4 2 3 9 18 36 176 391
163  -49.335  -17.969 22 20 1 6 1 2 4 8 16 32 167 453
164   16.095   -2.490  4 17 1 6 1 2 4 8 16 32  67 256
165   65.527   14.026 25 19 1 6 1 2 4 8 16 32 201 382
166   -2.930   13.220 23 19 1 6 1 2 4 8 16 32 274 608
167  -18.768  -23.663 24 16 1 6 1 2 4 8 16 32 277 580
168  -91.095  -80.737 25  4 1 6 1 2 4 8 16 32 186 522
169  -21.088  -13.293  4  1 1 6 1 2 4 8 16 32 281 547
170   46.985   17.224  3 21 1 6 1 2 4 8 16 32  84 316
171  -61.957  -33.038  7  9 1 6 1 2 4 8 16 32 182 458
172   -9.003  -25.452 10  2 1 6 1 2 4 8 16 32 171 499
173   33.661   -7.666 10 24 1 6 1 2 4 8 16 32 107 368
174  -25.592  -10.840 23  1 1 6 1 2 4 8 16 32 225 539
175   36.560   -2.441 18 21 1 6 1 2 4 8 16 32 207 484
176    7.141   24.817  8 13 1 6 1 2 4 8 16 32 114 313
177  -43.170  -30.487 16 15 1 6 1 2 4 8 16 32 248 529
178  -21.228    0.751  4  4 1 6 1 2 4 8 16 32  71 262
179   19.696   10.767 14 10 1 6 1 2 4 8 16 32 181 494
180   -6.494  -29.425 23 19 1 6 1 2 4 8 16 32 247 438
181   54.388    8.630 17  1 1 6 1 2 4 8 16 32 184 449
182   64.203   77.612  7 25 1 6 1 2 4 8 16 32 146 480
183   40.381    1.611  8  3 1 6 1 2 4 8 16 32 226 487
184  -41.711   -5.133 14 21 1 6 1 2 4 8 16 32  72 257
185   74.274  -19.922 22  7 1 6 1 2 4 8 16 32 286 594
186  -73.999  -54.626  7 18 1 6 1 2 4 8 16 32 166 356
187   29.706   15.454 16  3 1 6 1 2 4 8 16 32  85 314
188   23.785   12.177 24  1 1 6 1 2 4 8 16 32 117 398
189   42.578   45.325 15  2 1 6 1 2 4 8 16 32 169 505
190  -16.730  -16.559 15  8 1 6 1 2 4 8 16 32 171 496
191  -14.697   -0.116  5 10 1 6 1 2 4 8 16 32  95 363
192  -19.769    8.392  9 19 1 6 1 2 4 8 16 32 283 471
193  -30.267   14.893 24 17 1 6 1 2 4 8 16 32 122 332
194  -63.116  -67.462  6 19 1 6 1 2 4 8 16 32 183 507
195   86.029   38.916  3 24 1 6 1 2 4 8 16 32 211 537
196   79.480  -24.866 24 24 1 6 1 2 4 8 16 32  98 403
197   35.144   14.734 22  6 1 6 1 2 4 8 16 32 127 381
198  -49.365   -9.052  2  2 1 6 1 2 4 8 16 32  83 426
199  -49.475  -17.578 21  7 1 6 1 2 4 8 16 32 198 473
200   57.501   16.327 17 10 1 6 1 2 4 8 16 32 128 464
201   54.889   12.024 13 13 1 6 1 2 4 8 16 32 271 508
202  -53.027  -33.179 21 20 1 6 1 2 4 8 16 32 168 389
203   -0.415   16.644  3  1 1 6 1 2 4 8 16 32 278 462
204   21.594   16.144  9 17 1 6 1 2 4 8 16 32 250 578
205  -46.924  -49.261 14 17 1 6 1 2 4 8 16 32 179 396
206   18.457   19.733  9 16 1 6 1 2 4 8 16 32 243 519
207   35.822   19.763  3  9 1 6 1 2 4 8 16 32  63 356
208   71.869   29.034 22 25 1 6 1 2 4 8 16 32 280 611
209  -56.378  -42.755 13  1 1 6 1 2 4 8 16 32  90 283
210  -25.800   25.159 10 23 1 6 1 2 4 8 16 32 126 310
211   -5.676   33.850  7 10 1 6 1 2 4 8 16 32  98 447
212   54.041   -5.292  3 15 1 6 1 2 4 8 16 32 108 406
213  -63.074   27.380 11 25 1 6 1 2 4 8 16 32 231 420
214  -16.864  -49.768 17 25 1 6 1 2 4 8 16 32 116 388
215   47.919   13.629 15 16 1 6 1 2 4 8 16 32 258 510
216  -10.724   -2.075  4  1 1 6 1 2 4 8 16 32 269 516
