5 16 288 6 
425 170
425 170
425 170
425 170
425 170
425 170
  0  -14.367  -20.340  0  0 0 0  0 1000
  1   12.805    1.886 15 10 6 1 63  94 321
  2   18.213    1.373  7 21 6 1 63 112 359
  3   57.947  -48.779 10  8 6 1 63 159 409
  4  -52.429  -84.088 20 23 6 1 63 256 503
  5   60.797  -32.593 11 10 6 1 63  61 361
  6   23.151    4.205  7  9 6 1 63 189 384
  7   25.385   22.986 14 21 6 1 63  69 284
  8   25.513  -52.985 15 16 6 1 63 164 512
  9  -49.261  -41.718  8 21 6 1 63 135 321
 10  -37.561  -41.730  5  3 6 1 63 165 414
 11  -14.520   48.962 17 24 6 1 63 204 488
 12   41.229  -24.500  1  2 6 1 63 213 452
 13  -21.863    0.916  3  4 6 1 63  75 270
 14  -48.181  -16.284  8 18 6 1 63 148 443
 15   -7.776   44.348 14  5 6 1 63 193 436
 16   20.801   10.760  3 13 6 1 63 230 531
 17  -29.712  -46.326  6 13 6 1 63 110 462
 18  -20.203  -59.564 23 14 6 1 63 183 523
 19  -87.079  -52.899 14 10 6 1 63  99 291
 20    3.046   -6.305  1  3 6 1 63 183 425
 21   11.865    5.261  2  1 6 1 63 232 465
 22  -24.072  -55.927 17 11 6 1 63 207 436
 23  -22.803    5.658 15 16 6 1 63 249 523
 24  -51.904    9.412 18  6 6 1 63 299 551
 25   12.732  -40.967 15 18 6 1 63  69 290
 26  -30.988    7.654  7 11 6 1 63  83 328
 27   37.512    0.458  4 15 6 1 63 176 392
 28    2.954   -8.563 24 17 6 1 63  70 390
 29    0.549    3.644 18 17 6 1 63 280 498
 30  -52.484    9.711  2  1 6 1 63 219 458
 31   33.936  -48.718  4  1 6 1 63  69 341
 32  -13.129  -53.601 11 18 6 1 63 226 488
 33  -99.591   23.303 25  3 6 1 63 202 511
 34    6.439   -3.516 15 21 6 1 63 100 280
 35  -14.032  -19.818 18 22 6 1 63 147 500
 36  -24.677   16.608  9 14 6 1 63 240 494
 37  -10.260  -81.769 23  4 6 1 63 152 486
 38   35.858    5.597 22 17 6 1 63 283 606
 39  -11.603   42.908  9 16 6 1 63 114 327
 40  -34.662  -15.466 20  8 6 1 63 248 522
 41   66.852    1.135 13 14 6 1 63 210 537
 42    6.866   -1.416  3 23 6 1 63 155 434
 43    1.660   -2.234  6  1 6 1 63 160 488
 44   37.561   11.450 18 21 6 1 63 168 403
 45   51.672  -26.343  9 10 6 1 63 299 518
 46   19.025  -10.889 24 19 6 1 63 105 317
 47  -37.982   -6.360 19  6 6 1 63 119 359
 48  -56.537  -42.334 11  4 6 1 63 119 394
 49    1.099  -14.624 14 18 6 1 63 112 349
 50  -56.238   -3.076 15 23 6 1 63 184 407
 51  -23.669  -15.289  5 25 6 1 63 164 456
 52  -34.277   -1.410 18 17 6 1 63 205 513
 53  -64.178   63.812 22 11 6 1 63  93 293
 54  -47.083  -20.386 13 20 6 1 63 294 541
 55  -33.710    8.380 11  9 6 1 63 149 433
 56   34.290   26.031 11 23 6 1 63 153 423
 57  -38.861   42.114  1 14 6 1 63  99 332
 58  -92.731   44.885 25  7 6 1 63 231 519
 59   23.633   27.643 19 15 6 1 63 241 505
 60  -67.139  -67.078 13 22 6 1 63 235 580
 61   25.726  -25.836  7  4 6 1 63  84 280
 62  -40.985  -16.895  2 14 6 1 63 292 566
 63   77.008   -6.097 16 24 6 1 63 206 424
 64  -54.810   -1.935  2 13 6 1 63 122 385
 65  -53.943  -29.663  1  9 6 1 63 142 498
 66   16.089  -27.887 19  3 6 1 63 298 544
 67  -59.436   36.487 24 23 6 1 63 216 497
 68   34.473   25.391 19  2 6 1 63 237 440
 69   -9.283   -6.689 24 23 6 1 63 167 398
 70  -85.559  -20.477 10  8 6 1 63 141 488
 71   29.523   18.347 19 23 6 1 63  80 276
 72   27.814    6.512  1 13 6 1 63  60 289
 73   42.151  -25.580 19 25 3 2 21 42  82 376
 74   82.202   85.828 25 25 3 2 21 42 189 434
 75  -47.766  -35.590 24 20 3 2 21 42 227 429
 76   22.015  -20.349 11  9 3 2 21 42 141 385
 77  -55.756  -33.490  7 15 3 2 21 42 152 385
 78   62.006   -1.453 25  4 3 2 21 42  93 434
 79   25.549   -3.796  3  1 3 2 21 42 158 429
 80  -43.372   -7.379  3  7 3 2 21 42 113 391
 81   60.297   52.637 18 12 3 2 21 42 198 452
 82  -96.155   34.100 18  5 3 2 21 42  88 331
 83  -32.806   -3.845  9  8 3 2 21 42  93 317
 84  -47.827  -45.203 21  1 3 2 21 42 156 383
 85  -31.128  -93.848 21 24 3 2 21 42  92 284
 86  -17.010  -21.857 21 23 3 2 21 42 224 515
 87   -8.386   -2.264 11 12 3 2 21 42  75 266
 88   35.834   13.147  2  2 3 2 21 42 154 421
 89   29.315   54.468  4 22 3 2 21 42 103 330
 90   48.352   -8.783  3  3 3 2 21 42 164 511
 91   -2.930   27.039  8 12 3 2 21 42 126 443
 92  -16.620  -55.389 20 16 3 2 21 42 139 331
 93  -40.851  -47.742 23  8 3 2 21 42 138 455
 94  -12.878   -2.039 15 25 3 2 21 42 279 470
 95  -51.776    7.281  3  6 3 2 21 42 245 523
 96  -32.922   23.828 14 24 3 2 21 42 108 430
 97   13.983  -34.521  8 16 3 2 21 42 268 589
 98  -35.834  -23.834  4  7 3 2 21 42 184 433
 99   91.858    5.542 19  9 3 2 21 42 264 467
100  -28.442  -34.180  6 23 3 2 21 42 167 420
101   33.844   27.875  1 24 3 2 21 42 145 437
102   98.431   31.348  2 19 3 2 21 42 248 575
103  -57.751  -27.753  3  9 3 2 21 42 268 593
104  -43.890   13.007 24 10 3 2 21 42 286 557
105   37.585   49.768  6 23 3 2 21 42 193 390
106   -3.687    7.373 14  2 3 2 21 42  78 365
107  -98.242   61.658 22  5 3 2 21 42 152 388
108  -23.560  -32.520 14 25 3 2 21 42 145 365
109   22.980  -18.109  7 17 3 2 21 42 243 580
110   43.915   -2.985 13 23 3 2 21 42 207 387
111   71.509   11.652 19 23 3 2 21 42 221 514
112  -43.011  -38.702  6 13 3 2 21 42 270 614
113  -83.954    2.179  4  2 3 2 21 42 182 493
114   11.090  -40.942 17 24 3 2 21 42 276 614
115   27.173  -13.330 17 22 3 2 21 42 203 496
116  -86.102  -59.808 13 20 3 2 21 42 137 427
117  -22.345  -78.278 21 15 3 2 21 42 208 492
118  -38.727  -33.588  8 12 3 2 21 42 179 378
119   -1.227  -28.668  7 17 3 2 21 42 271 560
120   81.329  -44.244 15 21 3 2 21 42 208 462
121   51.904   19.891  5 10 3 2 21 42 224 493
122  -34.973  -27.856  6  4 3 2 21 42 112 451
123  -51.483  -23.248 17 21 3 2 21 42 238 538
124   -0.647  -46.057  4  3 3 2 21 42 217 527
125   68.219  -66.986 25 17 3 2 21 42 270 542
126  -15.149  -25.482 11 19 3 2 21 42 215 559
127   22.412  -34.375 17 10 3 2 21 42 280 464
128   36.176  -10.431 17 21 3 2 21 42 182 428
129  -23.639  -47.681  2 21 3 2 21 42  93 337
130  -14.722   32.684  7  6 3 2 21 42  78 341
131   16.821  -12.720 16  8 3 2 21 42  65 268
132   93.378   23.004  2  8 3 2 21 42  75 366
133   40.344  -24.176 12 13 3 2 21 42 245 431
134    5.530   -4.901  7  7 3 2 21 42 249 484
135  -78.015    1.270 19 11 3 2 21 42 140 449
136   51.569  -45.673 16 18 3 2 21 42 295 478
137   49.249  -30.896 17 10 3 2 21 42 150 385
138  -62.195  -21.399  8 25 3 2 21 42 232 507
139   -5.048    7.306 24  7 3 2 21 42 282 589
140    1.727  -70.221 10 17 3 2 21 42  74 283
141    1.361   -3.564 20 20 3 2 21 42 103 462
142  -15.521   16.425  8 18 3 2 21 42 184 402
143  -31.604  -60.938  6 21 3 2 21 42 100 454
144  -46.997  -55.560  5 14 3 2 21 42 289 526
145    2.301    5.536 23  2 2 3 9 18 36 237 460
146  -30.328   -0.580 14 18 2 3 9 18 36 288 643
147  -16.821   17.664 23 10 2 3 9 18 36 210 566
148   52.655   29.034 13  5 2 3 9 18 36 132 473
149  -11.993  -83.771 12 15 2 3 9 18 36  61 342
150   41.632   43.048 13 17 2 3 9 18 36 227 485
151    8.508   -2.539 20 12 2 3 9 18 36 136 380
152   31.512   -8.978 14 14 2 3 9 18 36 104 435
153   -3.339  -36.243  6  3 2 3 9 18 36 247 578
154  -26.379   13.776  4  7 2 3 9 18 36 185 454
155   28.430   10.571 13 21 2 3 9 18 36 143 370
156    5.975   27.289  1  7 2 3 9 18 36 299 638
157  -32.135  -45.068  9  5 2 3 9 18 36 189 393
158   31.097   -7.916  5 24 2 3 9 18 36 256 533
159   28.198  -29.755  7 13 2 3 9 18 36 281 580
160  -39.612  -33.594  4 18 2 3 9 18 36 220 515
161  -19.220   -5.133 12 19 2 3 9 18 36 211 468
162  -10.114   69.977 20 22 2 3 9 18 36 182 450
163   22.894  -44.348 20 13 2 3 9 18 36 237 507
164  -34.741    0.580 14 10 2 3 9 18 36 123 416
165  -44.952  -77.734 11  4 2 3 9 18 36 265 481
166  -23.749  -56.012  1 17 2 3 9 18 36 149 461
167   69.073  -97.125  5  2 2 3 9 18 36 238 546
168   12.170  -59.869  1 18 2 3 9 18 36 295 497
169   47.339   17.365 14  2 2 3 9 18 36 154 492
170   -4.706   14.056 19 18 2 3 9 18 36 222 572
171  -52.374  -50.244 16 13 2 3 9 18 36 123 328
172   39.215  -29.773 21 24 2 3 9 18 36 179 525
173  -42.316  -60.602  9 25 2 3 9 18 36  99 315
174   19.135   41.150  1  2 2 3 9 18 36 117 431
175  -54.706  -17.596 18  2 2 3 9 18 36 186 417
176   11.737  -83.173  7  7 2 3 9 18 36 226 575
177  -40.582  -53.247 15 23 2 3 9 18 36 177 436
178   -6.421   21.967 21 21 2 3 9 18 36 264 496
179  -31.268  -34.613  4 18 2 3 9 18 36 191 549
180   -3.668  -26.868 21 21 2 3 9 18 36 243 553
181   13.409  -22.302 10 23 2 3 9 18 36 108 368
182  -95.892  -86.322 16 16 2 3 9 18 36  72 375
183   88.983  -53.387 21 22 2 3 9 18 36 152 502
184  -55.048  -32.538  7 11 2 3 9 18 36 230 559
185   27.850  -10.028  8 22 2 3 9 18 36  74 373
186   40.918  -36.090  6 10 2 3 9 18 36 134 365
187  -58.350   15.814 23 15 2 3 9 18 36 247 447
188  -52.161  -74.725 18 23 2 3 9 18 36 100 288
189  -66.772  -34.943  6  7 2 3 9 18 36 204 552
190  -33.374  -62.024  6  1 2 3 9 18 36 196 540
191   -8.649   31.708 14 21 2 3 9 18 36 100 455
192  -26.166  -56.152 14 11 2 3 9 18 36 220 496
193  -39.874  -53.375 22  2 2 3 9 18 36 137 361
194   71.643  -36.981 22 24 2 3 9 18 36  95 434
195  -96.924    8.411 25 25 2 3 9 18 36  77 383
196   -2.911   36.200 13 17 2 3 9 18 36 113 439
197  -53.253   14.099 21 10 2 3 9 18 36 124 354
198   67.316  -39.734 14 18 2 3 9 18 36  74 425
199   -6.525   11.975 18  2 2 3 9 18 36 263 476
200   16.425   33.221 18 12 2 3 9 18 36 133 428
201  -19.061  -56.921 11  4 2 3 9 18 36 290 634
202   25.189  -21.045 10  1 2 3 9 18 36 217 419
203   37.854   -5.524 15  1 2 3 9 18 36 261 609
204  -16.479   48.657  3  6 2 3 9 18 36 113 427
205    2.344  -16.516  2 22 2 3 9 18 36 240 517
206  -48.621  -12.390 12 25 2 3 9 18 36 223 461
207  -42.621  -50.006 18 21 2 3 9 18 36 271 603
208   16.016   11.169  1 18 2 3 9 18 36 259 523
209  -80.408  -60.583  3 14 2 3 9 18 36 177 411
210  -95.068   44.293  4 21 2 3 9 18 36 224 581
211   -6.885   24.884 12  4 2 3 9 18 36 103 439
212   -4.803   21.674 15  1 2 3 9 18 36 213 435
213    7.037  -45.337 22 18 2 3 9 18 36 209 414
214   31.293  -39.905 20  4 2 3 9 18 36 258 519
215   14.984   26.172 16  4 2 3 9 18 36 201 474
216   33.203  -52.289 11  5 2 3 9 18 36 132 482
217  -59.277   39.667 20 15 1 6 1 2 4 8 16 32 210 537
218   30.054  -36.823 13  5 1 6 1 2 4 8 16 32  68 300
219    9.351  -39.044  9 22 1 6 1 2 4 8 16 32 116 351
220  -10.651   54.431 16 21 1 6 1 2 4 8 16 32 171 390
221   20.856  -26.465  7 17 1 6 1 2 4 8 16 32 263 569
222   19.617   17.865 21  8 1 6 1 2 4 8 16 32 191 461
223  -36.981  -92.950 18  4 1 6 1 2 4 8 16 32 188 543
224   -3.760   59.875  4  4 1 6 1 2 4 8 16 32  60 328
225   11.682  -63.336 15 16 1 6 1 2 4 8 16 32 224 498
226    4.468  -36.133  5  5 1 6 1 2 4 8 16 32 258 535
227   47.040  -41.254 24 15 1 6 1 2 4 8 16 32 199 501
228   29.938  -58.710 21 25 1 6 1 2 4 8 16 32 208 396
229  -70.569   -7.037  7 15 1 6 1 2 4 8 16 32 101 451
230   56.262    1.819 24  7 1 6 1 2 4 8 16 32 269 502
231   46.210  -53.522 22 19 1 6 1 2 4 8 16 32 276 459
232    6.366  -14.264  1 11 1 6 1 2 4 8 16 32 256 592
233  -34.540  -39.502  6 13 1 6 1 2 4 8 16 32 283 467
234  -50.537   28.357  4 24 1 6 1 2 4 8 16 32 268 598
235  -61.444  -10.901 14  4 1 6 1 2 4 8 16 32 203 548
236  -30.823   17.902 18 13 1 6 1 2 4 8 16 32 130 378
237   49.658   24.469 16  6 1 6 1 2 4 8 16 32 175 455
238  -69.775  -41.406  1  4 1 6 1 2 4 8 16 32 115 324
239  -18.939   57.690 24 12 1 6 1 2 4 8 16 32 265 519
240  -22.449   15.771 19  4 1 6 1 2 4 8 16 32 206 401
241   -7.599   37.030 19  4 1 6 1 2 4 8 16 32 290 525
242   27.435   17.554 11 25 1 6 1 2 4 8 16 32  69 377
243   45.526   -5.127  9 25 1 6 1 2 4 8 16 32 261 497
244  -33.551  -25.586  3 14 1 6 1 2 4 8 16 32 144 331
245   -4.645   53.754  1 25 1 6 1 2 4 8 16 32 103 296
246  -41.119  -13.361 10 13 1 6 1 2 4 8 16 32 252 580
247   23.010  -45.703 19 13 1 6 1 2 4 8 16 32 284 592
248   17.230    5.096 14 11 1 6 1 2 4 8 16 32 198 422
249   -6.818  -19.873 14 24 1 6 1 2 4 8 16 32  80 378
250   52.966   51.410 24  5 1 6 1 2 4 8 16 32 218 404
251  -28.662  -50.940 16 12 1 6 1 2 4 8 16 32 157 411
252   69.684  -51.520  6  4 1 6 1 2 4 8 16 32 226 565
253   36.884  -17.371  9  5 1 6 1 2 4 8 16 32 197 508
254  -19.659   42.035 20 24 1 6 1 2 4 8 16 32 275 502
255   72.125   65.405 21 17 1 6 1 2 4 8 16 32 157 368
256  -71.368   59.863  8  4 1 6 1 2 4 8 16 32 218 477
257   18.317  -37.750 11  1 1 6 1 2 4 8 16 32 227 498
258   18.121    0.482 13 19 1 6 1 2 4 8 16 32 270 607
259   -1.105  -30.676 24  7 1 6 1 2 4 8 16 32 142 482
260  -44.574  -44.055 15 24 1 6 1 2 4 8 16 32 210 516
261  -28.058  -59.436  6 10 1 6 1 2 4 8 16 32 116 362
262   -7.953    4.639 24 13 1 6 1 2 4 8 16 32 138 426
263  -37.366  -28.528  3 24 1 6 1 2 4 8 16 32 219 507
264    4.388  -38.489 16  3 1 6 1 2 4 8 16 32 273 565
265  -44.592  -35.333 24 14 1 6 1 2 4 8 16 32 215 451
266  -56.714  -39.252 19  2 1 6 1 2 4 8 16 32  64 311
267   13.452  -32.159  5 24 1 6 1 2 4 8 16 32 295 549
268  -20.343  -11.182 11 11 1 6 1 2 4 8 16 32 121 315
269    3.436  -52.734 19  5 1 6 1 2 4 8 16 32 154 387
270   40.576  -54.492 22 14 1 6 1 2 4 8 16 32 250 605
271   31.952  -25.421 23 21 1 6 1 2 4 8 16 32 201 425
272  -57.434   38.525 12 14 1 6 1 2 4 8 16 32 244 510
273   47.510  -42.035 23 15 1 6 1 2 4 8 16 32 210 470
274  -28.143  -41.614 25  3 1 6 1 2 4 8 16 32 298 590
275   -2.258   -5.078  3 15 1 6 1 2 4 8 16 32 142 416
276  -27.167  -27.936 25 15 1 6 1 2 4 8 16 32 259 486
277  -24.048  -47.192  1 21 1 6 1 2 4 8 16 32 128 336
278  -77.521  -55.084 16 17 1 6 1 2 4 8 16 32 119 371
279  -62.036  -43.439 21 18 1 6 1 2 4 8 16 32 282 581
280  -71.936  -20.160 11 15 1 6 1 2 4 8 16 32 217 448
281  -66.504  -39.789  6 19 1 6 1 2 4 8 16 32 186 375
282   14.587   48.444 14  9 1 6 1 2 4 8 16 32 214 493
283   31.366  -29.462 23 10 1 6 1 2 4 8 16 32 177 448
284    6.512  -46.124  9 13 1 6 1 2 4 8 16 32  96 285
285    9.650   39.508  8 25 1 6 1 2 4 8 16 32 193 519
286   16.040   16.681 19  1 1 6 1 2 4 8 16 32 124 425
287    7.745  -75.378 17 11 1 6 1 2 4 8 16 32 218 504
288  -27.173   -4.462 15 25 1 6 1 2 4 8 16 32  92 420
