280 900 1500 0 9016.93
   0.0000      0.0000      0
  30.0000      0.0000     10
  29.2478      6.6756     30
  27.0291     13.0165     30
  23.4549     18.7047     10
  18.7047     23.4549     10
  13.0165     27.0291     30
   6.6756     29.2478     30
   0.0000     30.0000     10
  -6.6756     29.2478     10
 -13.0165     27.0291     30
 -18.7047     23.4549     30
 -23.4549     18.7047     10
 -27.0291     13.0165     10
 -29.2478      6.6756     30
 -30.0000      0.0000     30
 -29.2478     -6.6756     10
 -27.0291    -13.0165     10
 -23.4549    -18.7047     30
 -18.7047    -23.4549     30
 -13.0165    -27.0291     10
  -6.6756    -29.2478     10
   0.0000    -30.0000     30
   6.6756    -29.2478     30
  13.0165    -27.0291     10
  18.7047    -23.4549     10
  23.4549    -18.7047     30
  27.0291    -13.0165     30
  29.2478     -6.6756     10
  60.0000      0.0000     10
  58.4957     13.3513     30
  54.0581     26.0330     30
  46.9099     37.4094     10
  37.4094     46.9099     10
  26.0330     54.0581     30
  13.3513     58.4957     30
   0.0000     60.0000     10
 -13.3513     58.4957     10
 -26.0330     54.0581     30
 -37.4094     46.9099     30
 -46.9099     37.4094     10
 -54.0581     26.0330     10
 -58.4957     13.3513     30
 -60.0000      0.0000     30
 -58.4957    -13.3513     10
 -54.0581    -26.0330     10
 -46.9099    -37.4094     30
 -37.4094    -46.9099     30
 -26.0330    -54.0581     10
 -13.3512    -58.4957     10
   0.0000    -60.0000     30
  13.3513    -58.4957     30
  26.0330    -54.0581     10
  37.4094    -46.9099     10
  46.9099    -37.4094     30
  54.0581    -26.0330     30
  58.4957    -13.3512     10
  90.0000      0.0000     10
  87.7435     20.0269     30
  81.0872     39.0495     30
  70.3648     56.1141     10
  56.1141     70.3648     10
  39.0495     81.0872     30
  20.0269     87.7435     30
   0.0000     90.0000     10
 -20.0269     87.7435     10
 -39.0495     81.0872     30
 -56.1141     70.3648     30
 -70.3648     56.1141     10
 -81.0872     39.0495     10
 -87.7435     20.0269     30
 -90.0000      0.0000     30
 -87.7435    -20.0269     10
 -81.0872    -39.0495     10
 -70.3648    -56.1141     30
 -56.1141    -70.3648     30
 -39.0495    -81.0872     10
 -20.0269    -87.7435     10
   0.0000    -90.0000     30
  20.0269    -87.7435     30
  39.0495    -81.0872     10
  56.1141    -70.3648     10
  70.3648    -56.1141     30
  81.0872    -39.0495     30
  87.7435    -20.0269     10
 120.0000      0.0000     10
 116.9913     26.7025     30
 108.1163     52.0661     30
  93.8198     74.8188     10
  74.8188     93.8198     10
  52.0660    108.1163     30
  26.7025    116.9913     30
   0.0000    120.0000     10
 -26.7025    116.9913     10
 -52.0661    108.1163     30
 -74.8188     93.8198     30
 -93.8198     74.8188     10
-108.1163     52.0660     10
-116.9913     26.7025     30
-120.0000      0.0000     30
-116.9913    -26.7025     10
-108.1163    -52.0661     10
 -93.8198    -74.8188     30
 -74.8188    -93.8198     30
 -52.0660   -108.1163     10
 -26.7025   -116.9914     10
   0.0000   -120.0000     30
  26.7025   -116.9913     30
  52.0661   -108.1163     10
  74.8188    -93.8198     10
  93.8198    -74.8188     30
 108.1163    -52.0660     30
 116.9914    -26.7025     10
 150.0000      0.0000     10
 146.2392     33.3781     30
 135.1453     65.0826     30
 117.2747     93.5235     10
  93.5235    117.2747     10
  65.0826    135.1453     30
  33.3781    146.2392     30
   0.0000    150.0000     10
 -33.3781    146.2392     10
 -65.0826    135.1453     30
 -93.5235    117.2747     30
-117.2747     93.5235     10
-135.1453     65.0826     10
-146.2392     33.3781     30
-150.0000      0.0000     30
-146.2392    -33.3782     10
-135.1453    -65.0826     10
-117.2747    -93.5235     30
 -93.5235   -117.2747     30
 -65.0825   -135.1453     10
 -33.3781   -146.2392     10
   0.0000   -150.0000     30
  33.3782   -146.2392     30
  65.0826   -135.1453     10
  93.5235   -117.2747     10
 117.2747    -93.5235     30
 135.1453    -65.0825     30
 146.2392    -33.3781     10
 180.0000      0.0000     10
 175.4870     40.0538     30
 162.1744     78.0991     30
 140.7297    112.2282     10
 112.2282    140.7297     10
  78.0991    162.1744     30
  40.0538    175.4870     30
   0.0000    180.0000     10
 -40.0538    175.4870     10
 -78.0991    162.1744     30
-112.2282    140.7297     30
-140.7297    112.2282     10
-162.1744     78.0991     10
-175.4870     40.0538     30
-180.0000      0.0000     30
-175.4870    -40.0538     10
-162.1744    -78.0991     10
-140.7297   -112.2282     30
-112.2281   -140.7297     30
 -78.0991   -162.1744     10
 -40.0537   -175.4870     10
   0.0000   -180.0000     30
  40.0538   -175.4870     30
  78.0991   -162.1744     10
 112.2282   -140.7296     10
 140.7297   -112.2281     30
 162.1744    -78.0990     30
 175.4870    -40.0537     10
 210.0000      0.0000     10
 204.7349     46.7294     30
 189.2035     91.1156     30
 164.1846    130.9329     10
 130.9329    164.1846     10
  91.1156    189.2035     30
  46.7294    204.7349     30
   0.0000    210.0000     10
 -46.7294    204.7349     10
 -91.1156    189.2035     30
-130.9329    164.1846     30
-164.1846    130.9328     10
-189.2035     91.1156     10
-204.7349     46.7294     30
-210.0000      0.0000     30
-204.7349    -46.7294     10
-189.2035    -91.1156     10
-164.1846   -130.9329     30
-130.9328   -164.1846     30
 -91.1156   -189.2035     10
 -46.7294   -204.7349     10
   0.0000   -210.0000     30
  46.7294   -204.7348     30
  91.1156   -189.2034     10
 130.9329   -164.1846     10
 164.1846   -130.9328     30
 189.2035    -91.1156     30
 204.7349    -46.7294     10
 240.0000      0.0000     10
 233.9827     53.4050     30
 216.2325    104.1321     30
 187.6396    149.6376     10
 149.6375    187.6396     10
 104.1321    216.2325     30
  53.4050    233.9827     30
   0.0000    240.0000     10
 -53.4050    233.9827     10
-104.1321    216.2325     30
-149.6376    187.6395     30
-187.6396    149.6375     10
-216.2325    104.1321     10
-233.9827     53.4050     30
-240.0000      0.0000     30
-233.9827    -53.4050     10
-216.2325   -104.1321     10
-187.6395   -149.6376     30
-149.6375   -187.6396     30
-104.1321   -216.2325     10
 -53.4050   -233.9827     10
   0.0000   -240.0000     30
  53.4051   -233.9827     30
 104.1321   -216.2325     10
 149.6376   -187.6395     10
 187.6396   -149.6375     30
 216.2325   -104.1321     30
 233.9827    -53.4050     10
 270.0000      0.0000     10
 263.2305     60.0807     30
 243.2616    117.1486     30
 211.0945    168.3423     10
 168.3422    211.0945     10
 117.1486    243.2616     30
  60.0806    263.2305     30
   0.0000    270.0000     10
 -60.0807    263.2305     10
-117.1486    243.2616     30
-168.3423    211.0945     30
-211.0945    168.3422     10
-243.2616    117.1486     10
-263.2305     60.0806     30
-270.0000      0.0000     30
-263.2305    -60.0807     10
-243.2616   -117.1486     10
-211.0945   -168.3423     30
-168.3422   -211.0945     30
-117.1486   -243.2616     10
 -60.0806   -263.2305     10
   0.0000   -270.0000     30
  60.0807   -263.2305     30
 117.1486   -243.2616     10
 168.3423   -211.0945     10
 211.0945   -168.3422     30
 243.2616   -117.1486     30
 263.2306    -60.0806     10
 300.0000      0.0000     10
 292.4784     66.7563     30
 270.2906    130.1651     30
 234.5494    187.0470     10
 187.0469    234.5495     10
 130.1651    270.2906     30
  66.7563    292.4784     30
   0.0000    300.0000     10
 -66.7563    292.4784     10
-130.1651    270.2906     30
-187.0470    234.5494     30
-234.5495    187.0469     10
-270.2907    130.1651     10
-292.4784     66.7563     30
-300.0000      0.0000     30
-292.4784    -66.7563     10
-270.2906   -130.1651     10
-234.5494   -187.0470     30
-187.0469   -234.5495     30
-130.1651   -270.2907     10
 -66.7562   -292.4784     10
   0.0000   -300.0000     30
  66.7563   -292.4784     30
 130.1652   -270.2906     10
 187.0470   -234.5494     10
 234.5495   -187.0469     30
 270.2907   -130.1651     30
 292.4784    -66.7562     10
