 440 900 1200 0 12250.06
   0.0000      0.0000      0
  30.0000      0.0000     10
  29.6946      4.2694     30
  28.7848      8.4520     30
  27.2890     12.4625     10
  25.2376     16.2192     10
  22.6725     19.6458     30
  19.6458     22.6725     30
  16.2192     25.2376     10
  12.4624     27.2890     10
   8.4520     28.7848     30
   4.2694     29.6946     30
   0.0000     30.0000     10
  -4.2694     29.6946     10
  -8.4520     28.7848     30
 -12.4625     27.2890     30
 -16.2192     25.2376     10
 -19.6458     22.6725     10
 -22.6725     19.6458     30
 -25.2376     16.2192     30
 -27.2890     12.4624     10
 -28.7848      8.4520     10
 -29.6946      4.2694     30
 -30.0000      0.0000     30
 -29.6946     -4.2694     10
 -28.7848     -8.4520     10
 -27.2890    -12.4625     30
 -25.2376    -16.2192     30
 -22.6725    -19.6458     10
 -19.6458    -22.6725     10
 -16.2192    -25.2376     30
 -12.4624    -27.2890     30
  -8.4520    -28.7848     10
  -4.2694    -29.6946     10
   0.0000    -30.0000     30
   4.2694    -29.6946     30
   8.4520    -28.7848     10
  12.4625    -27.2890     10
  16.2192    -25.2376     30
  19.6458    -22.6725     30
  22.6725    -19.6458     10
  25.2376    -16.2192     10
  27.2890    -12.4624     30
  28.7848     -8.4520     30
  29.6946     -4.2694     10
  60.0000      0.0000     10
  59.3893      8.5389     30
  57.5696     16.9040     30
  54.5779     24.9249     10
  50.4752     32.4384     10
  45.3450     39.2916     30
  39.2916     45.3450     30
  32.4384     50.4752     10
  24.9249     54.5779     10
  16.9040     57.5696     30
   8.5389     59.3893     30
   0.0000     60.0000     10
  -8.5389     59.3893     10
 -16.9040     57.5696     30
 -24.9249     54.5779     30
 -32.4385     50.4752     10
 -39.2916     45.3450     10
 -45.3450     39.2916     30
 -50.4752     32.4384     30
 -54.5779     24.9249     10
 -57.5696     16.9039     10
 -59.3893      8.5389     30
 -60.0000      0.0000     30
 -59.3893     -8.5389     10
 -57.5696    -16.9040     10
 -54.5779    -24.9249     30
 -50.4752    -32.4385     30
 -45.3450    -39.2916     10
 -39.2916    -45.3450     10
 -32.4384    -50.4752     30
 -24.9249    -54.5779     30
 -16.9039    -57.5696     10
  -8.5389    -59.3893     10
   0.0000    -60.0000     30
   8.5389    -59.3893     30
  16.9040    -57.5696     10
  24.9249    -54.5779     10
  32.4385    -50.4752     30
  39.2917    -45.3450     30
  45.3450    -39.2916     10
  50.4752    -32.4384     10
  54.5779    -24.9249     30
  57.5696    -16.9039     30
  59.3893     -8.5389     10
  90.0000      0.0000     10
  89.0839     12.8083     30
  86.3544     25.3559     30
  81.8669     37.3874     10
  75.7128     48.6577     10
  68.0175     58.9375     30
  58.9375     68.0175     30
  48.6577     75.7128     10
  37.3873     81.8669     10
  25.3559     86.3544     30
  12.8083     89.0839     30
   0.0000     90.0000     10
 -12.8083     89.0839     10
 -25.3559     86.3544     30
 -37.3874     81.8669     30
 -48.6577     75.7128     10
 -58.9375     68.0175     10
 -68.0175     58.9375     30
 -75.7128     48.6577     30
 -81.8669     37.3873     10
 -86.3544     25.3559     10
 -89.0839     12.8083     30
 -90.0000      0.0000     30
 -89.0839    -12.8083     10
 -86.3544    -25.3559     10
 -81.8669    -37.3874     30
 -75.7128    -48.6577     30
 -68.0175    -58.9375     10
 -58.9375    -68.0175     10
 -48.6577    -75.7128     30
 -37.3873    -81.8669     30
 -25.3559    -86.3544     10
 -12.8083    -89.0839     10
   0.0000    -90.0000     30
  12.8083    -89.0839     30
  25.3559    -86.3544     10
  37.3874    -81.8669     10
  48.6577    -75.7128     30
  58.9375    -68.0175     30
  68.0175    -58.9375     10
  75.7128    -48.6577     10
  81.8669    -37.3873     30
  86.3544    -25.3559     30
  89.0839    -12.8083     10
 120.0000      0.0000     10
 118.7786     17.0778     30
 115.1392     33.8079     30
 109.1558     49.8498     10
 100.9504     64.8769     10
  90.6899     78.5833     30
  78.5833     90.6899     30
  64.8769    100.9504     10
  49.8498    109.1558     10
  33.8079    115.1392     30
  17.0778    118.7786     30
   0.0000    120.0000     10
 -17.0778    118.7786     10
 -33.8079    115.1392     30
 -49.8498    109.1558     30
 -64.8769    100.9504     10
 -78.5833     90.6899     10
 -90.6900     78.5833     30
-100.9504     64.8769     30
-109.1558     49.8498     10
-115.1392     33.8079     10
-118.7786     17.0778     30
-120.0000      0.0000     30
-118.7786    -17.0778     10
-115.1392    -33.8079     10
-109.1558    -49.8498     30
-100.9504    -64.8769     30
 -90.6899    -78.5833     10
 -78.5833    -90.6900     10
 -64.8769   -100.9504     30
 -49.8498   -109.1558     30
 -33.8079   -115.1392     10
 -17.0778   -118.7786     10
   0.0000   -120.0000     30
  17.0778   -118.7786     30
  33.8079   -115.1392     10
  49.8498   -109.1558     10
  64.8769   -100.9504     30
  78.5833    -90.6899     30
  90.6900    -78.5833     10
 100.9504    -64.8769     10
 109.1558    -49.8498     30
 115.1392    -33.8079     30
 118.7786    -17.0778     10
 150.0000      0.0000     10
 148.4732     21.3472     30
 143.9240     42.2599     30
 136.4448     62.3123     10
 126.1880     81.0961     10
 113.3624     98.2291     30
  98.2291    113.3624     30
  81.0961    126.1880     10
  62.3122    136.4448     10
  42.2599    143.9240     30
  21.3472    148.4732     30
   0.0000    150.0000     10
 -21.3472    148.4732     10
 -42.2599    143.9240     30
 -62.3123    136.4448     30
 -81.0961    126.1880     10
 -98.2291    113.3624     10
-113.3624     98.2291     30
-126.1880     81.0961     30
-136.4448     62.3122     10
-143.9240     42.2599     10
-148.4732     21.3472     30
-150.0000      0.0000     30
-148.4732    -21.3472     10
-143.9239    -42.2599     10
-136.4448    -62.3123     30
-126.1880    -81.0961     30
-113.3624    -98.2291     10
 -98.2291   -113.3624     10
 -81.0961   -126.1880     30
 -62.3122   -136.4448     30
 -42.2599   -143.9240     10
 -21.3472   -148.4732     10
   0.0000   -150.0000     30
  21.3472   -148.4732     30
  42.2599   -143.9239     10
  62.3123   -136.4448     10
  81.0961   -126.1880     30
  98.2291   -113.3624     30
 113.3624    -98.2291     10
 126.1880    -81.0961     10
 136.4448    -62.3122     30
 143.9240    -42.2599     30
 148.4732    -21.3472     10
 180.0000      0.0000     10
 178.1679     25.6167     30
 172.7087     50.7119     30
 163.7338     74.7747     10
 151.4256     97.3153     10
 136.0349    117.8749     30
 117.8749    136.0349     30
  97.3153    151.4256     10
  74.7747    163.7338     10
  50.7119    172.7087     30
  25.6167    178.1679     30
   0.0000    180.0000     10
 -25.6167    178.1679     10
 -50.7119    172.7087     30
 -74.7747    163.7337     30
 -97.3154    151.4256     10
-117.8749    136.0349     10
-136.0349    117.8749     30
-151.4256     97.3153     30
-163.7338     74.7747     10
-172.7087     50.7118     10
-178.1679     25.6167     30
-180.0000      0.0000     30
-178.1679    -25.6167     10
-172.7087    -50.7119     10
-163.7337    -74.7747     30
-151.4256    -97.3154     30
-136.0349   -117.8749     10
-117.8749   -136.0349     10
 -97.3153   -151.4256     30
 -74.7747   -163.7338     30
 -50.7118   -172.7087     10
 -25.6166   -178.1679     10
   0.0000   -180.0000     30
  25.6167   -178.1679     30
  50.7119   -172.7087     10
  74.7747   -163.7337     10
  97.3154   -151.4256     30
 117.8750   -136.0349     30
 136.0349   -117.8749     10
 151.4256    -97.3153     10
 163.7338    -74.7747     30
 172.7087    -50.7118     30
 178.1679    -25.6166     10
 210.0000      0.0000     10
 207.8625     29.8861     30
 201.4935     59.1638     30
 191.0227     87.2372     10
 176.6632    113.5346     10
 158.7074    137.5208     30
 137.5208    158.7074     30
 113.5346    176.6632     10
  87.2371    191.0227     10
  59.1638    201.4935     30
  29.8861    207.8625     30
   0.0000    210.0000     10
 -29.8861    207.8625     10
 -59.1638    201.4935     30
 -87.2372    191.0227     30
-113.5346    176.6632     10
-137.5208    158.7074     10
-158.7074    137.5207     30
-176.6633    113.5346     30
-191.0227     87.2371     10
-201.4935     59.1638     10
-207.8625     29.8861     30
-210.0000      0.0000     30
-207.8625    -29.8861     10
-201.4935    -59.1639     10
-191.0227    -87.2372     30
-176.6632   -113.5346     30
-158.7074   -137.5208     10
-137.5207   -158.7074     10
-113.5346   -176.6633     30
 -87.2371   -191.0227     30
 -59.1638   -201.4935     10
 -29.8861   -207.8625     10
   0.0000   -210.0000     30
  29.8861   -207.8625     30
  59.1639   -201.4935     10
  87.2372   -191.0227     10
 113.5346   -176.6632     30
 137.5208   -158.7074     30
 158.7074   -137.5207     10
 176.6633   -113.5345     10
 191.0227    -87.2371     30
 201.4935    -59.1638     30
 207.8625    -29.8861     10
 240.0000      0.0000     10
 237.5571     34.1556     30
 230.2783     67.6158     30
 218.3117     99.6996     10
 201.9008    129.7538     10
 181.3799    157.1666     30
 157.1666    181.3799     30
 129.7538    201.9008     10
  99.6996    218.3117     10
  67.6158    230.2783     30
  34.1556    237.5571     30
   0.0000    240.0000     10
 -34.1556    237.5571     10
 -67.6158    230.2783     30
 -99.6996    218.3117     30
-129.7538    201.9008     10
-157.1666    181.3799     10
-181.3799    157.1666     30
-201.9009    129.7538     30
-218.3117     99.6996     10
-230.2783     67.6158     10
-237.5571     34.1555     30
-240.0000      0.0000     30
-237.5571    -34.1556     10
-230.2783    -67.6158     10
-218.3117    -99.6996     30
-201.9008   -129.7538     30
-181.3799   -157.1666     10
-157.1665   -181.3799     10
-129.7538   -201.9009     30
 -99.6996   -218.3117     30
 -67.6158   -230.2783     10
 -34.1555   -237.5571     10
   0.0000   -240.0000     30
  34.1556   -237.5571     30
  67.6158   -230.2783     10
  99.6996   -218.3117     10
 129.7538   -201.9008     30
 157.1666   -181.3799     30
 181.3799   -157.1665     10
 201.9009   -129.7538     10
 218.3117    -99.6996     30
 230.2783    -67.6158     30
 237.5572    -34.1555     10
 270.0000      0.0000     10
 267.2518     38.4250     30
 259.0631     76.0678     30
 245.6006    112.1621     10
 227.1385    145.9730     10
 204.0524    176.8124     30
 176.8124    204.0524     30
 145.9730    227.1385     10
 112.1620    245.6006     10
  76.0678    259.0631     30
  38.4250    267.2518     30
   0.0000    270.0000     10
 -38.4250    267.2518     10
 -76.0678    259.0631     30
-112.1621    245.6006     30
-145.9730    227.1384     10
-176.8124    204.0524     10
-204.0524    176.8124     30
-227.1385    145.9730     30
-245.6006    112.1620     10
-259.0631     76.0678     10
-267.2518     38.4250     30
-270.0000      0.0000     30
-267.2518    -38.4250     10
-259.0631    -76.0678     10
-245.6006   -112.1621     30
-227.1384   -145.9730     30
-204.0524   -176.8124     10
-176.8124   -204.0524     10
-145.9730   -227.1385     30
-112.1620   -245.6006     30
 -76.0678   -259.0631     10
 -38.4250   -267.2518     10
   0.0000   -270.0000     30
  38.4250   -267.2518     30
  76.0678   -259.0631     10
 112.1621   -245.6006     10
 145.9731   -227.1384     30
 176.8124   -204.0524     30
 204.0524   -176.8124     10
 227.1385   -145.9730     10
 245.6007   -112.1620     30
 259.0631    -76.0677     30
 267.2518    -38.4250     10
 300.0000      0.0000     10
 296.9464     42.6945     30
 287.8479     84.5198     30
 272.8896    124.6245     10
 252.3761    162.1922     10
 226.7249    196.4582     30
 196.4582    226.7249     30
 162.1922    252.3761     10
 124.6245    272.8896     10
  84.5198    287.8479     30
  42.6944    296.9464     30
   0.0000    300.0000     10
 -42.6945    296.9464     10
 -84.5198    287.8479     30
-124.6245    272.8896     30
-162.1923    252.3761     10
-196.4582    226.7249     10
-226.7249    196.4582     30
-252.3761    162.1922     30
-272.8896    124.6245     10
-287.8479     84.5197     10
-296.9464     42.6944     30
-300.0000      0.0000     30
-296.9464    -42.6945     10
-287.8479    -84.5198     10
-272.8896   -124.6245     30
-252.3760   -162.1923     30
-226.7249   -196.4583     10
-196.4582   -226.7249     10
-162.1922   -252.3761     30
-124.6245   -272.8896     30
 -84.5197   -287.8479     10
 -42.6944   -296.9464     10
   0.0000   -300.0000     30
  42.6945   -296.9464     30
  84.5198   -287.8479     10
 124.6245   -272.8896     10
 162.1923   -252.3760     30
 196.4583   -226.7248     30
 226.7249   -196.4582     10
 252.3761   -162.1922     10
 272.8896   -124.6245     30
 287.8479    -84.5197     30
 296.9464    -42.6944     10