Problem 1

Route 1 Load = 530 Distance = 639.739
  	241 20  21  22  23  63 103 102 101 100 140 141 181 180 179 178 218 219 220 221 222 182 142 
143 144 104  64  24 241

Route 2 Load = 530 Distance = 537.512
   	241 4   3  43  83 123 124 125 126 166 165 164 163 162 161 121 122  82  81  80  79  78  77  37  
38  39 241

Route 3 Load = 480 Distance = 648.345
  	241 28  27  67 106 146 186 187 188 189 229 228 227 226 225 224 223 183 184 185 145 105  66  
26  25 241

Route 4 Load = 450 Distance = 650.791
	241  5   6   7  48  88 128 168 208 209 210 211 212 213 214 174 173 172 171 170 169 129  89  49  
50  10 241

Route 5 Load = 530 Distance = 649.898
	241 34  33  73 113 153 193 194 195 235 234 233 232 231 230 190 191 192 152 111 110 109 108  
68  69  30  31  32 241

Route 6 Load = 540 Distance = 559.288
	241 17  57  56  55  54  53  93  94  95  96  97  98  59  60  61  62  65 107 147 148 149 150 151 112  
72  71  70  29 241

Route 7 Load = 550 Distance = 621.971
	241 51  52  92  91  90 130 131 132 133 134 135 136 176 175 215 216 217 177 137 138 139  99  
58  19  18 241

Route 8 Load = 550 Distance = 620.106
	241 36  76  75 115 116 117 118 119 159 158 198 199 239 238 237 236 196 197 157 156 155 154 
114  74  35 241

Route 9 Load = 120 Distance = 80.659
	241 16  15  14  13  12  11 241

Route 10 Load = 520 Distance = 638.154
	241 9   8  47  46  45  44  84  85  86  87 127 167 207 206 205 204 203 202 201 240 200 160 120  
41  42   2   1  40 241

Total Distance = 5646.46
Total Customer Load = 4800

Problem 2

Route 1 Load = 640 Distance = 856.60   
	321   2   1  41  42  82  81 121 122 162 161 201 202 242 241 281 282 283 284 244 243 203 204 
164 163 123 124  84  83  43  44   4   3 321

Route 2 Load = 640 Distance = 856.60 
     	321   6   5  45  46  86  85 125 126 166 165 205 206 246 245 285 286 287 288 248 247 207 208 
168 167 127 128  88  87  47  48   8   7 321

Route 3 Load = 640 Distance = 856.60   
   	321  10   9  49  50  90  89 129 130 170 169 209 210 250 249 289 290 291 292 252 251 211 212 
172 171 131 132  92  91  51  52  12  11 321

Route 4 Load = 640 Distance = 856.60  
	321  14  13  53  54  94  93 133 134 174 173 213 214 254 253 293 294 295 296 256 255 215 216 
176 175 135 136  96  95  55  56  16  15 321

Route 5 Load = 640 Distance = 856.60   
	321  18  17  57  58  98  97 137 138 178 177 217 218 258 257 297 298 299 300 260 259 219 220 
180 179 139 140 100  99  59  60  20  19 321

Route 6 Load = 640 Distance = 856.60   
	321  22  21  61  62 102 101 141 142 182 181 221 222 262 261 301 302 303 304 264 263 223 224 
184 183 143 144 104 103  63  64  24  23 321

Route 7 Load = 640 Distance = 856.60  
	321  26  25  65  66 106 105 145 146 186 185 225 226 266 265 305 306 307 308 268 267 227 228 
188 187 147 148 108 107  67  68  28  27 321

Route 8 Load = 640 Distance = 856.60   
	321  30  29  69  70 110 109 149 150 190 189 229 230 270 269 309 310 311 312 272 271 231 232 
192 191 151 152 112 111  71  72  32  31 321

Route 9 Load = 640 Distance = 856.60   
	321  34  33  73  74 114 113 153 154 194 193 233 234 274 273 313 314 315 316 276 275 235 236 
196 195 155 156 116 115  75  76  36  35 321

Route 10 Load = 640 Distance = 856.60  
	321  38  37  77  78 118 117 157 158 198 197 237 238 278 277 317 318 319 320 280 279 239 240 
200 199 159 160 120 119  79  80  40  39 321

Total Distance = 8566.04 
Total Customer Load = 6400

Problem 3

Route 1 Load = 800 Distance = 1164.91  
	401   2   1  41  42  82  81 121 122 162 161 201 202 242 241 281 282 322 321 361 362 363 364 
324 323 283 284 244 243 203 204 164 163 123 124  84  83  43  44   4   3 401

Route 2 Load = 800 Distance = 1164.91  
	401   6   5  45  46  86  85 125 126 166 165 205 206 246 245 285 286 326 325 365 366 367 368 
328 327 287 288 248 247 207 208 168 167 127 128  88  87  47  48   8   7 401

Route 3 Load = 800 Distance = 1164.91   
	401  10   9  49  50  90  89 129 130 170 169 209 210 250 249 289 290 330 329 369 370 371 372 
332 331 291 292 252 251 211 212 172 171 131 132  92  91  51  52  12  11 401

Route 4 Load = 800 Distance = 1164.91   
	401  14  13  53  54  94  93 133 134 174 173 213 214 254 253 293 294 334 333 373 374 375 376 
336 335 295 296 256 255 215 216 176 175 135 136  96  95  55  56  16  15 401

Route 5 Load = 800 Distance = 1164.91  
	401  18  17  57  58  98  97 137 138 178 177 217 218 258 257 297 298 338 337 377 378 379 380 
340 339 299 300 260 259 219 220 180 179 139 140 100  99  59  60  20  19 401

Route 6 Load = 800 Distance = 1164.91   
	401  22  21  61  62 102 101 141 142 182 181 221 222 262 261 301 302 342 341 381 382 383 384 
344 343 303 304 264 263 223 224 184 183 143 144 104 103  63  64  24  23 401

Route 7 Load = 800 Distance = 1164.91   
	401  26  25  65  66 106 105 145 146 186 185 225 226 266 265 305 306 346 345 385 386 387 388 
348 347 307 308 268 267 227 228 188 187 147 148 108 107  67  68  28  27 401

Route 8 Load = 800 Distance = 1164.91 
	401  30  29  69  70 110 109 149 150 190 189 229 230 270 269 309 310 350 349 389 390 391 392 
352 351 311 312 272 271 231 232 192 191 151 152 112 111  71  72  32  31 401

Route 9 Load = 800 Distance = 1164.91   
	401  34  33  73  74 114 113 153 154 194 193 233 234 274 273 313 314 354 353 393 394 395 396 
356 355 315 316 276 275 235 236 196 195 155 156 116 115  75  76  36  35 401

Problem 3

Route 10 Load = 800 Distance = 1164.91   
	401  38  37  77  78 118 117 157 158 198 197 237 238 278 277 317 318 358 357 397 398 399 400 
360 359 319 320 280 279 239 240 200 199 159 160 120 119  79  80  40  39 401

Total Distance = 11649.06
Total Customer Load = 8000

Problem 4

Route 1 Load = 340 Distance = 505.93
         481   5  45  44  84  85 125 124 164 165 205 206 207 167 166 126  86  46  6 481

Route 2 Load = 830 Distance = 1226.97
         481   4   3  43  42  82  83 123 122 162 163 203 204 244 284 324 364 404 444 445 405 365 325 285 
246 247 287 327 367 368 328 288 248 208 168 128 127  87  88  89  49  48  47   7   8   9 481

Route 3 Load = 930 Distance = 1435.01
         481   2   1  41  81 121 161 201 202 242 282 322 362 402 442 443 403 363 323 283 243 245 286 326 
366 406 446 447 407 408 448 449 409 369 329 289 249 209 169 129 130  90  50  10 481

Route 4 Load = 810 Distance = 1510.56
         481  15  14  54  55  95  96  97 137 177 217 257 297 337 377 417 457 456 416 376 336 335 375 415 
455 454 414 374 334 294 293 333 373 413 453 452 412 372 332 292 252 213 214 174 173 133  93  92  52  
12 481

Route 5 Load = 980 Distance = 1447.27
         481  17  16  56  57  58  98 138 178 218 219 259 258 298 299 300 340 380 379 339 338 378 418 458 
459 419 420 460 461 421 381 341 301 261 260 220 221 181 180 179 139 140 141 101 100  99  59  60  20  
19 18 481

Route 6 Load = 950 Distance = 1198.58
         481  13  53  94 134 135 136 176 175 215 216 256 296 295 255 254 253 212 211 251 291 331 371 
411 451 450 410 370 330 290 250 210 170 171 172 132 131  91  51  11 481

Route 7 Load = 940 Distance = 1446.50
         481  24  23  63 103 143 144 184 183 223 264 304 265 305 345 344 384 424 464 465 425 385 386 
426 466 467 427 387 347 346 306 266 307 267 228 188 187 186 185 145 146 147 148 108  68  67  27 481

Route 8 Load = 940 Distance = 1387.47
         481  22  21  61  62 102 142 182 222 262 302 342 382 422 462 463 423 383 343 303 263 224 225 
226 227 268 308 348 388 428 468 469 429 389 349 309 269 229 230 190 189 149 110  70  69  29  28 481

Route 9 Load = 900 Distance =1194.81
         481  30  31  32  72  71 111 112 152 192 232 272 312 352 392 432 472 471 470 430 431 391 390 350 
351 311 310 270 271 231 191 151 150 109 107 106 105 104  64  65  66  26  25 481


Problem 4

Route 10 Load = 820 Distance = 889.33
         481  34  74  75 115 114 154 155 156 196 195 194 234 274 314 354 394 395 355 315 275 235 236 
277 278 238 198 158 118  78  38 481

Route 11 Load = 630 Distance = 1571.99
         481  33  73 113 153 193 233 273 313 353 393 433 473 474 434 435 475 476 436 396 356 357 397 
437 477 438 478 479 439 399 400 440 480 441 401 361 321 281 241 280 240 200 160 120  80  40 481

Route 12 Load = 530 Distance = 824.89
         481  39  79 119 159 199 239 279 319 320 360 359 398 358 318 317 316 276 237 197 157 117 116  
76  77  37  36  35 481

Total Distance = 14639.32
Total Customer Load = 9600

Problem 5

  Route 1 Load = 890 Distance = 1335.44
         201   4   5   6   7  27  26  25  45  65  85 105 125 145 165 185 184 164 144 124 104  84  64  63  83 
103 123 143 163 183 182 162 142 122 102  82  62  42  43  44  24  23  3  2 201

Route 2 Load = 890 Distance = 1604.42
         201   9  29  28  48  49  69  89  70  90 110 130 150 170 190 109 129 149 169 189 188 168 148 128 
108  88  68  67  87 107 127 147 167 187 186 166 146 126 106  86  66  46  47  8 201

Route 3 Load = 890 Distance = 1348.51
         201  10  11  12  32  31  30  50  51  71  91 111 131 151 171 191 192 172 152 132 112  92  72  52  53  
73  93 113 133 153 173 193 194 174 154 134 114  94  74  54  34  33  13  14 201

Route 4 Load = 430 Distance = 750.18
         201  17  16  36  37  57  56  76  96 116 136 156 176 196 195 175 155 135 115  95  75  55  35  15 201

Route 5 Load = 900 Distance = 1664.18
         201  20   1  22  21  40  60  41  61  81 101 121 141 161 181 200 180 160 140 120 100  80  79  99 119 
139 159 179 199 118 138 158 178 198 197 177 157 137 117  97  77  98  78  58  59  39  38  19  18 201

Total Distance = 6702.73
Total Customer Load = 4000

Problem 6

Route 1 Load = 760 Distance = 1001.48
         281   7   6   5  33  34  35  63  62  61  89 117 145 173 201 229 257 258 230 202 174 146 147 119 118  
90  91  93  94  67  68  39  40  41  13  12  11 281

Route 2 Load = 800 Distance = 1202.30
         281   1   2   3  31  30  29  57  58  59  87  86  85 113 141 169 197 225 253 254 226 198 170 142 114 
115 143 171 199 227 255 256 228 200 172 144 116  88  60  32   4 281

Route 3 Load = 900 Distance = 1331.50
         281   9  10  38  66  95 123 150 178 206 234 262 235 263 264 236 265 237 209 210 238 266 267 239 
211 183 182 154 181 153 125 126  98  99  71  43  15 281

Route 4 Load = 580 Distance = 1221.58
         281   8  36  37  65  64  92 120 148 176 204 175 203 231 259 232 260 261 233 205 177 149 121 122 
151 179 207 208 180 152 124  96  97  69  70  42  14 281

Route 5 Load = 480 Distance = 668.10
         281  18  19  20  48  76 104 132 160 188 187 159 131 103 102 130 129 101  73  74  75  47  46  45  17 
281

Route 6 Load = 580 Distance = 1329.48
         281  16  44  72 100 128 127 155 156 184 212 240 268 269 241 213 185 157 158 186 214 242 270 
271 243 215 216 244 272 273 245 217 189 161 133 105  77  49  21 281

Route 7 Load = 620 Distance = 853.17
         281  23  24  25  26  54  53  52  51  80  79 107 108 136 164 135 163 191 219 192 193 165 137 109 
110 111  83  82  81  55  27 281

Route 8 Load = 880 Distance = 1409.31
         281  28  56  84 112 140 168 196 224 252 280 279 251 223 195 167 139 138 166 194 222 250 278 
277 249 221 220 248 276 247 275 274 246 218 190 162 134 106  78  50  22 281

Total Distance = 9016.93
Total Customer Load = 5600



Problem 7
  
Route 1 Load = 800 Distance = 1227.52   
	361   2   1  37  38  74  73 109 110 146 145 181 182 218 217 253 254 290 289 325 326 327 328 
292 291 255 256 220 219 183 184 148 147 111 112  76  75  39  40   4   3 361

Route 2 Load = 800 Distance = 1227.52  
	361   6   5  41  42  78  77 113 114 150 149 185 186 222 221 257 258 294 293 329 330 331 332 
296 295 259 260 224 223 187 188 152 151 115 116  80  79  43  44   8   7 361

Route 3 Load = 800 Distance = 1227.52  
	361  10   9  45  46  82  81 117 118 154 153 189 190 226 225 261 262 298 297 333 334 335 336 
300 299 263 264 228 227 191 192 156 155 119 120  84  83  47  48  12  11 361

Route 4 Load = 800 Distance = 1227.52  
	361  14  13  49  50  86  85 121 122 158 157 193 194 230 229 265 266 302 301 337 338 339 340 
304 303 267 268 232 231 195 196 160 159 123 124  88  87  51  52  16  15 361

Route 5 Load = 800 Distance = 1227.52   
	361  18  17  53  54  90  89 125 126 162 161 197 198 234 233 269 270 306 305 341 342 343 344 
308 307 271 272 236 235 199 200 164 163 127 128  92  91  55  56  20  19 361

Route 6 Load = 800 Distance = 1227.52   
	361  22  21  57  58  94  93 129 130 166 165 201 202 238 237 273 274 310 309 345 346 347 348 
312 311 275 276 240 239 203 204 168 167 131 132  96  95  59  60  24  23 361

Route 7 Load = 800 Distance = 1227.52   
	361  26  25  61  62  98  97 133 134 170 169 205 206 242 241 277 278 314 313 349 350 351 352 
316 315 279 280 244 243 207 208 172 171 135 136 100  99  63  64  28  27 361

Route 8 Load = 800 Distance = 1227.52   
	361  30  29  65  66 102 101 137 138 174 173 209 210 246 245 281 282 318 317 353 354 355 356 
320 319 283 284 248 247 211 212 176 175 139 140 104 103  67  68  32  31 361

Route 9 Load = 800 Distance = 1227.52   
	361  34  33  69  70 106 105 141 142 178 177 213 214 250 249 285 286 322 321 357 358 359 360 
324 323 287 288 252 251 215 216 180 179 143 144 108 107  71  72  36  35 361
Problem 7

Total Distance = 11047.69
Total Customer Load = 7200

Problem 8

Route 1 Load = 800 Distance = 1113.64  
	441   2   1  45  46  90  89 133 134 178 177 221 222 266 265 309 310 354 353 397 398 399 400 
356 355 311 312 268 267 223 224 180 179 135 136  92  91  47  48   4   3 441

Route 2 Load = 800 Distance = 1113.64   
	441   6   5  49  50  94  93 137 138 182 181 225 226 270 269 313 314 358 357 401 402 403 404 
360 359 315 316 272 271 227 228 184 183 139 140  96  95  51  52   8   7 441

Route 3 Load = 800 Distance = 1113.64   
	441  10   9  53  54  98  97 141 142 186 185 229 230 274 273 317 318 362 361 405 406 407 408 
364 363 319 320 276 275 231 232 188 187 143 144 100  99  55  56  12  11 441

Route 4 Load = 800 Distance = 1113.64   
	441  14  13  57  58 102 101 145 146 190 189 233 234 278 277 321 322 366 365 409 410 411 412 
368 367 323 324 280 279 235 236 192 191 147 148 104 103  59  60  16  15 441

Route 5 Load = 800 Distance = 1113.64   
	441  18  17  61  62 106 105 149 150 194 193 237 238 282 281 325 326 370 369 413 414 415 416 
372 371 327 328 284 283 239 240 196 195 151 152 108 107  63  64  20  19 441

Route 6 Load = 800 Distance = 1113.64
	441  22  21  65  66 110 109 153 154 198 197 241 242 286 285 329 330 374 373 417 418 419 420 
376 375 331 332 288 287 243 244 200 199 155 156 112 111  67  68  24  23 441

Route 7 Load = 800 Distance = 1113.64  
	441  26  25  69  70 114 113 157 158 202 201 245 246 290 289 333 334 378 377 421 422 423 424 
380 379 335 336 292 291 247 248 204 203 159 160 116 115  71  72  28  27 441

Route 8 Load = 800 Distance = 1113.64   
	441  30  29  73  74 118 117 161 162 206 205 249 250 294 293 337 338 382 381 425 426 427 428 
384 383 339 340 296 295 251 252 208 207 163 164 120 119  75  76  32  31 441

Route 9 Load = 800 Distance = 1113.64   
	441  34  33  77  78 122 121 165 166 210 209 253 254 298 297 341 342 386 385 429 430 431 432 
388 387 343 344 300 299 255 256 212 211 167 168 124 123  79  80  36  35 441
Problem 8

Route 10 Load = 800 Distance = 1113.64   
	441  38  37  81  82 126 125 169 170 214 213 257 258 302 301 345 346 390 389 433 434 435 436 
392 391 347 348 304 303 259 260 216 215 171 172 128 127  83  84  40  39 441

Route 11 Load = 800 Distance = 1113.64   
	441  42  41  85  86 130 129 173 174 218 217 261 262 306 305 349 350 394 393 437 438 439 440 
396 395 351 352 308 307 263 264 220 219 175 176 132 131  87  88  44  43 441

Total Distance = 12250.06
Total Customer Load = 8800

Problem 9

Route 1 Load = 985 Distance = 64.59
         256  83 111 142 170 182 193 203 213 222 230 237 238 244 239 232 225 233 226 217 207 197 186 
173 159 144 113 256

Route 2 Load = 979 Distance = 19.79
         256  13  25  32  41  33  26  19   9   5 256

Route 3 Load = 994 Distance = 64.63
         256 129 145 160 174 198 208 218 227 234 240 245 249 252 248 243 231 224 216 206 196 185 172 
158 128  98  72 256

Route 4 Load = 997 Distance = 71.98
         256  96 141 155 168 180 191 201 211 220 228 235 241 246 250 253 255 254 251 247 242 236 229 
221 212 202 192 181 169 156 126 256

Route 5 Load = 992 Distance = 17.79
         256  11  17  24  31  23  16   6   3 256

Route 6 Load = 988 Distance = 49.77
         256  71  97 127 157 183 194 204 214 223 215 205 195 184 171 143 112  84  60 256  

Route 7 Load = 986 Distance =  47.44
         256  69  81  94 108 123 138 152 165 151 136 120 105  91  78  66  55  45  36  28  21  60  40 256

Route 8 Load = 981 Distance = 52.70
         256  50  85  99 114 130 146 161 187 199 209 219 210 200 188 175 162 147 131 115 100  86  73  61 
256

Route 9 Load = 600 Distance =  4.83
         256   1   2 256

Route 10 Load = 968 Distance = 11.40
         256   4   8  18  12   7 256

Route 11 Load = 980 Distance = 41.70
         256  30  38  47  57  68  80  93 107 122 137 121 106  92  79  67  56  46  37  
29  22 256

Route 12 Load = 986 Distance = 47.92
         256  39  48  58  82  95 109 124 139 153 166 178 190 179 167 154 140 125 110  70  59  49 256

Problem 9

Route 13 Load = 994 Distance = 50.50
         256  27  35  44  54  65  77  90 104 119 135 150 164 177 189 176 163 148 132 116 101  87  74  62  
51 256

Route 14 Load = 999 Distance = 42.06
         256  42  52  63  75  88 102 117 133 149 134 118 103  89  76  64  53  43  34  20  14 256

Total Distance = 587.09
Total Customer Load  = 13429







Problem 10

Route 1 Load = 995 Distance = 49.513
	324 50  72  98 128 162 196 212 226 240 227 213 197 180 163 145 129 113  85  73  51 324

Route 2 Load = 997 Distance = 80.195
	324 126 177 193 208 236 259 269 279 288 296 303 309 314 318 321 323 322 319 315 310 304 
298 291 282 272 262 250 238 224 210 178  97 324

Route 3 Load = 997 Distance = 50.054
	324 23  48  82 110 125 141 158 175 191 207 221 206 190 174 157 140 124 109  95  69  38  30 
324

Route 4 Load = 979 Distance = 65.014
	324 70  96 142 159 176 192 222 235 248 260 270 280 289 297 290 281 271 261 249 237 223 209 
194 160 143 111  83 324

Route 5 Load = 979 Distance = 18.614
	324 13  19  25  33  26  20  14   9   5 324

Route 6 Load = 998 Distance = 62.078
	324 47  57  68  80  93 107 122 138 155 172 188 204 219 233 246 258 247 234 220 205 189 173 
156 139 123 108  94  81  58 324

Route 7 Load = 600 Distance = 4.828
	324  2   1  324

Route 8 Load = 980 Distance = 49.614
	324 29  37  46  56  67  79  92 106 121 137 154 171 153 136 120 105  91  78  66  55  45  36  28  
21 324

Route 9 Load = 937 Distance = 24.998
	324 17  31  39  49  59  71  60  40  32  24 324

Route 10 Load = 978 Distance = 15.890
	324 3   6  10  15  22  16  11   7  324

Route 11 Load = 986 Distance = 50.073
	324 42  52  63  75  88 102 117 133 150 168 185 202 186 169 151 134 118 103  89  76  64  53  43  
34 324

Route 12 Load = 788 Distance = 10.576
	324 4  12  18   8 324



Problem 10

Route 13 Load = 986 Distance = 55.197
	324 27  35  44  54  65  77  90 104 119 135 152 170 187 203 218 232 217 201 167 149 132 116 
101  87  74  62 324

Route 14 Load = 1000 Distance = 68.002
	324 41  61 114 147 165 183 215 230 243 255 266 277 287 278 267 256 268 257 245 231 244 216 
200 184 166 148 131 115 100 324

Route 15 Load = 997 Distance = 73.957
	324 86 130 164 182 199 229 242 254 265 276 286 295 302 308 313 317 320 316 311 305 299 
292 283 273 263 251 225 195 161 127 324

Route 16 Load = 998 Distance = 67.960
	324 99 146 181 198 214 228 241 253 264 275 285 294 301 307 312 306 300 293 284 274 252 
239 211 179 144 112  84 324

Total Distance = 746.56
Total Customer Load = 15195

Problem 11

Route 1 Load = 999 Distance = 41.129
	400  34  43  53  64  76  89 103 118 134 119 104  90  77  65  54  44  35  27  20  14 400

Route 2 Load = 998 Distance = 73.888
	400  63  75  88 102 117 133 150 168 151 135 152 169 187 207 227 208 188 170 189 209 228 246 
263 279 294 278 261 243 224 204 184 165  62 400

Route 3 Load = 968 Distance = 54.706
	400  51  86 100 115 131 148 166 185 205 225 244 262 245 226 206 186 167 149 132 116 101  87  
74  52  42 400

Route 4 Load = 965 Distance = 68.199
	400  61  99 146 164 202 222 241 259 276 292 306 332 344 333 320 307 321 308 293 277 260 
242 223 203 183 147 130 114  73 400

Route 5 Load = 993 Distance = 82.484
	400  85 163 201 221 257 274 290 304 318 330 342 353 362 370 377 369 376 383 389 384 378 
371 363 354 343 331 319 305 291 275 258 240 182 129 400

Route 6 Load = 998 Distance = 68.400
	400  72  98 128 162 200 238 256 288 303 316 328 340 350 360 351 361 352 341 329 317 289 
273 239 220 181 145 113 400

Route 7 Load = 1000 Distance = 89.205
	400 144 180 219 255 287 301 314 338 348 358 367 374 381 387 391 394 397 399 398 395 392 
396 393 388 382 375 368 359 349 339 327 315 302 272 400

Route 8 Load = 926 Distance = 18.142
	400   9  13  19  26  33  25  18  12 400

Route 9 Load = 980 Distance = 23.827
	400  17  23  31  40  49  60  50  41  32  24 400

Route 10 Load = 973 Distance = 64.583
	400  71  97 127 179 218 236 270 285 299 312 325 336 347 337 326 313 300 286 271 254 237 
199 161 112  84 400

Route 11 Load = 996 Distance = 85.174
	400 196 215 233 250 266 281 309 322 334 345 355 364 372 379 385 390 386 380 373 366 357 
365 356 346 335 324 298 284 269 253 217 198 143 111  83 400



Problem 11

Route 12 Load = 977 Distance = 61.972
	400  59  96 126 160 178 197 235 252 268 283 297 311 323 310 296 282 267 251 234 216 177 
159142 110  70  39 400

Route 13 Load = 997 Distance = 71.337
	400  48  82 125 141 158 176 195 214 232 249 265 295 280 264 247 229 210 190 171 191 211 
230 248 231 213 194 175 157 140 124 109  95 400

Route 14 Load = 992 Distance = 50.834
	400  30  58  69  81  94 108 123 139 156 174 193 212 192 173 155 138 122 107  93  80  68  57  47  
38 400

Route 15 Load = 970 Distance = 49.598
	400   6  28  36  45  55  66  78  91 105 120 136 153 172 154 137 121 106  92  79  67  56  46  37 
400

Route 16 Load = 988 Distance = 18.718
	400   7  11  16  22  29  21  15  10   3 400

Route 17 Load = 300 Distance = 2.828
	400   1  400

Route 18 Load = 960 Distance = 7.657
	400   2   5   8   4  400

Total Distance = 932.68
Total Customer Load = 16980

Problem 12

Route 1 Load = 999 Distance = 70.59
         484  85 162 200 221 242 264 285 304 322 339 340 356 371 385 398 370 354 337 320 302 283 262 
241 219 199 127  97 484

Route 2 Load = 993 Distance = 77.16
         484  99 146 164 183 223 245 267 287 307 325 343 359 374 388 401 413 424 434 412 400 387 373 
358 342 324 306 266 244 202 182 163 129 484

Route 3 Load = 995 Distance = 92.72
         484 203 224 246 288 308 326 344 360 375 389 402 414 425 435 444 453 445 436 437 427 416 404 
391 377 362 346 329 311 292 272 251 229 208 188 152 135 119 104  90  77 484

Route 4 Load = 999 Distance = 107.92
         484  89 134 151 169 170 189 209 230 252 273 293 312 330 347 363 378 392 405 417 428 438 447 
455 462 468 473 477 480 476 472 467 461 454 446 426 415 403 390 376 361 345 328 310 291 270 484

Route 5 Load = 1000 Distance = 110.13
         484 215 258 278 333 350 366 381 395 408 420 431 449 457 464 470 475 479 482 483 481 478 474 
469 463 456 448 439 429 418 406 393 379 364 348 331 313 294 274 253 231 210 190 171 153 136 120 
484

Route 6 Load = 999 Distance = 76.91
         484 180 220 263 284 303 321 338 355 384 397 410 422 433 423 411 399 386 372 357 341 323 305 
286 265 243 222 201 181 145 113 484

Route 7 Load = 1000 Distance = 77.11
         484  67  79  92 106 138 156 174 214 236 257 277 296 315 297 316 334 351 367 382 368 383 369 
353 336 319 301 282 240 218 198 179 160 126 484

Route 8 Load = 997 Distance = 101.40
         484 122 155 173 192 234 255 295 314 332 349 365 380 394 407 419 430 440 441 450 458 465 471 
466 460 452 443 459 451 442 432 421 409 396 352 335 317 298 279 216 196 177 484

Route 9 Load = 900 Distance = 5.66
         484   2   4   1 484

Route 10 Load = 928 Distance = 21.39
         484   3   6  10  15  21  28  37  29  22  16 484



Problem 12

Route 11 Load = 999 Distance = 39.15
         484  30  38  47  57  68  94 108 123 140 124 109  95  81  69  58  48  39  23 484

Route 12 Load = 999 Distance = 63.05
         484  46  56  80  93 107 139 157 195 237 259 238 260 280 299 318 300 281 261 239 217 197 178 
159 142 110  96  59 484

Route 13 Load = 995 Distance = 68.65
         484  36  45  55  66  78  91 105 121 137 154 172 191 212 233 211 232 254 275 276 256 235 213 193 
194 175 176 158 141 125  82  70 484

Route 14 Load = 976 Distance = 13.06
         484   5   8  12  17  11  7  484

Route 15 Load = 996 Distance = 23.47
         484  13  19  25  33  51  50  41  32  24  18 484

Route 16 Load = 930 Distance = 29.84
         484   9  14  20  27  35  44  54  65  76  64  53  43  34  26 484

Route 17 Load = 999 Distance = 37.80
         484  31  49  71  83 111 143 161 144 128 112  98  84  72  60  40 484

Route 18 Load = 999 Distance = 52.26
         484  61  73  86 100 115 131 148 166 185 205 226 206 186 167 133 118 103 117 102  88  75  63  52  
42 484
   
Route 19 Load = 998 Distance = 68.93
         484 114 130 147 165 184 204 225 247 268 289 327 309 290 269 248 227 249 271 250 228 207 187 
168 150 149 132 116 101  87  74  62 484

Total Distance = 1137.18
Total Customer Load = 18701

Problem 13

Route 1 Load = 960 Distance = 15.06
         253   5  19  21   6 253

Route 2 Load = 900 Distance = 10.32
         253   9   8   7 253

Route 3 Load = 300 Distance = 6.32
         253  12 253

Route 4 Load = 976 Distance = 20.93
         253  13  14  34  35  15  16 253

Route 5 Load = 991 Distance = 42.67
         253  64 100 144 197 198 146 102 103 104 105  67  38 253

Route 6 Load = 976 Distance = 39.73
         253  63  99 143 195 196 145 101  65  66  36  37 253

Route 7 Load = 975 Distance = 53.33
         253 151 150 149 148 147 199 200 201 202 203 204 205 206 152 106 253

Route 8 Load = 900 Distance = 10.32
         253   1   2   3 253
   
Route 9 Load = 936 Distance = 29.83
         253  47  79 119 167 166 118  77  45  22 253

Route 10 Load = 976 Distance = 38.76
         253  41  42  71 109 155 208 207 153 107  69  68 253

Route 11 Load = 997 Distance = 41.39
         253  46  78 117 165 164 220 221 222 223 224 168 120  80 253

Route 12 Load = 988 Distance = 37.78
         253  70 108 154 209 210 211 157 111  73  43  20 253
   
Route 13 Load = 998 Distance = 43.73
         253  72 110 156 158 212 213 159 113 112  74  75  44 253

Route 14 Load = 960 Distance = 13.40
         253  10  28  29  11 253
 


Problem 13

Route 15 Load = 900 Distance = 18.20
         253  23  24  25  26  27 253

Route 16 Load = 876 Distance = 35.87
         253  48  81 121 169 225 226 170 122  82  49 253
   
Route 17 Load = 994 Distance = 48.27
         253  50 123 171 227 228 229 230 231 174 175 176 126  51 253
   
Route 18 Load = 936 Distance = 35.52
         253  53  87 129 179 238 237 236 178 128  86  52 253
   
Route 19 Load = 990 Distance = 46.53
         253  84  83 125 124 172 173 232 233 234 235 177 127  85 253
   
Route 20 Load = 916 Distance = 16.26
         253  17  39  40  18   4 253
   
Route 21 Load = 950 Distance = 43.80
         253  62  98 142 194 193 252 191 251 250 190 138 139  95 253
   
Route 22 Load = 936 Distance = 28.17
         253  32  60  96 140 192 141  97  61  33 253
   
Route 23 Load = 872 Distance = 22.90
         253  31  59  58  57  56  30 253
   
Route 24 Load = 998 Distance = 49.35
         253  93 136 188 187 186 244 245 246 247 248 249 189 137  94 253
   
Route 25 Load = 959 Distance = 37.91
         253  90  91 133 134 184 183 182 132 131  89  55 253
   
Route 26 Load = 997 Distance = 44.63
         253  54  88 130 180 181 239 240 241 242 243 185 135  92 253
   
Route 27 Load = 979 Distance = 50.04
         253  76 115 114 162 161 160 214 215 216 217 218 219 163 116 253

Total Distance = 881.04
Total Customer Load = 25136

Problem 14

Route 1 Load = 900 Distance = 10.32
         321  10  11  12 321
  
Route 2 Load = 960 Distance = 12.32
         321   7  23  22   6 321

Route 3 Load = 872 Distance = 22.90
         321  15  35  36  37  38  16 321

Route 4 Load = 958 Distance = 39.39
         321  68 105 151 150 204 205 206 152 106 107  69  39 321

Route 5 Load = 959 Distance = 42.04
         321  67  66 104 148 147 146 102 101 100  63  34 321
   
Route 6 Load = 989 Distance = 50.31
         321  99 144 145 197 198 199 200 201 202 203 149 103  65  64 321

Route 7 Load = 986 Distance = 61.80
         321 143 196 256 257 258 259 260 261 262 263 264 265 266 267 268 269 207 153 321
  
 Route 8 Load = 960 Distance = 12.32
         321   3  17  18   4 321
   
Route 9 Load = 992 Distance = 47.80
         321  95 139 191 251 318 319 320 253 254 255 195 194 142  98  62 321
  
Route 10 Load = 840 Distance = 16.07
         321  19  20  21   5 321

Route 11 Load = 993 Distance = 46.13
         321  82 122 170 226 290 291 227 228 172 124 125  83  50 321
   
Route 12 Load = 993 Distance = 56.71
         321 156 210 272 273 274 275 276 277 278 279 216 160 159 158 111  72 321

Route 13 Load = 988 Distance = 53.76
         321  46 117 165 284 283 282 281 280 215 214 213 212 211 157 110 321
   
Route 14 Load = 964 Distance = 40.13
         321  78 118 166 222 221 285 286 287 223 167 119  79  47 321


Problem 14

Route 15 Load = 984 Distance = 35.87
         321  44  43  74 114 162 163 115  75  76  45 321
   
Route 16 Load = 996 Distance = 58.25
         321 133 183 241 307 308 309 310 311 312 313 314 245 246 187 136  92 321
   
Route 17 Load = 949 Distance = 42.57
         321  77 116 164 220 219 218 217 161 113 112  73  42 321
   
Route 18 Load = 996 Distance = 23.66
         321  24  25  51  85  86  52  26 321
   
Route 19 Load = 997 Distance = 26.59
         321  29  55  90 132  89  88  54  28 321
   
Route 20 Load = 980 Distance = 38.22
         321  49  81 121 169 225 289 288 224 168 120  80  48 321
   
Route 21 Load = 976 Distance = 44.12
         321 130 180 238 239 240 306 305 304 303 237 179 129  87  53 321
   
Route 22 Load = 987 Distance = 56.09
         321 123 171 292 293 294 295 296 230 229 173 174 175 176 126  84 321
 
Route 23 Load = 980 Distance = 36.69
         321  41  71 109 155 209 271 270 208 154 108  70  40 321
   
Route 24 Load = 972 Distance = 53.48
         321 128 178 236 302 301 300 299 298 297 231 232 233 234 235 177 127 321
   
Route 25 Load = 780 Distance = 12.23
         321   8  27   9 321
   
Route 26 Load = 924 Distance = 23.00
         321  32  31  59  58  57  30 321
   
Route 27 Load = 876 Distance = 32.14
         321  33  61  97 141 193 252 192 140  96  60 321
   
Route 28 Load = 960 Distance = 13.40
         321   2  14  13   1 321
   
Route 29 Load = 996 Distance = 47.66
         321  56  91 134 135 185 186 244 243 242 184 182 181 131 321
Problem 14  

Route 30 Load = 965 Distance = 47.70
         321  93 137 189 188 248 247 315 316 317 249 250 190 138  94 321

Total Distance = 1103.69
Total Customer Load = 28672

Problem 15

Route 1 Load = 976 Distance = 20.93
         397  28  29  30  58  59  31 397
  
Route 2 Load = 924 Distance = 22.49
         397  21  45  44  43  20  19 397
   
Route 3 Load = 900 Distance = 10.32
         397   9   8   7 397
  
Route 4 Load = 916 Distance = 16.26
         397  32  60  33  13   1 397
   
Route 5 Load = 964 Distance = 29.26
         397  37  36  66  65  64  63  34  14 397
   
Route 6 Load = 993 Distance = 49.29
         397  70 108 154 208 270 341 342 343 344 274 212 158 112 111  73 397
   
Route 7 Load = 999 Distance = 48.21
         397  35 101 102 148 147 200 201 202 203 149 103 104  67 397
   
Route 8 Load = 965 Distance = 56.78
         397 100 145 146 198 199 259 260 261 262 263 264 265 266 204 150 105 397
   
Route 9 Load = 986 Distance = 65.52
         397 144 196 197 258 326 327 328 329 330 331 332 333 334 335 336 337 267 205 151 397
   
Route 10 Load = 960 Distance = 15.06
         397   3  16  15   2 397
   
Route 11 Load = 816 Distance = 20.20
         397  23  47  79  78  46  22 397
   
Route 12 Load = 916 Distance = 16.26
         397   4  18  40  39  17 397
   
Route 13 Load = 980 Distance = 38.22
         397  42  72 110 156 210 272 271 209 155 109  71  41 397
   
Route 14 Load = 600 Distance = 9.40
         397   5   6 397
   

Problem 15

Route 15 Load = 938 Distance = 48.18
         397  75 114 161 160 214 215 216 217 218 162 163 115  76 397
   
Route 16 Load = 988 Distance = 56.47
         397  74 113 159 213 275 276 277 278 279 280 281 282 283 219 164 116 397
  
Route 17 Load = 986 Distance = 66.58
         397 157 211 273 345 346 347 348 349 350 351 352 353 354 355 356 284 220 221 165 397
   
Route 18 Load = 974 Distance = 48.12
         397  54 130 180 181 239 238 304 305 379 378 377 303 237 179 129 397
   
Route 19 Load = 956 Distance = 45.87
         397  50  83 124 174 232 298 299 300 301 235 177 128  86 397
   
Route 20 Load = 964 Distance = 50.27
         397  81 121 169 225 290 291 364 363 362 361 289 224 168 120  80 397
   
Route 21 Load = 997 Distance = 50.53
         397  77 117 118 166 222 286 285 357 358 359 360 288 287 223 167 119 397
   
Route 22 Load = 900 Distance = 10.32
         397  10  11  12 397
   
Route 23 Load = 957 Distance = 38.70
         397  52  85 127 126 176 234 233 175 125  84  51 397
   
Route 24 Load = 962 Distance = 63.10
         397 170 226 227 228 292 293 365 366 367 368 369 295 294 230 229 171 
122 397
   
Route 25 Load = 993 Distance = 58.40
         397  82 123 172 173 231 297 296 370 371 372 373 374 375 376 302 236 
178 397
   
Route 26 Load = 998 Distance = 29.54
         397  55  90 132 131  89  88  87  53  27 397
   
Route 27 Load = 996 Distance = 55.51
         397  94 188 248 247 246 245 313 312 311 310 244 186 185 135  92 397
   
Route 28 Load = 796 Distance = 19.66
         397  26  25  49  48  24 397
Problem 15
   
Route 29 Load = 965 Distance = 48.11
         397  96 140 192 191 251 252 320 319 395 396 321 253 193 141  61 397
   
Route 30 Load = 993 Distance = 43.50
         397  69 107 153 207 269 340 339 338 268 206 152 106  68  38 397
   
Route 31 Load = 997 Distance = 52.53
         397 137 189 249 317 316 315 391 392 393 394 318 250 190 138 139  95 397
   
Route 32 Load = 992 Distance = 45.80
         397  57  91 134 184 242 243 309 308 307 241 183 133  56 397
   
Route 33 Load = 1000 Distance = 63.46
         397 182 240 306 380 381 382 383 384 385 386 387 388 389 390 314 187 
136  93 397
   
Route 34 Load = 997 Distance = 51.36
         397  62  99 143 195 255 256 257 325 324 323 322 254 194 142  98  97 397

Total Distance = 1364.23
Total Customer Load = 32244









Problem 16

Route 1 Load = 990 Distance = 53.570
	481 132 182 240 306 307 381 382 464 463 462 380 379 305 239 181 131  89 481

Route 2 Load = 964 Distance = 50.268
	481 76 116 163 219 283 282 353 354 355 356 284 220 164 117  77 481

Route 3 Load = 916 Distance = 17.342
	481 22  46  45  21   5 481

Route 4 Load = 960 Distance = 12.324
	481  10  28  27   9  481

Route 5 Load = 916 Distance = 17.342
	481  23  47  48  24   8  481

Route 6 Load = 872 Distance = 21.662
	481  26  52  53  54  55  29  481

Route 7 Load = 976 Distance = 43.502
	481  86 177 235 301 375 374 300 234 127  85  51  25  481

Route 8 Load = 991 Distance = 48.542
	481  70 108 154 208 270 340 339 417 418 419 341 271 209 155 109  71  481

Route 9 Load = 945 Distance = 43.626
	481  30  58  94 189 249 317 393 394 318 250 190 138  481

Route 10 Load = 936 Distance = 21.342
	481  13  33  61  62  34   2  481

Route 11 Load = 996 Distance = 23.662
	481  16  38  68  67  37  15  14  481

Route 12 Load = 960 Distance = 12.324
	481  3  17  18   4  481

Route 13 Load = 600 Distance = 8.324
	481   6   7  481

Route 14 Load = 977 Distance = 62.840
	481 156 210 272 342 420 421 422 423 424 425 347 346 345 344 343 273 211 157 110  481

Problem 16

Route 15 Load = 977 Distance = 68.509
	481 123 172 229 293 294 366 446 447 448 449 450 451 452 453 371 297 298 232 175  481

Route 16 Load = 989 Distance = 49.354
	481  63  99 144 196 197 198 199 200 201 202 148 149 104  66  481

Route 17 Load = 1000 Distance = 24.902
	481  40  41  42  43  44  20  19  481

Route 18 Load = 991 Distance = 48.111
	481 78 118 166 222 286 358 438 439 440 360 359 287 223 167 119  79  481

Route 19 Load = 995 Distance = 61.624
	481  90 183 241 308 309 310 384 385 386 387 388 389 390 314 246 187  92  481

Route 20 Load = 997 Distance = 73.371
	481 97 194 254 322 398 399 400 401 402 403 404 405 406 407 408 331 332 333 334 335 204  
481

Route 21 Load = 975 Distance = 55.632
	481 128 178 236 302 376 458 457 456 455 454 372 373 299 233 176 126  84  481

Route 22 Load = 986 Distance = 46.526
	481 75 114 113 159 213 275 274 212 158 112 111  73  72  481

Route 23 Load = 982 Distance = 47.301
	481 39  69 107 153 207 269 268 338 416 415 337 267 206 152 106  481

Route 24 Load = 944 Distance = 46.939
	481  88 130 180 238 304 378 461 460 459 377 303 237 179 129  87  481

Route 25 Load = 980 Distance = 36.687
	481  60  96 140 192 252 320 319 251 191 139  95  59  481

Route 26 Load = 977 Distance = 69.399
	481 142 255 323 324 325 326 327 328 329 330 409 410 411 412 413 414 336 266 205 151 481

Route 27 Load = 989 Distance = 71.534
	481 74 160 214 276 277 278 348 426 427 428 429 349 350 430 431 351 280 281 218  481
Problem 16

Route 28 Load = 940 Distance = 56.739
	481 125 174 231 296 370 369 368 367 295 230 173 124  83  50  481

Route 29 Load = 959 Distance = 69.024
	481 133 184 242 383 465 466 467 468 469 470 471 472 473 474 475 391 315 247 136  481

Route 30 Load = 300 Distance = 6.324
	481  1  481

Route 31 Load = 940 Distance = 56.798
	481 98 143 195 256 257 258 259 260 261 262 263 264 265 203 150 105  481

Route 32 Load = 978 Distance = 62.037
	481 165 221 285 357 437 436 435 434 433 432 352 279 215 216 217 161 162 115  481

Route 33 Load = 983 Distance = 59.269
	481 93 137 188 248 316 392 476 477 478 479 395 396 480 397 321 253 193 141  481

Route 34 Load = 958 Distance = 47.370
	481  49 122 170 226 227 291 363 362 290 289 225 169 121  81  481

Route 35 Load = 992 Distance = 51.129
	481  56  91 134 185 243 244 311 312 313 245 186 135  57  481

Route 36 Load = 987 Distance = 40.987
	481  35  64 100 101 145 146 147 102 103  65  36  481

Route 37 Load = 960 Distance = 13.405
	481  12  32  31  11  481

Route 38 Load = 994 Distance = 57.017
	481 80 120 168 224 288 361 441 442 443 444 445 365 364 292 228 171  82  481

Total Distance = 1656.66
Total Customer Load = 35772

Problem 17

Route 1 Load = 200 Distance = 41.539
	241  19  79 139 198 199 200 187 205 204 203  84  241

Route 2 Load = 200 Distance = 33.939
	241  38  48 168 109  70 164 223 222 163 103  43  241

Route 3 Load = 190 Distance = 18.835
	241  45   5  65 110  51  56  46   6  241

Route 4 Load = 190 Distance = 18.042
	241  14  74  23  83 134 122 141  62  21   2  241

Route 5 Load = 200 Distance = 27.621
	241  24 143 194 182 146  87  93   8  92  32  241

Route 6 Load = 190 Distance = 24.485
	241  29  89  34  94 149  95   9 101 100  41  40  39  37  241

Route 7 Load = 200 Distance = 41.111
	241 170 225 230 231 232 191 237 131 172 171 111  241

Route 8 Load = 200 Distance = 41.074
	241  26  81  86 201 206 207 208 188 213 128 148 147  241

Route 9 Load = 200 Distance = 31.184
	241 116 176 235 236 177  71 117 112  11  52  57  241

Route 10 Load = 200 Distance = 32.175
	241  27  28  33  88  68 153 212 211 152 202 151  91  82  31  241

Route 11 Load = 190 Distance = 22.797
	241 106  55 115 226 175 186 126 166  66  53  241

Route 12 Load = 180 Distance = 20.808
	241  22   3 142 183 123  63  241

Route 13 Load = 200 Distance = 23.532
	241 113  58 173 118  60  12  77  76  16  15  54   1  241

Route 14 Load = 200 Distance = 40.181
	241  35 154 209 214 215 216 189 221 129 156 155  241

Route 15 Load = 200 Distance = 33.045
	241  17 136 137 132 180  72 120 179 119  59  241
Problem 17

Route 16 Load = 200 Distance = 42.382
	241 135 234 181 195 196 197 192 240 239 238 233 178  241

Route 17 Load = 200 Distance = 34.599
	241  99 150 159 210 184 219 160 220 161  69  96  36  241

Route 18 Load = 200 Distance = 20.497
	241  30   4  90  97  64 124 162 217 102 157  42  241

Route 19 Load = 200 Distance = 25.820
	241  49  10 108 167 218 185 125 165  50 105  241

Route 20 Load = 180 Distance = 21.325
	241  13 114  73  61  75 174 121 193 138 133  78  18  241

Route 21 Load = 200 Distance = 32.095
	241  20  80 140 127 145  67 144  85   7  25  241

Route 22 Load = 200 Distance = 39.753
	241  47  98 158 107 227 228 229 190 224 130 169 104  44  241

Total Distance = 666.84
Total Customer Load = 4320

Problem 18

Route 1 Load = 200 Distance = 40.574
	301  85  67 145 127 200 259 258 199 140 139  20  301

Route 2 Load = 190 Distance = 18.835
	301  45   5 105  50 110  51  52  57  56  46   6  301

Route 3 Load = 140 Distance = 15.213
	301  14  74  23  62  81  26  21   2  301

Route 4 Load = 190 Distance = 33.838
	301  49  10 168 227 278 245 285 230 171 111  301

Route 5 Load = 200 Distance = 29.581
	301  91  92 152 212 153  68  88  93   8  28  33  301

Route 6 Load = 200 Distance = 38.585
	301 173 118 178  72 137 196 255 294 241 253 198  19  301

Route 7 Load = 200 Distance = 25.990
	301  65 125 185 225 117  11 116  301

Route 8 Load = 200 Distance = 51.927
	301 165 170 290 291 292 251 297 191 236 177 176  301

Route 9 Load = 200 Distance = 51.123
	301 201 146 261 206 266 267 268 248 273 188 208 207  301

Route 10 Load = 200 Distance = 42.969
	301 115 235 286 295 296 237 232 131 231 172  71 112  301

Route 11 Load = 200 Distance = 30.260
	301  27  86 141 122 182 242 194 143 134  83  301

Route 12 Load = 200 Distance = 44.528
	301 149  94 154 214 269 262 211 271 272 213 128 148 147  87  301

Route 13 Load = 190 Distance = 20.020
	301  30  37   4  90  97  64  43  48  47  98  38  301

Route 14 Load = 180 Distance = 27.035
	301  32 202 151 183 209  95   9  36  35  301

Route 15 Load = 200 Distance = 22.975
	301  53 113  58 126 186 175 226 166  66 106  55  301
Problem 18

Route 16 Load = 190 Distance = 17.799
	301  22   3  82  31  63 142 123  34  89  29  301

Route 17 Load = 200 Distance = 28.868
	301  59  60  12  77 136 195 181 135 234  75 174  15  301

Route 18 Load = 200 Distance = 38.697
	301  96  69 156 129 221 189 216 215 155  301

Route 19 Load = 200 Distance = 54.714
	301  76 256 257 252 300 299 298 246 293 238 233  301

Route 20 Load = 200 Distance = 55.370
	301 243 274 275 276 249 281 280 279 220 161 101  301

Route 21 Load = 190 Distance = 38.977
	301 119 179 239 240 192 197 132 180 120  17  301

Route 22 Load = 200 Distance = 27.480
	301  24  84  25   7  80  79 193 138 121  16  301

Route 23 Load = 150 Distance = 16.497
	301  13  54   1  73 114  61 133  78  18  301

Route 24 Load = 200 Distance = 32.381
	301  40  41 100 160 219 270 244 277 222 163 103  44  301

Route 25 Load = 180 Distance = 23.822
	301  39 150  99 124 210 159 184 162 217 102 157  42  301

Route 26 Load = 200 Distance = 40.136
	301 108 109  70 169 130 224 283 282 223 164 104  301

Route 27 Load = 200 Distance = 52.699
	301 158 107 167 218 287 288 289 250 284 190 229 228  301

Route 28 Load = 200 Distance = 52.706
	301 203 254 263 264 265 247 260 187 205 204 144  301

Total Distance = 973.60
Total Customer Load = 5400


Problem 19

Route 1 Load = 200 Distance = 31.753
361  32  33  88   8 152 262 211 151 202 183 209 154  361

Route 2 Load = 200 Distance = 38.400
	361 108 227 278 245 305 345 290 230 285 185 361

Route 3 Load = 200 Distance = 44.273
	361 143 254 242 302 321 267 208 128 153  28  361

Route 4 Load = 200 Distance = 32.853
	361  44 104 103 163 222 277 244 270 219 160 100  40  361

Route 5 Load = 200 Distance = 38.863
	361  10 109  70 164 223 282 337 304  43  361

Route 6 Load = 200 Distance = 28.525
	361 110 225 170 171 111 112  11 116 226 175  66  361

Route 7 Load = 200 Distance = 25.894
	361  19  20   7 194 182 122  62  361

Route 8 Load = 200 Distance = 53.081
 	361 142 243 303 322 271 331 332 273 272 212  91  361

Route 9 Load = 200 Distance = 65.953
	361 287 338 347 348 349 310 344 250 289 288 228  361

Route 10 Load = 200 Distance = 42.077
	361  79 139 140 127 205 187 259 199 198 138  361

Route 11 Load = 190 Distance = 24.154
	361  30  42 102 157 124 217 162 184 210 159 150  99  39  361

Route 12 Load = 200 Distance = 35.435
	361  41   9  96  69 156 215 274 329 269 214  95  36  361

Route 13 Load = 200 Distance = 49.893
	361 119 179 239 299 300 359 358 298 353 293 238 186  361

Route 14 Load = 200 Distance = 53.248
	361  49 168 169 229 190 284 343 342 283 224 130  361

Route 15 Load = 200 Distance = 64.448
	361 266 326 327 328 308 333 248 268 188 213  361
Problem 19

Route 16 Load = 200 Distance = 25.507
	361  14  74  23  24  84 134  83 141 201 146  86  81  26   2  21  361

Route 17 Load = 110 Distance = 14.000
	361  37   4  97  90  64  361

Route 18 Load = 200 Distance = 52.594
	361 101 161 129 221 189 276 335 334 275 216 155  361

Route 19 Load = 200 Distance = 51.489
	361 117 131 237 191 292 351 350 291 232 231 172  361

Route 20 Load = 200 Distance = 50.799
	361  25  85 144  67 145 204 264 265 324 323 263 314 203  361

Route 21 Load = 200 Distance = 65.722
	361 315 316 317 312 360 252 257 256 196 136  361

Route 22 Load = 200 Distance = 66.196
 	361  193 253 258 313 318 319 320 307 325 247 260 200  80  361

Route 23 Load = 180 Distance = 21.773
	361  38  47  98  48 107 158 167 218 125 165  65  361

Route 24 Load = 200 Distance = 18.042
	361  29  89  34  35 149  94 123  63  22   3  361

Route 25 Load = 200 Distance = 19.013
	361   5  45 105  50  51  52  57  56 115  55 106   6  361

Route 26 Load = 200 Distance = 66.356
	361 279 330 339 340 341 309 336 249 281 280 220  361

Route 27 Load = 200 Distance = 32.101
	361  27  87 147 206 261 207 148  68  93  92  82  31  361

Route 28 Load = 200 Distance = 64.798
	361 176 296 297 251 352 311 357 356 355 286 235  361

Route 29 Load = 200 Distance = 37.141
	361  16  76 195 255 354 301 241 294 181  361

Route 30 Load = 200 Distance = 21.325
	361  18 133  78 121 234 135 174  75  61  73   1  361
Problem 19

Route 31 Load = 200 Distance = 39.005
	361  58 113 120  72 180 132 240 192 197 137  77  361

Route 32 Load = 200 Distance = 25.507
	361  13  54 114  15  17  12  60  59 173 118 126 166  46  361

Route 33 Load = 200 Distance = 38.519
	361  71 177 236 295 346 306 246 233 178  53  361

Total Distance = 1338.74
Total Customer Load = 6480

Problem 20

Route 1 Load = 190 Distance = 27.454
	421  39 150  99 159 210 184 162 217 103  10  48  421

Route 2 Load = 60 Distance = 10.000
	421  54  13   1  421

Route 3 Load = 200 Distance = 53.135
	421 152 271 331 382 363 389 334 303 322 262 211 202 151 421

Route 4 Load = 170 Distance = 25.567
	421  29  89  34 149  94  36   9  96  69 101  41  421

Route 5 Load = 200 Distance = 58.020
	421 218 227 278 338 287 347 398 365 410 405 350 291 232 231 172 421

Route 6 Load = 200 Distance = 89.467
	421 258 313 318 373 378 379 307 380 367 385 384 383  421

Route 7 Load = 200 Distance = 47.215
	421 163 222 277 244 304 364 390 330 270 219  421

Route 8 Load = 200 Distance = 41.562
	421 104  70 130 224 190 288 228 168  421

Route 9 Load = 170 Distance = 23.173
	421  14  74  23  24  83 134 143  84   7  20  19  421

Route 10 Load = 200 Distance = 47.787
	421 198 253 241 301 361 414 315 354 255 196  421

Route 11 Load = 200 Distance = 38.263
	421  40 100 160 161 220 221 129 215 155  95  421

Route 12 Load = 200 Distance = 87.881
	421 156 275 276 335 394 395 396 369 401 400 399 339 279  421

Route 13 Load = 200 Distance = 29.798
	421  73 114  15  75 174 234 135 136 195 294 181 138 193 133  78  18  421

Route 14 Load = 130 Distance = 16.093
	421  63 142  91  31  82  22   3  421

Route 15 Load = 200 Distance = 55.031
	421  85 145 205 264 323 374 362 381 326 267 208 128  421
Problem 20

Route 16 Load = 200 Distance = 67.506
	421 223 282 337 342 397 402 343 403 344 250 284 283 164  421

Route 17 Load = 180 Distance = 24.930
	421  16  17  12  77  76 121  61  421

Route 18 Load = 190 Distance = 18.497
	421  30  37   4  90  97  64 124 157 102  42  421

Route 19 Load = 200 Distance = 83.142
	421 272 332 391 392 393 368 388 308 333 273 153  421

Route 20 Load = 200 Distance = 86.469
	421 356 357 416 311 417 371 412 411 352 351  421

Route 21 Load = 200 Distance = 63.715
	421 212 213 188 268 248 328 387 386 327 207  421

Route 22 Load = 200 Distance = 84.481
 	421 348 407 408 409 370 404 310 349 289 229 169 109  421

Route 23 Load = 200 Distance = 85.243
	421 358 418 419 420 372 377 312 360 359 300 299  421

Route 24 Load = 50 Distance = 10.770
	421  46   6  421

Route 25 Load = 200 Distance = 50.178
	421 177 131 237 191 292 251 297 296 236  421

Route 26 Load = 200 Distance = 42.964
	421  68 148 266 321 302 263 314 242 254 203 194  421

Route 27 Load = 200 Distance = 38.498
	421  79 139 199 259 200 127  67 144  25  421

Route 28 Load = 200 Distance = 64.991
	421  80 140 187 260 319 320 247 325 324 265 204  421

Route 29 Load = 190 Distance = 27.609
	421  62 122 182 261 206 147 146 201 141  421

Route 30 Load = 190 Distance = 23.052
	421  32  28  33  92  93  88   8  87  27  86  81  26  421
Problem 20

Route 31 Load = 200 Distance = 25.195
	421  55  56  52  57 112 117  11 111 225 170  51  50 105  45  421

Route 32 Load = 200 Distance = 55.275
	421 246 306 413 366 415 406 355 346 295 235 286  421

Route 33 Load = 200 Distance = 36.890
	421 165 185 245 305 345 290 230 285 171 110  421

Route 34 Load = 200 Distance = 33.275
	421 123 183 243 274 329 269 214 209 154  35  421

Route 35 Load = 200 Distance = 24.765
	421  43  44  49 108 167 107 158 125  65  98  47  38  421

Route 36 Load = 190 Distance = 38.528
	421  60 120 179  72 180 132 239 298 353 293 238  421

Route 37 Load = 200 Distance = 22.313
	421   5  66 166 126 118 173  59 113  58  53  421

Route 38 Load = 200 Distance = 32.243
	421 119 178 233 186 226 175 176  71 116 115 106  421

Route 39 Load = 50 Distance = 10.770
	421 21   2  421

Route 40 Load = 200 Distance = 64.482
	421 280 340 341 309 336 249 281 189 216  421

Route 41 Load = 200 Distance = 65.394
	421 137 197 256 316 375 376 317 252 257 192 240  421

Total Distance = 1831.62
Total Customer Load = 7560




