480 1000 999999 0 1650.94
 0 .0000      0.0000      0
  3.0000      1.0000    300
  3.0000      3.0000    300
  1.0000      3.0000    300
 -1.0000      3.0000    300
 -3.0000      3.0000    300
 -3.0000      1.0000    300
 -3.0000     -1.0000    300
 -3.0000     -3.0000    300
 -1.0000     -3.0000    300
  1.0000     -3.0000    300
  3.0000     -3.0000    300
  3.0000     -1.0000    300
  5.0000      1.0000    180
  5.0000      3.0000    180
  5.0000      5.0000    180
  3.0000      5.0000    180
  1.0000      5.0000    180
 -1.0000      5.0000    180
 -3.0000      5.0000    180
 -5.0000      5.0000    180
 -5.0000      3.0000    180
 -5.0000      1.0000    180
 -5.0000     -1.0000    180
 -5.0000     -3.0000    180
 -5.0000     -5.0000    180
 -3.0000     -5.0000    180
 -1.0000     -5.0000    180
  1.0000     -5.0000    180
  3.0000     -5.0000    180
  5.0000     -5.0000    180
  5.0000     -3.0000    180
  5.0000     -1.0000    180
  7.0000      1.0000    128
  7.0000      3.0000    128
  7.0000      5.0000    128
  7.0000      7.0000    128
  5.0000      7.0000    128
  3.0000      7.0000    128
  1.0000      7.0000    128
 -1.0000      7.0000    128
 -3.0000      7.0000    128
 -5.0000      7.0000    128
 -7.0000      7.0000    128
 -7.0000      5.0000    128
 -7.0000      3.0000    128
 -7.0000      1.0000    128
 -7.0000     -1.0000    128
 -7.0000     -3.0000    128
 -7.0000     -5.0000    128
 -7.0000     -7.0000    128
 -5.0000     -7.0000    128
 -3.0000     -7.0000    128
 -1.0000     -7.0000    128
  1.0000     -7.0000    128
  3.0000     -7.0000    128
  5.0000     -7.0000    128
  7.0000     -7.0000    128
  7.0000     -5.0000    128
  7.0000     -3.0000    128
  7.0000     -1.0000    128
  9.0000      1.0000    100
  9.0000      3.0000    100
  9.0000      5.0000    100
  9.0000      7.0000    100
  9.0000      9.0000    100
  7.0000      9.0000    100
  5.0000      9.0000    100
  3.0000      9.0000    100
  1.0000      9.0000    100
 -1.0000      9.0000    100
 -3.0000      9.0000    100
 -5.0000      9.0000    100
 -7.0000      9.0000    100
 -9.0000      9.0000    100
 -9.0000      7.0000    100
 -9.0000      5.0000    100
 -9.0000      3.0000    100
 -9.0000      1.0000    100
 -9.0000     -1.0000    100
 -9.0000     -3.0000    100
 -9.0000     -5.0000    100
 -9.0000     -7.0000    100
 -9.0000     -9.0000    100
 -7.0000     -9.0000    100
 -5.0000     -9.0000    100
 -3.0000     -9.0000    100
 -1.0000     -9.0000    100
  1.0000     -9.0000    100
  3.0000     -9.0000    100
  5.0000     -9.0000    100
  7.0000     -9.0000    100
  9.0000     -9.0000    100
  9.0000     -7.0000    100
  9.0000     -5.0000    100
  9.0000     -3.0000    100
  9.0000     -1.0000    100
 11.0000      1.0000     81
 11.0000      3.0000     81
 11.0000      5.0000     81
 11.0000      7.0000     81
 11.0000      9.0000     81
 11.0000     11.0000     81
  9.0000     11.0000     81
  7.0000     11.0000     81
  5.0000     11.0000     81
  3.0000     11.0000     81
  1.0000     11.0000     81
 -1.0000     11.0000     81
 -3.0000     11.0000     81
 -5.0000     11.0000     81
 -7.0000     11.0000     81
 -9.0000     11.0000     81
-11.0000     11.0000     81
-11.0000      9.0000     81
-11.0000      7.0000     81
-11.0000      5.0000     81
-11.0000      3.0000     81
-11.0000      1.0000     81
-11.0000     -1.0000     81
-11.0000     -3.0000     81
-11.0000     -5.0000     81
-11.0000     -7.0000     81
-11.0000     -9.0000     81
-11.0000    -11.0000     81
 -9.0000    -11.0000     81
 -7.0000    -11.0000     81
 -5.0000    -11.0000     81
 -3.0000    -11.0000     81
 -1.0000    -11.0000     81
  1.0000    -11.0000     81
  3.0000    -11.0000     81
  5.0000    -11.0000     81
  7.0000    -11.0000     81
  9.0000    -11.0000     81
 11.0000    -11.0000     81
 11.0000     -9.0000     81
 11.0000     -7.0000     81
 11.0000     -5.0000     81
 11.0000     -3.0000     81
 11.0000     -1.0000     81
 13.0000      1.0000     69
 13.0000      3.0000     69
 13.0000      5.0000     69
 13.0000      7.0000     69
 13.0000      9.0000     69
 13.0000     11.0000     69
 13.0000     13.0000     69
 11.0000     13.0000     69
  9.0000     13.0000     69
  7.0000     13.0000     69
  5.0000     13.0000     69
  3.0000     13.0000     69
  1.0000     13.0000     69
 -1.0000     13.0000     69
 -3.0000     13.0000     69
 -5.0000     13.0000     69
 -7.0000     13.0000     69
 -9.0000     13.0000     69
-11.0000     13.0000     69
-13.0000     13.0000     69
-13.0000     11.0000     69
-13.0000      9.0000     69
-13.0000      7.0000     69
-13.0000      5.0000     69
-13.0000      3.0000     69
-13.0000      1.0000     69
-13.0000     -1.0000     69
-13.0000     -3.0000     69
-13.0000     -5.0000     69
-13.0000     -7.0000     69
-13.0000     -9.0000     69
-13.0000    -11.0000     69
-13.0000    -13.0000     69
-11.0000    -13.0000     69
 -9.0000    -13.0000     69
 -7.0000    -13.0000     69
 -5.0000    -13.0000     69
 -3.0000    -13.0000     69
 -1.0000    -13.0000     69
  1.0000    -13.0000     69
  3.0000    -13.0000     69
  5.0000    -13.0000     69
  7.0000    -13.0000     69
  9.0000    -13.0000     69
 11.0000    -13.0000     69
 13.0000    -13.0000     69
 13.0000    -11.0000     69
 13.0000     -9.0000     69
 13.0000     -7.0000     69
 13.0000     -5.0000     69
 13.0000     -3.0000     69
 13.0000     -1.0000     69
 15.0000      1.0000     60
 15.0000      3.0000     60
 15.0000      5.0000     60
 15.0000      7.0000     60
 15.0000      9.0000     60
 15.0000     11.0000     60
 15.0000     13.0000     60
 15.0000     15.0000     60
 13.0000     15.0000     60
 11.0000     15.0000     60
  9.0000     15.0000     60
  7.0000     15.0000     60
  5.0000     15.0000     60
  3.0000     15.0000     60
  1.0000     15.0000     60
 -1.0000     15.0000     60
 -3.0000     15.0000     60
 -5.0000     15.0000     60
 -7.0000     15.0000     60
 -9.0000     15.0000     60
-11.0000     15.0000     60
-13.0000     15.0000     60
-15.0000     15.0000     60
-15.0000     13.0000     60
-15.0000     11.0000     60
-15.0000      9.0000     60
-15.0000      7.0000     60
-15.0000      5.0000     60
-15.0000      3.0000     60
-15.0000      1.0000     60
-15.0000     -1.0000     60
-15.0000     -3.0000     60
-15.0000     -5.0000     60
-15.0000     -7.0000     60
-15.0000     -9.0000     60
-15.0000    -11.0000     60
-15.0000    -13.0000     60
-15.0000    -15.0000     60
-13.0000    -15.0000     60
-11.0000    -15.0000     60
 -9.0000    -15.0000     60
 -7.0000    -15.0000     60
 -5.0000    -15.0000     60
 -3.0000    -15.0000     60
 -1.0000    -15.0000     60
  1.0000    -15.0000     60
  3.0000    -15.0000     60
  5.0000    -15.0000     60
  7.0000    -15.0000     60
  9.0000    -15.0000     60
 11.0000    -15.0000     60
 13.0000    -15.0000     60
 15.0000    -15.0000     60
 15.0000    -13.0000     60
 15.0000    -11.0000     60
 15.0000     -9.0000     60
 15.0000     -7.0000     60
 15.0000     -5.0000     60
 15.0000     -3.0000     60
 15.0000     -1.0000     60
 17.0000      1.0000     52
 17.0000      3.0000     52
 17.0000      5.0000     52
 17.0000      7.0000     52
 17.0000      9.0000     52
 17.0000     11.0000     52
 17.0000     13.0000     52
 17.0000     15.0000     52
 17.0000     17.0000     52
 15.0000     17.0000     52
 13.0000     17.0000     52
 11.0000     17.0000     52
  9.0000     17.0000     52
  7.0000     17.0000     52
  5.0000     17.0000     52
  3.0000     17.0000     52
  1.0000     17.0000     52
 -1.0000     17.0000     52
 -3.0000     17.0000     52
 -5.0000     17.0000     52
 -7.0000     17.0000     52
 -9.0000     17.0000     52
-11.0000     17.0000     52
-13.0000     17.0000     52
-15.0000     17.0000     52
-17.0000     17.0000     52
-17.0000     15.0000     52
-17.0000     13.0000     52
-17.0000     11.0000     52
-17.0000      9.0000     52
-17.0000      7.0000     52
-17.0000      5.0000     52
-17.0000      3.0000     52
-17.0000      1.0000     52
-17.0000     -1.0000     52
-17.0000     -3.0000     52
-17.0000     -5.0000     52
-17.0000     -7.0000     52
-17.0000     -9.0000     52
-17.0000    -11.0000     52
-17.0000    -13.0000     52
-17.0000    -15.0000     52
-17.0000    -17.0000     52
-15.0000    -17.0000     52
-13.0000    -17.0000     52
-11.0000    -17.0000     52
 -9.0000    -17.0000     52
 -7.0000    -17.0000     52
 -5.0000    -17.0000     52
 -3.0000    -17.0000     52
 -1.0000    -17.0000     52
  1.0000    -17.0000     52
  3.0000    -17.0000     52
  5.0000    -17.0000     52
  7.0000    -17.0000     52
  9.0000    -17.0000     52
 11.0000    -17.0000     52
 13.0000    -17.0000     52
 15.0000    -17.0000     52
 17.0000    -17.0000     52
 17.0000    -15.0000     52
 17.0000    -13.0000     52
 17.0000    -11.0000     52
 17.0000     -9.0000     52
 17.0000     -7.0000     52
 17.0000     -5.0000     52
 17.0000     -3.0000     52
 17.0000     -1.0000     52
 19.0000      1.0000     47
 19.0000      3.0000     47
 19.0000      5.0000     47
 19.0000      7.0000     47
 19.0000      9.0000     47
 19.0000     11.0000     47
 19.0000     13.0000     47
 19.0000     15.0000     47
 19.0000     17.0000     47
 19.0000     19.0000     47
 17.0000     19.0000     47
 15.0000     19.0000     47
 13.0000     19.0000     47
 11.0000     19.0000     47
  9.0000     19.0000     47
  7.0000     19.0000     47
  5.0000     19.0000     47
  3.0000     19.0000     47
  1.0000     19.0000     47
 -1.0000     19.0000     47
 -3.0000     19.0000     47
 -5.0000     19.0000     47
 -7.0000     19.0000     47
 -9.0000     19.0000     47
-11.0000     19.0000     47
-13.0000     19.0000     47
-15.0000     19.0000     47
-17.0000     19.0000     47
-19.0000     19.0000     47
-19.0000     17.0000     47
-19.0000     15.0000     47
-19.0000     13.0000     47
-19.0000     11.0000     47
-19.0000      9.0000     47
-19.0000      7.0000     47
-19.0000      5.0000     47
-19.0000      3.0000     47
-19.0000      1.0000     47
-19.0000     -1.0000     47
-19.0000     -3.0000     47
-19.0000     -5.0000     47
-19.0000     -7.0000     47
-19.0000     -9.0000     47
-19.0000    -11.0000     47
-19.0000    -13.0000     47
-19.0000    -15.0000     47
-19.0000    -17.0000     47
-19.0000    -19.0000     47
-17.0000    -19.0000     47
-15.0000    -19.0000     47
-13.0000    -19.0000     47
-11.0000    -19.0000     47
 -9.0000    -19.0000     47
 -7.0000    -19.0000     47
 -5.0000    -19.0000     47
 -3.0000    -19.0000     47
 -1.0000    -19.0000     47
  1.0000    -19.0000     47
  3.0000    -19.0000     47
  5.0000    -19.0000     47
  7.0000    -19.0000     47
  9.0000    -19.0000     47
 11.0000    -19.0000     47
 13.0000    -19.0000     47
 15.0000    -19.0000     47
 17.0000    -19.0000     47
 19.0000    -19.0000     47
 19.0000    -17.0000     47
 19.0000    -15.0000     47
 19.0000    -13.0000     47
 19.0000    -11.0000     47
 19.0000     -9.0000     47
 19.0000     -7.0000     47
 19.0000     -5.0000     47
 19.0000     -3.0000     47
 19.0000     -1.0000     47
 21.0000      1.0000     42
 21.0000      3.0000     42
 21.0000      5.0000     42
 21.0000      7.0000     42
 21.0000      9.0000     42
 21.0000     11.0000     42
 21.0000     13.0000     42
 21.0000     15.0000     42
 21.0000     17.0000     42
 21.0000     19.0000     42
 21.0000     21.0000     42
 19.0000     21.0000     42
 17.0000     21.0000     42
 15.0000     21.0000     42
 13.0000     21.0000     42
 11.0000     21.0000     42
  9.0000     21.0000     42
  7.0000     21.0000     42
  5.0000     21.0000     42
  3.0000     21.0000     42
  1.0000     21.0000     42
 -1.0000     21.0000     42
 -3.0000     21.0000     42
 -5.0000     21.0000     42
 -7.0000     21.0000     42
 -9.0000     21.0000     42
-11.0000     21.0000     42
-13.0000     21.0000     42
-15.0000     21.0000     42
-17.0000     21.0000     42
-19.0000     21.0000     42
-21.0000     21.0000     42
-21.0000     19.0000     42
-21.0000     17.0000     42
-21.0000     15.0000     42
-21.0000     13.0000     42
-21.0000     11.0000     42
-21.0000      9.0000     42
-21.0000      7.0000     42
-21.0000      5.0000     42
-21.0000      3.0000     42
-21.0000      1.0000     42
-21.0000     -1.0000     42
-21.0000     -3.0000     42
-21.0000     -5.0000     42
-21.0000     -7.0000     42
-21.0000     -9.0000     42
-21.0000    -11.0000     42
-21.0000    -13.0000     42
-21.0000    -15.0000     42
-21.0000    -17.0000     42
-21.0000    -19.0000     42
-21.0000    -21.0000     42
-19.0000    -21.0000     42
-17.0000    -21.0000     42
-15.0000    -21.0000     42
-13.0000    -21.0000     42
-11.0000    -21.0000     42
 -9.0000    -21.0000     42
 -7.0000    -21.0000     42
 -5.0000    -21.0000     42
 -3.0000    -21.0000     42
 -1.0000    -21.0000     42
  1.0000    -21.0000     42
  3.0000    -21.0000     42
  5.0000    -21.0000     42
  7.0000    -21.0000     42
  9.0000    -21.0000     42
 11.0000    -21.0000     42
 13.0000    -21.0000     42
 15.0000    -21.0000     42
 17.0000    -21.0000     42
 19.0000    -21.0000     42
 21.0000    -21.0000     42
 21.0000    -19.0000     42
 21.0000    -17.0000     42
 21.0000    -15.0000     42
 21.0000    -13.0000     42
 21.0000    -11.0000     42
 21.0000     -9.0000     42
 21.0000     -7.0000     42
 21.0000     -5.0000     42
 21.0000     -3.0000     42
 21.0000     -1.0000     42
