400 900 1200 0 11649.06
   0.0000      0.0000      0
  30.0000      0.0000     10
  29.6306      4.6930     30
  28.5317      9.2705     30
  26.7302     13.6197     10
  24.2705     17.6336     10
  21.2132     21.2132     30
  17.6336     24.2705     30
  13.6197     26.7302     10
   9.2705     28.5317     10
   4.6930     29.6306     30
   0.0000     30.0000     30
  -4.6930     29.6306     10
  -9.2705     28.5317     10
 -13.6197     26.7302     30
 -17.6336     24.2705     30
 -21.2132     21.2132     10
 -24.2705     17.6336     10
 -26.7302     13.6197     30
 -28.5317      9.2705     30
 -29.6307      4.6930     10
 -30.0000      0.0000     10
 -29.6306     -4.6930     30
 -28.5317     -9.2705     30
 -26.7302    -13.6197     10
 -24.2705    -17.6336     10
 -21.2132    -21.2132     30
 -17.6336    -24.2705     30
 -13.6197    -26.7302     10
  -9.2705    -28.5317     10
  -4.6930    -29.6307     30
   0.0000    -30.0000     30
   4.6930    -29.6306     10
   9.2705    -28.5317     10
  13.6197    -26.7302     30
  17.6336    -24.2705     30
  21.2132    -21.2132     10
  24.2705    -17.6336     10
  26.7302    -13.6197     30
  28.5317     -9.2705     30
  29.6307     -4.6930     10
  60.0000      0.0000     10
  59.2613      9.3861     30
  57.0634     18.5410     30
  53.4604     27.2394     10
  48.5410     35.2671     10
  42.4264     42.4264     30
  35.2671     48.5410     30
  27.2394     53.4604     10
  18.5410     57.0634     10
   9.3861     59.2613     30
   0.0000     60.0000     30
  -9.3861     59.2613     10
 -18.5410     57.0634     10
 -27.2394     53.4604     30
 -35.2671     48.5410     30
 -42.4264     42.4264     10
 -48.5410     35.2671     10
 -53.4604     27.2394     30
 -57.0634     18.5410     30
 -59.2613      9.3861     10
 -60.0000      0.0000     10
 -59.2613     -9.3861     30
 -57.0634    -18.5410     30
 -53.4604    -27.2394     10
 -48.5410    -35.2671     10
 -42.4264    -42.4264     30
 -35.2671    -48.5410     30
 -27.2394    -53.4604     10
 -18.5410    -57.0634     10
  -9.3861    -59.2613     30
   0.0000    -60.0000     30
   9.3861    -59.2613     10
  18.5410    -57.0634     10
  27.2394    -53.4604     30
  35.2671    -48.5410     30
  42.4264    -42.4264     10
  48.5410    -35.2671     10
  53.4604    -27.2394     30
  57.0634    -18.5410     30
  59.2613     -9.3861     10
  90.0000      0.0000     10
  88.8920     14.0791     30
  85.5951     27.8115     30
  80.1906     40.8591     10
  72.8115     52.9007     10
  63.6396     63.6396     30
  52.9007     72.8115     30
  40.8591     80.1906     10
  27.8115     85.5951     10
  14.0791     88.8920     30
   0.0000     90.0000     30
 -14.0791     88.8920     10
 -27.8115     85.5951     10
 -40.8591     80.1906     30
 -52.9007     72.8115     30
 -63.6396     63.6396     10
 -72.8115     52.9007     10
 -80.1906     40.8591     30
 -85.5951     27.8115     30
 -88.8920     14.0791     10
 -90.0000      0.0000     10
 -88.8920    -14.0791     30
 -85.5951    -27.8115     30
 -80.1906    -40.8592     10
 -72.8115    -52.9007     10
 -63.6396    -63.6396     30
 -52.9007    -72.8115     30
 -40.8591    -80.1906     10
 -27.8115    -85.5951     10
 -14.0791    -88.8920     30
   0.0000    -90.0000     30
  14.0791    -88.8920     10
  27.8115    -85.5951     10
  40.8592    -80.1906     30
  52.9007    -72.8115     30
  63.6396    -63.6396     10
  72.8115    -52.9007     10
  80.1906    -40.8591     30
  85.5951    -27.8115     30
  88.8920    -14.0791     10
 120.0000      0.0000     10
 118.5226     18.7721     30
 114.1268     37.0820     30
 106.9208     54.4789     10
  97.0820     70.5342     10
  84.8528     84.8528     30
  70.5342     97.0820     30
  54.4789    106.9208     10
  37.0820    114.1268     10
  18.7721    118.5226     30
   0.0000    120.0000     30
 -18.7721    118.5226     10
 -37.0820    114.1268     10
 -54.4789    106.9208     30
 -70.5342     97.0820     30
 -84.8528     84.8528     10
 -97.0820     70.5342     10
-106.9208     54.4789     30
-114.1268     37.0820     30
-118.5226     18.7721     10
-120.0000      0.0000     10
-118.5226    -18.7721     30
-114.1268    -37.0821     30
-106.9208    -54.4789     10
 -97.0820    -70.5342     10
 -84.8528    -84.8528     30
 -70.5342    -97.0820     30
 -54.4788   -106.9208     10
 -37.0820   -114.1268     10
 -18.7721   -118.5226     30
   0.0000   -120.0000     30
  18.7722   -118.5226     10
  37.0821   -114.1268     10
  54.4789   -106.9208     30
  70.5342    -97.0820     30
  84.8528    -84.8528     10
  97.0821    -70.5342     10
 106.9208    -54.4788     30
 114.1268    -37.0820     30
 118.5226    -18.7721     10
 150.0000      0.0000     10
 148.1532     23.4652     30
 142.6585     46.3526     30
 133.6510     68.0986     10
 121.3525     88.1678     10
 106.0660    106.0660     30
  88.1678    121.3526     30
  68.0986    133.6510     10
  46.3525    142.6585     10
  23.4652    148.1533     30
   0.0000    150.0000     30
 -23.4652    148.1532     10
 -46.3526    142.6585     10
 -68.0986    133.6510     30
 -88.1678    121.3525     30
-106.0660    106.0660     10
-121.3526     88.1678     10
-133.6510     68.0986     30
-142.6585     46.3525     30
-148.1533     23.4652     10
-150.0000      0.0000     10
-148.1532    -23.4652     30
-142.6585    -46.3526     30
-133.6510    -68.0986     10
-121.3525    -88.1678     10
-106.0660   -106.0660     30
 -88.1678   -121.3526     30
 -68.0986   -133.6510     10
 -46.3525   -142.6585     10
 -23.4652   -148.1533     30
   0.0000   -150.0000     30
  23.4652   -148.1532     10
  46.3526   -142.6585     10
  68.0986   -133.6510     30
  88.1678   -121.3525     30
 106.0660   -106.0660     10
 121.3526    -88.1678     10
 133.6510    -68.0986     30
 142.6585    -46.3525     30
 148.1533    -23.4651     10
 180.0000      0.0000     10
 177.7839     28.1582     30
 171.1902     55.6231     30
 160.3812     81.7183     10
 145.6231    105.8013     10
 127.2792    127.2792     30
 105.8013    145.6231     30
  81.7183    160.3812     10
  55.6231    171.1902     10
  28.1582    177.7839     30
   0.0000    180.0000     30
 -28.1582    177.7839     10
 -55.6231    171.1902     10
 -81.7183    160.3812     30
-105.8014    145.6230     30
-127.2792    127.2792     10
-145.6231    105.8013     10
-160.3812     81.7183     30
-171.1902     55.6230     30
-177.7839     28.1582     10
-180.0000      0.0000     10
-177.7839    -28.1582     30
-171.1902    -55.6231     30
-160.3812    -81.7183     10
-145.6230   -105.8014     10
-127.2792   -127.2792     30
-105.8013   -145.6231     30
 -81.7183   -160.3812     10
 -55.6230   -171.1902     10
 -28.1582   -177.7839     30
   0.0000   -180.0000     30
  28.1582   -177.7839     10
  55.6231   -171.1902     10
  81.7183   -160.3812     30
 105.8014   -145.6230     30
 127.2792   -127.2792     10
 145.6231   -105.8013     10
 160.3812    -81.7183     30
 171.1902    -55.6230     30
 177.7839    -28.1582     10
 210.0000      0.0000     10
 207.4146     32.8512     30
 199.7219     64.8936     30
 187.1114     95.3380     10
 169.8936    123.4349     10
 148.4924    148.4924     30
 123.4349    169.8936     30
  95.3380    187.1114     10
  64.8936    199.7219     10
  32.8512    207.4146     30
   0.0000    210.0000     30
 -32.8512    207.4146     10
 -64.8936    199.7219     10
 -95.3380    187.1114     30
-123.4349    169.8936     30
-148.4924    148.4924     10
-169.8936    123.4349     10
-187.1114     95.3380     30
-199.7219     64.8936     30
-207.4146     32.8512     10
-210.0000      0.0000     10
-207.4146    -32.8513     30
-199.7219    -64.8936     30
-187.1114    -95.3380     10
-169.8936   -123.4349     10
-148.4924   -148.4924     30
-123.4349   -169.8936     30
 -95.3380   -187.1114     10
 -64.8935   -199.7219     10
 -32.8512   -207.4146     30
   0.0000   -210.0000     30
  32.8513   -207.4146     10
  64.8936   -199.7219     10
  95.3380   -187.1114     30
 123.4349   -169.8936     30
 148.4924   -148.4924     10
 169.8936   -123.4349     10
 187.1114    -95.3380     30
 199.7219    -64.8935     30
 207.4146    -32.8512     10
 240.0000      0.0000     10
 237.0452     37.5443     30
 228.2536     74.1641     30
 213.8416    108.9577     10
 194.1641    141.0685     10
 169.7056    169.7056     30
 141.0685    194.1641     30
 108.9577    213.8416     10
  74.1641    228.2536     10
  37.5443    237.0452     30
   0.0000    240.0000     30
 -37.5443    237.0452     10
 -74.1641    228.2536     10
-108.9577    213.8416     30
-141.0685    194.1641     30
-169.7056    169.7056     10
-194.1641    141.0685     10
-213.8416    108.9577     30
-228.2536     74.1641     30
-237.0452     37.5443     10
-240.0000      0.0000     10
-237.0452    -37.5443     30
-228.2536    -74.1641     30
-213.8416   -108.9577     10
-194.1641   -141.0685     10
-169.7056   -169.7056     30
-141.0684   -194.1641     30
-108.9577   -213.8416     10
 -74.1640   -228.2536     10
 -37.5442   -237.0452     30
   0.0000   -240.0000     30
  37.5443   -237.0452     10
  74.1641   -228.2536     10
 108.9577   -213.8416     30
 141.0685   -194.1641     30
 169.7057   -169.7056     10
 194.1641   -141.0684     10
 213.8416   -108.9577     30
 228.2536    -74.1640     30
 237.0452    -37.5442     10
 270.0000      0.0000     10
 266.6758     42.2373     30
 256.7852     83.4346     30
 240.5718    122.5774     10
 218.4346    158.7020     10
 190.9188    190.9188     30
 158.7020    218.4346     30
 122.5774    240.5718     10
  83.4346    256.7852     10
  42.2373    266.6758     30
   0.0000    270.0000     30
 -42.2373    266.6758     10
 -83.4346    256.7852     10
-122.5774    240.5718     30
-158.7020    218.4346     30
-190.9188    190.9188     10
-218.4346    158.7020     10
-240.5718    122.5774     30
-256.7853     83.4346     30
-266.6758     42.2373     10
-270.0000      0.0000     10
-266.6758    -42.2373     30
-256.7852    -83.4346     30
-240.5717   -122.5775     10
-218.4346   -158.7020     10
-190.9188   -190.9189     30
-158.7020   -218.4346     30
-122.5774   -240.5718     10
 -83.4346   -256.7853     10
 -42.2373   -266.6758     30
   0.0000   -270.0000     30
  42.2373   -266.6758     10
  83.4346   -256.7852     10
 122.5775   -240.5717     30
 158.7021   -218.4346     30
 190.9189   -190.9188     10
 218.4346   -158.7020     10
 240.5718   -122.5774     30
 256.7853    -83.4345     30
 266.6759    -42.2373     10
 300.0000      0.0000     10
 296.3065     46.9303     30
 285.3170     92.7051     30
 267.3019    136.1972     10
 242.7051    176.3356     10
 212.1320    212.1320     30
 176.3356    242.7051     30
 136.1971    267.3020     10
  92.7051    285.3170     10
  46.9303    296.3065     30
   0.0000    300.0000     30
 -46.9304    296.3065     10
 -92.7051    285.3170     10
-136.1972    267.3019     30
-176.3356    242.7051     30
-212.1320    212.1320     10
-242.7051    176.3356     10
-267.3020    136.1971     30
-285.3170     92.7051     30
-296.3065     46.9303     10
-300.0000      0.0000     10
-296.3065    -46.9304     30
-285.3170    -92.7051     30
-267.3019   -136.1972     10
-242.7051   -176.3356     10
-212.1320   -212.1321     30
-176.3355   -242.7051     30
-136.1971   -267.3020     10
 -92.7051   -285.3170     10
 -46.9303   -296.3065     30
   0.0000   -300.0000     30
  46.9304   -296.3065     10
  92.7051   -285.3170     10
 136.1972   -267.3019     30
 176.3356   -242.7051     30
 212.1321   -212.1320     10
 242.7051   -176.3355     10
 267.3020   -136.1971     30
 285.3170    -92.7050     30
 296.3065    -46.9303     10
