252 1000 999999 0 881.04
  0.0000      0.0000      0
  3.0000      1.0000    300
  3.0000      3.0000    300
  1.0000      3.0000    300
 -1.0000      3.0000    300
 -3.0000      3.0000    300
 -3.0000      1.0000    300
 -3.0000     -1.0000    300
 -3.0000     -3.0000    300
 -1.0000     -3.0000    300
  1.0000     -3.0000    300
  3.0000     -3.0000    300
  3.0000     -1.0000    300
  5.0000      1.0000    180
  5.0000      3.0000    180
  5.0000      5.0000    180
  3.0000      5.0000    180
  1.0000      5.0000    180
 -1.0000      5.0000    180
 -3.0000      5.0000    180
 -5.0000      5.0000    180
 -5.0000      3.0000    180
 -5.0000      1.0000    180
 -5.0000     -1.0000    180
 -5.0000     -3.0000    180
 -5.0000     -5.0000    180
 -3.0000     -5.0000    180
 -1.0000     -5.0000    180
  1.0000     -5.0000    180
  3.0000     -5.0000    180
  5.0000     -5.0000    180
  5.0000     -3.0000    180
  5.0000     -1.0000    180
  7.0000      1.0000    128
  7.0000      3.0000    128
  7.0000      5.0000    128
  7.0000      7.0000    128
  5.0000      7.0000    128
  3.0000      7.0000    128
  1.0000      7.0000    128
 -1.0000      7.0000    128
 -3.0000      7.0000    128
 -5.0000      7.0000    128
 -7.0000      7.0000    128
 -7.0000      5.0000    128
 -7.0000      3.0000    128
 -7.0000      1.0000    128
 -7.0000     -1.0000    128
 -7.0000     -3.0000    128
 -7.0000     -5.0000    128
 -7.0000     -7.0000    128
 -5.0000     -7.0000    128
 -3.0000     -7.0000    128
 -1.0000     -7.0000    128
  1.0000     -7.0000    128
  3.0000     -7.0000    128
  5.0000     -7.0000    128
  7.0000     -7.0000    128
  7.0000     -5.0000    128
  7.0000     -3.0000    128
  7.0000     -1.0000    128
  9.0000      1.0000    100
  9.0000      3.0000    100
  9.0000      5.0000    100
  9.0000      7.0000    100
  9.0000      9.0000    100
  7.0000      9.0000    100
  5.0000      9.0000    100
  3.0000      9.0000    100
  1.0000      9.0000    100
 -1.0000      9.0000    100
 -3.0000      9.0000    100
 -5.0000      9.0000    100
 -7.0000      9.0000    100
 -9.0000      9.0000    100
 -9.0000      7.0000    100
 -9.0000      5.0000    100
 -9.0000      3.0000    100
 -9.0000      1.0000    100
 -9.0000     -1.0000    100
 -9.0000     -3.0000    100
 -9.0000     -5.0000    100
 -9.0000     -7.0000    100
 -9.0000     -9.0000    100
 -7.0000     -9.0000    100
 -5.0000     -9.0000    100
 -3.0000     -9.0000    100
 -1.0000     -9.0000    100
  1.0000     -9.0000    100
  3.0000     -9.0000    100
  5.0000     -9.0000    100
  7.0000     -9.0000    100
  9.0000     -9.0000    100
  9.0000     -7.0000    100
  9.0000     -5.0000    100
  9.0000     -3.0000    100
  9.0000     -1.0000    100
 11.0000      1.0000     81
 11.0000      3.0000     81
 11.0000      5.0000     81
 11.0000      7.0000     81
 11.0000      9.0000     81
 11.0000     11.0000     81
  9.0000     11.0000     81
  7.0000     11.0000     81
  5.0000     11.0000     81
  3.0000     11.0000     81
  1.0000     11.0000     81
 -1.0000     11.0000     81
 -3.0000     11.0000     81
 -5.0000     11.0000     81
 -7.0000     11.0000     81
 -9.0000     11.0000     81
-11.0000     11.0000     81
-11.0000      9.0000     81
-11.0000      7.0000     81
-11.0000      5.0000     81
-11.0000      3.0000     81
-11.0000      1.0000     81
-11.0000     -1.0000     81
-11.0000     -3.0000     81
-11.0000     -5.0000     81
-11.0000     -7.0000     81
-11.0000     -9.0000     81
-11.0000    -11.0000     81
 -9.0000    -11.0000     81
 -7.0000    -11.0000     81
 -5.0000    -11.0000     81
 -3.0000    -11.0000     81
 -1.0000    -11.0000     81
  1.0000    -11.0000     81
  3.0000    -11.0000     81
  5.0000    -11.0000     81
  7.0000    -11.0000     81
  9.0000    -11.0000     81
 11.0000    -11.0000     81
 11.0000     -9.0000     81
 11.0000     -7.0000     81
 11.0000     -5.0000     81
 11.0000     -3.0000     81
 11.0000     -1.0000     81
 13.0000      1.0000     69
 13.0000      3.0000     69
 13.0000      5.0000     69
 13.0000      7.0000     69
 13.0000      9.0000     69
 13.0000     11.0000     69
 13.0000     13.0000     69
 11.0000     13.0000     69
  9.0000     13.0000     69
  7.0000     13.0000     69
  5.0000     13.0000     69
  3.0000     13.0000     69
  1.0000     13.0000     69
 -1.0000     13.0000     69
 -3.0000     13.0000     69
 -5.0000     13.0000     69
 -7.0000     13.0000     69
 -9.0000     13.0000     69
-11.0000     13.0000     69
-13.0000     13.0000     69
-13.0000     11.0000     69
-13.0000      9.0000     69
-13.0000      7.0000     69
-13.0000      5.0000     69
-13.0000      3.0000     69
-13.0000      1.0000     69
-13.0000     -1.0000     69
-13.0000     -3.0000     69
-13.0000     -5.0000     69
-13.0000     -7.0000     69
-13.0000     -9.0000     69
-13.0000    -11.0000     69
-13.0000    -13.0000     69
-11.0000    -13.0000     69
 -9.0000    -13.0000     69
 -7.0000    -13.0000     69
 -5.0000    -13.0000     69
 -3.0000    -13.0000     69
 -1.0000    -13.0000     69
  1.0000    -13.0000     69
  3.0000    -13.0000     69
  5.0000    -13.0000     69
  7.0000    -13.0000     69
  9.0000    -13.0000     69
 11.0000    -13.0000     69
 13.0000    -13.0000     69
 13.0000    -11.0000     69
 13.0000     -9.0000     69
 13.0000     -7.0000     69
 13.0000     -5.0000     69
 13.0000     -3.0000     69
 13.0000     -1.0000     69
 15.0000      1.0000     60
 15.0000      3.0000     60
 15.0000      5.0000     60
 15.0000      7.0000     60
 15.0000      9.0000     60
 15.0000     11.0000     60
 15.0000     13.0000     60
 15.0000     15.0000     60
 13.0000     15.0000     60
 11.0000     15.0000     60
  9.0000     15.0000     60
  7.0000     15.0000     60
  5.0000     15.0000     60
  3.0000     15.0000     60
  1.0000     15.0000     60
 -1.0000     15.0000     60
 -3.0000     15.0000     60
 -5.0000     15.0000     60
 -7.0000     15.0000     60
 -9.0000     15.0000     60
-11.0000     15.0000     60
-13.0000     15.0000     60
-15.0000     15.0000     60
-15.0000     13.0000     60
-15.0000     11.0000     60
-15.0000      9.0000     60
-15.0000      7.0000     60
-15.0000      5.0000     60
-15.0000      3.0000     60
-15.0000      1.0000     60
-15.0000     -1.0000     60
-15.0000     -3.0000     60
-15.0000     -5.0000     60
-15.0000     -7.0000     60
-15.0000     -9.0000     60
-15.0000    -11.0000     60
-15.0000    -13.0000     60
-15.0000    -15.0000     60
-13.0000    -15.0000     60
-11.0000    -15.0000     60
 -9.0000    -15.0000     60
 -7.0000    -15.0000     60
 -5.0000    -15.0000     60
 -3.0000    -15.0000     60
 -1.0000    -15.0000     60
  1.0000    -15.0000     60
  3.0000    -15.0000     60
  5.0000    -15.0000     60
  7.0000    -15.0000     60
  9.0000    -15.0000     60
 11.0000    -15.0000     60
 13.0000    -15.0000     60
 15.0000    -15.0000     60
 15.0000    -13.0000     60
 15.0000    -11.0000     60
 15.0000     -9.0000     60
 15.0000     -7.0000     60
 15.0000     -5.0000     60
 15.0000     -3.0000     60
 15.0000     -1.0000     60