 360 900 1300 0 11047.69
   0.0000      0.0000      0
  30.0000      0.0000     10
  29.5442      5.2094     30
  28.1908     10.2606     30
  25.9808     15.0000     10
  22.9813     19.2836     10
  19.2836     22.9813     30
  15.0000     25.9808     30
  10.2606     28.1908     10
   5.2094     29.5442     10
   0.0000     30.0000     30
  -5.2094     29.5442     30
 -10.2606     28.1908     10
 -15.0000     25.9808     10
 -19.2836     22.9813     30
 -22.9813     19.2836     30
 -25.9808     15.0000     10
 -28.1908     10.2606     10
 -29.5442      5.2094     30
 -30.0000      0.0000     30
 -29.5442     -5.2094     10
 -28.1908    -10.2606     10
 -25.9808    -15.0000     30
 -22.9813    -19.2836     30
 -19.2836    -22.9813     10
 -15.0000    -25.9808     10
 -10.2606    -28.1908     30
  -5.2094    -29.5442     30
   0.0000    -30.0000     10
   5.2094    -29.5442     10
  10.2606    -28.1908     30
  15.0000    -25.9808     30
  19.2836    -22.9813     10
  22.9813    -19.2836     10
  25.9808    -15.0000     30
  28.1908    -10.2606     30
  29.5442     -5.2094     10
  60.0000      0.0000     10
  59.0885     10.4189     30
  56.3816     20.5212     30
  51.9615     30.0000     10
  45.9627     38.5673     10
  38.5673     45.9627     30
  30.0000     51.9615     30
  20.5212     56.3816     10
  10.4189     59.0885     10
   0.0000     60.0000     30
 -10.4189     59.0885     30
 -20.5212     56.3816     10
 -30.0000     51.9615     10
 -38.5673     45.9627     30
 -45.9627     38.5673     30
 -51.9615     30.0000     10
 -56.3816     20.5212     10
 -59.0885     10.4189     30
 -60.0000      0.0000     30
 -59.0885    -10.4189     10
 -56.3816    -20.5212     10
 -51.9615    -30.0000     30
 -45.9627    -38.5673     30
 -38.5673    -45.9627     10
 -30.0000    -51.9615     10
 -20.5212    -56.3816     30
 -10.4189    -59.0885     30
   0.0000    -60.0000     10
  10.4189    -59.0885     10
  20.5212    -56.3816     30
  30.0000    -51.9615     30
  38.5673    -45.9627     10
  45.9627    -38.5672     10
  51.9615    -30.0000     30
  56.3816    -20.5212     30
  59.0885    -10.4189     10
  90.0000      0.0000     10
  88.6327     15.6283     30
  84.5723     30.7818     30
  77.9423     45.0000     10
  68.9440     57.8509     10
  57.8509     68.9440     30
  45.0000     77.9423     30
  30.7818     84.5723     10
  15.6283     88.6327     10
   0.0000     90.0000     30
 -15.6283     88.6327     30
 -30.7818     84.5723     10
 -45.0000     77.9423     10
 -57.8509     68.9440     30
 -68.9440     57.8509     30
 -77.9423     45.0000     10
 -84.5723     30.7818     10
 -88.6327     15.6283     30
 -90.0000      0.0000     30
 -88.6327    -15.6283     10
 -84.5723    -30.7818     10
 -77.9423    -45.0000     30
 -68.9440    -57.8509     30
 -57.8509    -68.9440     10
 -45.0000    -77.9423     10
 -30.7818    -84.5723     30
 -15.6283    -88.6327     30
   0.0000    -90.0000     10
  15.6283    -88.6327     10
  30.7818    -84.5723     30
  45.0000    -77.9423     30
  57.8509    -68.9440     10
  68.9440    -57.8509     10
  77.9423    -45.0000     30
  84.5723    -30.7818     30
  88.6327    -15.6283     10
 120.0000      0.0000     10
 118.1769     20.8378     30
 112.7631     41.0424     30
 103.9230     60.0000     10
  91.9253     77.1345     10
  77.1345     91.9253     30
  60.0000    103.9230     30
  41.0424    112.7631     10
  20.8378    118.1769     10
   0.0000    120.0000     30
 -20.8378    118.1769     30
 -41.0424    112.7631     10
 -60.0000    103.9230     10
 -77.1345     91.9253     30
 -91.9253     77.1345     30
-103.9230     60.0000     10
-112.7631     41.0424     10
-118.1769     20.8378     30
-120.0000      0.0000     30
-118.1769    -20.8378     10
-112.7631    -41.0424     10
-103.9230    -60.0000     30
 -91.9253    -77.1345     30
 -77.1345    -91.9253     10
 -60.0000   -103.9231     10
 -41.0424   -112.7631     30
 -20.8378   -118.1769     30
   0.0000   -120.0000     10
  20.8378   -118.1769     10
  41.0424   -112.7631     30
  60.0000   -103.9230     30
  77.1345    -91.9253     10
  91.9253    -77.1345     10
 103.9231    -60.0000     30
 112.7631    -41.0424     30
 118.1769    -20.8378     10
 150.0000      0.0000     10
 147.7212     26.0472     30
 140.9539     51.3030     30
 129.9038     75.0000     10
 114.9067     96.4181     10
  96.4181    114.9067     30
  75.0000    129.9038     30
  51.3030    140.9539     10
  26.0472    147.7212     10
   0.0000    150.0000     30
 -26.0472    147.7212     30
 -51.3030    140.9539     10
 -75.0000    129.9038     10
 -96.4182    114.9067     30
-114.9067     96.4181     30
-129.9038     75.0000     10
-140.9539     51.3030     10
-147.7212     26.0472     30
-150.0000      0.0000     30
-147.7212    -26.0472     10
-140.9539    -51.3030     10
-129.9038    -75.0000     30
-114.9067    -96.4182     30
 -96.4181   -114.9067     10
 -75.0000   -129.9038     10
 -51.3030   -140.9539     30
 -26.0472   -147.7212     30
   0.0000   -150.0000     10
  26.0472   -147.7212     10
  51.3030   -140.9539     30
  75.0000   -129.9038     30
  96.4182   -114.9067     10
 114.9067    -96.4181     10
 129.9038    -75.0000     30
 140.9539    -51.3030     30
 147.7212    -26.0472     10
 180.0000      0.0000     10
 177.2654     31.2567     30
 169.1447     61.5636     30
 155.8846     90.0000     10
 137.8880    115.7018     10
 115.7018    137.8880     30
  90.0000    155.8846     30
  61.5636    169.1447     10
  31.2567    177.2654     10
   0.0000    180.0000     30
 -31.2567    177.2654     30
 -61.5636    169.1447     10
 -90.0000    155.8846     10
-115.7018    137.8880     30
-137.8880    115.7018     30
-155.8846     90.0000     10
-169.1447     61.5636     10
-177.2654     31.2567     30
-180.0000      0.0000     30
-177.2654    -31.2567     10
-169.1447    -61.5636     10
-155.8846    -90.0000     30
-137.8880   -115.7018     30
-115.7018   -137.8880     10
 -90.0000   -155.8846     10
 -61.5636   -169.1447     30
 -31.2566   -177.2654     30
   0.0000   -180.0000     10
  31.2567   -177.2654     10
  61.5636   -169.1447     30
  90.0000   -155.8846     30
 115.7018   -137.8880     10
 137.8880   -115.7018     10
 155.8846    -90.0000     30
 169.1447    -61.5636     30
 177.2654    -31.2566     10
 210.0000      0.0000     10
 206.8096     36.4661     30
 197.3354     71.8242     30
 181.8653    105.0000     10
 160.8693    134.9854     10
 134.9854    160.8693     30
 105.0000    181.8653     30
  71.8242    197.3354     10
  36.4661    206.8096     10
   0.0000    210.0000     30
 -36.4661    206.8096     30
 -71.8242    197.3354     10
-105.0000    181.8653     10
-134.9854    160.8693     30
-160.8693    134.9854     30
-181.8653    105.0000     10
-197.3354     71.8242     10
-206.8096     36.4661     30
-210.0000      0.0000     30
-206.8096    -36.4661     10
-197.3354    -71.8242     10
-181.8653   -105.0000     30
-160.8693   -134.9854     30
-134.9854   -160.8694     10
-105.0000   -181.8653     10
 -71.8242   -197.3355     30
 -36.4661   -206.8096     30
   0.0000   -210.0000     10
  36.4661   -206.8096     10
  71.8243   -197.3354     30
 105.0000   -181.8653     30
 134.9854   -160.8693     10
 160.8694   -134.9854     10
 181.8654   -105.0000     30
 197.3355    -71.8242     30
 206.8096    -36.4661     10
 240.0000      0.0000     10
 236.3539     41.6756     30
 225.5262     82.0848     30
 207.8461    120.0000     10
 183.8507    154.2690     10
 154.2690    183.8507     30
 120.0000    207.8461     30
  82.0848    225.5262     10
  41.6756    236.3539     10
   0.0000    240.0000     30
 -41.6756    236.3539     30
 -82.0848    225.5262     10
-120.0000    207.8461     10
-154.2690    183.8507     30
-183.8507    154.2690     30
-207.8461    120.0000     10
-225.5262     82.0848     10
-236.3539     41.6755     30
-240.0000      0.0000     30
-236.3539    -41.6756     10
-225.5262    -82.0849     10
-207.8461   -120.0000     30
-183.8506   -154.2690     30
-154.2690   -183.8507     10
-120.0000   -207.8461     10
 -82.0848   -225.5262     30
 -41.6755   -236.3539     30
   0.0000   -240.0000     10
  41.6756   -236.3539     10
  82.0849   -225.5262     30
 120.0000   -207.8461     30
 154.2691   -183.8506     10
 183.8507   -154.2690     10
 207.8461   -120.0000     30
 225.5262    -82.0848     30
 236.3539    -41.6755     10
 270.0000      0.0000     10
 265.8981     46.8850     30
 253.7170     92.3454     30
 233.8269    135.0000     10
 206.8320    173.5527     10
 173.5526    206.8320     30
 135.0000    233.8269     30
  92.3454    253.7170     10
  46.8850    265.8981     10
   0.0000    270.0000     30
 -46.8850    265.8981     30
 -92.3455    253.7170     10
-135.0000    233.8269     10
-173.5527    206.8320     30
-206.8320    173.5526     30
-233.8269    135.0000     10
-253.7170     92.3454     10
-265.8981     46.8850     30
-270.0000      0.0000     30
-265.8981    -46.8850     10
-253.7170    -92.3455     10
-233.8268   -135.0000     30
-206.8320   -173.5527     30
-173.5526   -206.8320     10
-135.0000   -233.8269     10
 -92.3454   -253.7170     30
 -46.8850   -265.8981     30
   0.0000   -270.0000     10
  46.8850   -265.8981     10
  92.3455   -253.7170     30
 135.0000   -233.8268     30
 173.5527   -206.8320     10
 206.8320   -173.5526     10
 233.8269   -135.0000     30
 253.7170    -92.3454     30
 265.8981    -46.8850     10
 300.0000      0.0000     10
 295.4423     52.0945     30
 281.9078    102.6060     30
 259.8076    150.0000     10
 229.8133    192.8363     10
 192.8363    229.8133     30
 150.0000    259.8076     30
 102.6060    281.9078     10
  52.0944    295.4423     10
   0.0000    300.0000     30
 -52.0945    295.4423     30
-102.6061    281.9078     10
-150.0000    259.8076     10
-192.8363    229.8133     30
-229.8133    192.8363     30
-259.8076    150.0000     10
-281.9078    102.6060     10
-295.4423     52.0944     30
-300.0000      0.0000     30
-295.4423    -52.0945     10
-281.9078   -102.6061     10
-259.8076   -150.0000     30
-229.8133   -192.8363     30
-192.8363   -229.8134     10
-150.0000   -259.8076     10
-102.6060   -281.9078     30
 -52.0944   -295.4423     30
   0.0000   -300.0000     10
  52.0945   -295.4423     10
 102.6061   -281.9078     30
 150.0000   -259.8076     30
 192.8363   -229.8133     10
 229.8134   -192.8362     10
 259.8076   -150.0000     30
 281.9078   -102.6060     30
 295.4423    -52.0944     10