323 1000 999999 0 746.56
  0.0000    -17.0000      0
 -1.0000    -16.0000    300
  1.0000    -16.0000    300
 -2.0000    -15.0000    180
  0.0000    -15.0000    300
  2.0000    -15.0000    180
 -3.0000    -14.0000    128
 -1.0000    -14.0000    180
  1.0000    -14.0000    180
  3.0000    -14.0000    128
 -4.0000    -13.0000    100
 -2.0000    -13.0000    128
  0.0000    -13.0000    180
  2.0000    -13.0000    128
  4.0000    -13.0000    100
 -5.0000    -12.0000     81
 -3.0000    -12.0000    100
 -1.0000    -12.0000    128
  1.0000    -12.0000    128
  3.0000    -12.0000    100
  5.0000    -12.0000     81
 -6.0000    -11.0000     69
 -4.0000    -11.0000     81
 -2.0000    -11.0000    100
  0.0000    -11.0000    128
  2.0000    -11.0000    100
  4.0000    -11.0000     81
  6.0000    -11.0000     69
 -7.0000    -10.0000     60
 -5.0000    -10.0000     69
 -3.0000    -10.0000     81
 -1.0000    -10.0000    100
  1.0000    -10.0000    100
  3.0000    -10.0000     81
  5.0000    -10.0000     69
  7.0000    -10.0000     60
 -8.0000     -9.0000     52
 -6.0000     -9.0000     60
 -4.0000     -9.0000     69
 -2.0000     -9.0000     81
  0.0000     -9.0000    100
  2.0000     -9.0000     81
  4.0000     -9.0000     69
  6.0000     -9.0000     60
  8.0000     -9.0000     52
 -9.0000     -8.0000     47
 -7.0000     -8.0000     52
 -5.0000     -8.0000     60
 -3.0000     -8.0000     69
 -1.0000     -8.0000     81
  1.0000     -8.0000     81
  3.0000     -8.0000     69
  5.0000     -8.0000     60
  7.0000     -8.0000     52
  9.0000     -8.0000     47
-10.0000     -7.0000     42
 -8.0000     -7.0000     47
 -6.0000     -7.0000     52
 -4.0000     -7.0000     60
 -2.0000     -7.0000     69
  0.0000     -7.0000     81
  2.0000     -7.0000     69
  4.0000     -7.0000     60
  6.0000     -7.0000     52
  8.0000     -7.0000     47
 10.0000     -7.0000     42
-11.0000     -6.0000     39
 -9.0000     -6.0000     42
 -7.0000     -6.0000     47
 -5.0000     -6.0000     52
 -3.0000     -6.0000     60
 -1.0000     -6.0000     69
  1.0000     -6.0000     69
  3.0000     -6.0000     60
  5.0000     -6.0000     52
  7.0000     -6.0000     47
  9.0000     -6.0000     42
 11.0000     -6.0000     39
-12.0000     -5.0000     36
-10.0000     -5.0000     39
 -8.0000     -5.0000     42
 -6.0000     -5.0000     47
 -4.0000     -5.0000     52
 -2.0000     -5.0000     60
  0.0000     -5.0000     69
  2.0000     -5.0000     60
  4.0000     -5.0000     52
  6.0000     -5.0000     47
  8.0000     -5.0000     42
 10.0000     -5.0000     39
 12.0000     -5.0000     36
-13.0000     -4.0000     33
-11.0000     -4.0000     36
 -9.0000     -4.0000     39
 -7.0000     -4.0000     42
 -5.0000     -4.0000     47
 -3.0000     -4.0000     52
 -1.0000     -4.0000     60
  1.0000     -4.0000     60
  3.0000     -4.0000     52
  5.0000     -4.0000     47
  7.0000     -4.0000     42
  9.0000     -4.0000     39
 11.0000     -4.0000     36
 13.0000     -4.0000     33
-14.0000     -3.0000     31
-12.0000     -3.0000     33
-10.0000     -3.0000     36
 -8.0000     -3.0000     39
 -6.0000     -3.0000     42
 -4.0000     -3.0000     47
 -2.0000     -3.0000     52
  0.0000     -3.0000     60
  2.0000     -3.0000     52
  4.0000     -3.0000     47
  6.0000     -3.0000     42
  8.0000     -3.0000     39
 10.0000     -3.0000     36
 12.0000     -3.0000     33
 14.0000     -3.0000     31
-15.0000     -2.0000     29
-13.0000     -2.0000     31
-11.0000     -2.0000     33
 -9.0000     -2.0000     36
 -7.0000     -2.0000     39
 -5.0000     -2.0000     42
 -3.0000     -2.0000     47
 -1.0000     -2.0000     52
  1.0000     -2.0000     52
  3.0000     -2.0000     47
  5.0000     -2.0000     42
  7.0000     -2.0000     39
  9.0000     -2.0000     36
 11.0000     -2.0000     33
 13.0000     -2.0000     31
 15.0000     -2.0000     29
-16.0000     -1.0000     27
-14.0000     -1.0000     29
-12.0000     -1.0000     31
-10.0000     -1.0000     33
 -8.0000     -1.0000     36
 -6.0000     -1.0000     39
 -4.0000     -1.0000     42
 -2.0000     -1.0000     47
  0.0000     -1.0000     52
  2.0000     -1.0000     47
  4.0000     -1.0000     42
  6.0000     -1.0000     39
  8.0000     -1.0000     36
 10.0000     -1.0000     33
 12.0000     -1.0000     31
 14.0000     -1.0000     29
 16.0000     -1.0000     27
-17.0000      0.0000     25
-15.0000      0.0000     27
-13.0000      0.0000     29
-11.0000      0.0000     31
 -9.0000      0.0000     33
 -7.0000      0.0000     36
 -5.0000      0.0000     39
 -3.0000      0.0000     42
 -1.0000      0.0000     47
  1.0000      0.0000     47
  3.0000      0.0000     42
  5.0000      0.0000     39
  7.0000      0.0000     36
  9.0000      0.0000     33
 11.0000      0.0000     31
 13.0000      0.0000     29
 15.0000      0.0000     27
 17.0000      0.0000     25
-16.0000      1.0000     25
-14.0000      1.0000     27
-12.0000      1.0000     29
-10.0000      1.0000     31
 -8.0000      1.0000     33
 -6.0000      1.0000     36
 -4.0000      1.0000     39
 -2.0000      1.0000     42
  0.0000      1.0000     47
  2.0000      1.0000     42
  4.0000      1.0000     39
  6.0000      1.0000     36
  8.0000      1.0000     33
 10.0000      1.0000     31
 12.0000      1.0000     29
 14.0000      1.0000     27
 16.0000      1.0000     25
-15.0000      2.0000     25
-13.0000      2.0000     27
-11.0000      2.0000     29
 -9.0000      2.0000     31
 -7.0000      2.0000     33
 -5.0000      2.0000     36
 -3.0000      2.0000     39
 -1.0000      2.0000     42
  1.0000      2.0000     42
  3.0000      2.0000     39
  5.0000      2.0000     36
  7.0000      2.0000     33
  9.0000      2.0000     31
 11.0000      2.0000     29
 13.0000      2.0000     27
 15.0000      2.0000     25
-14.0000      3.0000     25
-12.0000      3.0000     27
-10.0000      3.0000     29
 -8.0000      3.0000     31
 -6.0000      3.0000     33
 -4.0000      3.0000     36
 -2.0000      3.0000     39
  0.0000      3.0000     42
  2.0000      3.0000     39
  4.0000      3.0000     36
  6.0000      3.0000     33
  8.0000      3.0000     31
 10.0000      3.0000     29
 12.0000      3.0000     27
 14.0000      3.0000     25
-13.0000      4.0000     25
-11.0000      4.0000     27
 -9.0000      4.0000     29
 -7.0000      4.0000     31
 -5.0000      4.0000     33
 -3.0000      4.0000     36
 -1.0000      4.0000     39
  1.0000      4.0000     39
  3.0000      4.0000     36
  5.0000      4.0000     33
  7.0000      4.0000     31
  9.0000      4.0000     29
 11.0000      4.0000     27
 13.0000      4.0000     25
-12.0000      5.0000     25
-10.0000      5.0000     27
 -8.0000      5.0000     29
 -6.0000      5.0000     31
 -4.0000      5.0000     33
 -2.0000      5.0000     36
  0.0000      5.0000     39
  2.0000      5.0000     36
  4.0000      5.0000     33
  6.0000      5.0000     31
  8.0000      5.0000     29
 10.0000      5.0000     27
 12.0000      5.0000     25
-11.0000      6.0000     25
 -9.0000      6.0000     27
 -7.0000      6.0000     29
 -5.0000      6.0000     31
 -3.0000      6.0000     33
 -1.0000      6.0000     36
  1.0000      6.0000     36
  3.0000      6.0000     33
  5.0000      6.0000     31
  7.0000      6.0000     29
  9.0000      6.0000     27
 11.0000      6.0000     25
-10.0000      7.0000     25
 -8.0000      7.0000     27
 -6.0000      7.0000     29
 -4.0000      7.0000     31
 -2.0000      7.0000     33
  0.0000      7.0000     36
  2.0000      7.0000     33
  4.0000      7.0000     31
  6.0000      7.0000     29
  8.0000      7.0000     27
 10.0000      7.0000     25
 -9.0000      8.0000     25
 -7.0000      8.0000     27
 -5.0000      8.0000     29
 -3.0000      8.0000     31
 -1.0000      8.0000     33
  1.0000      8.0000     33
  3.0000      8.0000     31
  5.0000      8.0000     29
  7.0000      8.0000     27
  9.0000      8.0000     25
 -8.0000      9.0000     25
 -6.0000      9.0000     27
 -4.0000      9.0000     29
 -2.0000      9.0000     31
  0.0000      9.0000     33
  2.0000      9.0000     31
  4.0000      9.0000     29
  6.0000      9.0000     27
  8.0000      9.0000     25
 -7.0000     10.0000     25
 -5.0000     10.0000     27
 -3.0000     10.0000     29
 -1.0000     10.0000     31
  1.0000     10.0000     31
  3.0000     10.0000     29
  5.0000     10.0000     27
  7.0000     10.0000     25
 -6.0000     11.0000     25
 -4.0000     11.0000     27
 -2.0000     11.0000     29
  0.0000     11.0000     31
  2.0000     11.0000     29
  4.0000     11.0000     27
  6.0000     11.0000     25
 -5.0000     12.0000     25
 -3.0000     12.0000     27
 -1.0000     12.0000     29
  1.0000     12.0000     29
  3.0000     12.0000     27
  5.0000     12.0000     25
 -4.0000     13.0000     25
 -2.0000     13.0000     27
  0.0000     13.0000     29
  2.0000     13.0000     27
  4.0000     13.0000     25
 -3.0000     14.0000     25
 -1.0000     14.0000     27
  1.0000     14.0000     27
  3.0000     14.0000     25
 -2.0000     15.0000     25
  0.0000     15.0000     27
  2.0000     15.0000     25
 -1.0000     16.0000     25
  1.0000     16.0000     25
  0.0000     17.0000     25
