0 1 0.44
0 2 0.41
0 3 0.52
0 4 0.53
0 5 0.52
0 6 0.53
0 7 0.54
0 8 0.79
0 9 0.56
0 10 0.53
0 11 0.62
0 12 0.83
0 13 0.61
0 14 0.67
0 15 0.51
0 16 1.3
0 17 1.21
0 18 0.79
0 19 1.17
0 20 1.17
0 21 1.24
0 22 1.27
0 23 1.16
0 24 1.38
0 25 1.25
0 26 1.27
0 27 1.19
0 28 1.34
0 29 1.39
0 30 1.29
0 31 1.29
0 32 1.4
0 33 1.41
0 34 1.28
0 35 1.41
0 36 1.48
0 37 1.43
0 38 1.65
0 39 1.59
0 40 1.48
0 41 1.7
0 42 1.61
0 43 1.73
0 44 1.52
0 45 1.71
0 46 1.69
0 47 1.76
0 48 1.63
0 49 1.72
0 50 1.8
0 51 1.82
0 52 1.76
0 53 1.96
0 54 1.96
0 55 2.04
0 56 2.01
0 57 1.76
0 58 2.25
0 59 2.04
0 60 2.06
0 61 1.95
0 62 2.07
0 63 1.95
0 64 1.98
0 65 1.93
0 66 2.23
0 67 1.53
0 68 1.46
0 69 1.57
0 70 1.35
0 71 1.47
0 72 1.6
0 73 1.49
0 74 1.73
0 75 1.63
0 76 1.56
0 77 1.69
0 78 1.59
0 79 1.51
0 80 1.68
0 81 0.54
0 82 0.61
0 83 0.55
0 84 0.57
0 85 0.73
0 86 0.6
0 87 0.67
0 88 0.68
0 89 0.66
0 90 0.69
0 91 0.74
0 92 0.72
0 93 0.75
0 94 0.78
0 95 0.8
0 96 0.79
0 97 0.82
0 98 0.96
0 99 0.83
0 100 0.95
0 101 0.76
0 102 0.86
0 103 0.95
0 104 0.91
0 105 0.82
0 106 0.81
0 107 0.95
0 108 0.68
0 109 0.88
0 110 0.89
0 111 0.72
0 112 0.58
0 113 0.54
0 114 0.74
0 115 0.83
0 116 0.85
0 117 0.53
0 118 0.66
0 119 0.66
0 120 0.87
1 2 0.03
1 3 0.12
1 4 0.12
1 5 0.13
1 6 0.16
1 7 0.19
1 8 0.33
1 9 0.19
1 10 0.16
1 11 0.18
1 12 0.34
1 13 0.26
1 14 0.24
1 15 0.18
1 16 0.89
1 17 0.84
1 18 0.54
1 19 0.81
1 20 0.78
1 21 0.78
1 22 0.74
1 23 0.81
1 24 0.91
1 25 0.91
1 26 0.92
1 27 0.84
1 28 0.94
1 29 1.02
1 30 0.97
1 31 0.86
1 32 0.9
1 33 0.91
1 34 0.89
1 35 0.9
1 36 0.92
1 37 1.08
1 38 1.13
1 39 1.17
1 40 1.24
1 41 1.28
1 42 1.26
1 43 1.27
1 44 1.21
1 45 1.4
1 46 1.21
1 47 1.37
1 48 1.36
1 49 1.38
1 50 1.5
1 51 1.28
1 52 1.62
1 53 1.52
1 54 1.56
1 55 1.54
1 56 1.75
1 57 1.71
1 58 1.76
1 59 1.57
1 60 1.64
1 61 1.64
1 62 1.7
1 63 1.73
1 64 1.64
1 65 1.81
1 66 1.89
1 67 1.25
1 68 1.27
1 69 1.29
1 70 1.36
1 71 1.53
1 72 1.44
1 73 1.29
1 74 1.29
1 75 1.43
1 76 1.36
1 77 1.3
1 78 1.53
1 79 1.33
1 80 1.37
1 81 0.56
1 82 0.74
1 83 0.52
1 84 0.51
1 85 0.63
1 86 0.62
1 87 0.68
1 88 0.68
1 89 0.66
1 90 0.62
1 91 0.57
1 92 0.67
1 93 0.71
1 94 0.76
1 95 0.76
1 96 0.73
1 97 0.73
1 98 0.83
1 99 0.85
1 100 0.89
1 101 0.76
1 102 0.71
1 103 0.82
1 104 0.89
1 105 0.79
1 106 0.84
1 107 0.91
1 108 0.54
1 109 0.62
1 110 0.73
1 111 0.68
1 112 0.51
1 113 0.48
1 114 0.53
1 115 0.68
1 116 0.77
1 117 0.5
1 118 0.51
1 119 0.74
1 120 0.81
2 3 0.1
2 4 0.13
2 5 0.11
2 6 0.16
2 7 0.16
2 8 0.34
2 9 0.19
2 10 0.16
2 11 0.16
2 12 0.36
2 13 0.24
2 14 0.25
2 15 0.2
2 16 0.69
2 17 0.76
2 18 0.55
2 19 0.89
2 20 0.73
2 21 0.82
2 22 0.85
2 23 0.8
2 24 0.88
2 25 0.84
2 26 0.82
2 27 0.97
2 28 0.94
2 29 1.11
2 30 0.91
2 31 0.97
2 32 1.06
2 33 1.04
2 34 0.89
2 35 1.02
2 36 0.89
2 37 1.18
2 38 1.22
2 39 1.21
2 40 1.26
2 41 1.1
2 42 1.17
2 43 1.22
2 44 1.37
2 45 1.4
2 46 1.42
2 47 1.32
2 48 1.32
2 49 1.39
2 50 1.47
2 51 1.26
2 52 1.65
2 53 1.52
2 54 1.64
2 55 1.65
2 56 1.69
2 57 1.6
2 58 1.68
2 59 1.57
2 60 1.81
2 61 1.68
2 62 1.81
2 63 1.86
2 64 1.91
2 65 1.59
2 66 1.64
2 67 1.38
2 68 1.22
2 69 1.25
2 70 1.25
2 71 1.24
2 72 1.43
2 73 1.23
2 74 1.39
2 75 1.51
2 76 1.26
2 77 1.41
2 78 1.44
2 79 1.54
2 80 1.38
2 81 0.51
2 82 0.62
2 83 0.47
2 84 0.48
2 85 0.59
2 86 0.58
2 87 0.6
2 88 0.74
2 89 0.65
2 90 0.57
2 91 0.62
2 92 0.6
2 93 0.59
2 94 0.72
2 95 0.72
2 96 0.66
2 97 0.64
2 98 0.83
2 99 0.79
2 100 0.75
2 101 0.7
2 102 0.69
2 103 0.83
2 104 0.84
2 105 0.84
2 106 0.77
2 107 0.8
2 108 0.47
2 109 0.5
2 110 0.8
2 111 0.61
2 112 0.5
2 113 0.44
2 114 0.52
2 115 0.62
2 116 0.83
2 117 0.46
2 118 0.49
2 119 0.61
2 120 0.78
3 4 0.02
3 5 0.03
3 6 0.06
3 7 0.08
3 8 0.23
3 9 0.07
3 10 0.05
3 11 0.06
3 12 0.25
3 13 0.15
3 14 0.13
3 15 0.08
3 16 0.7
3 17 0.65
3 18 0.48
3 19 0.75
3 20 0.64
3 21 0.67
3 22 0.73
3 23 0.71
3 24 0.82
3 25 0.72
3 26 0.76
3 27 0.77
3 28 0.74
3 29 0.94
3 30 0.86
3 31 0.91
3 32 0.88
3 33 0.92
3 34 0.81
3 35 0.81
3 36 0.9
3 37 1.09
3 38 1.1
3 39 1.19
3 40 1.21
3 41 1.14
3 42 1.06
3 43 1.21
3 44 1.04
3 45 1.34
3 46 1.21
3 47 1.38
3 48 1.13
3 49 1.18
3 50 1.33
3 51 1.37
3 52 1.53
3 53 1.49
3 54 1.43
3 55 1.67
3 56 1.68
3 57 1.52
3 58 1.64
3 59 1.53
3 60 1.6
3 61 1.77
3 62 1.5
3 63 1.59
3 64 1.65
3 65 1.53
3 66 1.7
3 67 1.25
3 68 1.22
3 69 1.26
3 70 1.31
3 71 1.22
3 72 1.4
3 73 1.14
3 74 1.31
3 75 1.4
3 76 1.18
3 77 1.21
3 78 1.3
3 79 1.29
3 80 1.3
3 81 0.63
3 82 0.58
3 83 0.48
3 84 0.48
3 85 0.65
3 86 0.61
3 87 0.64
3 88 0.65
3 89 0.65
3 90 0.57
3 91 0.54
3 92 0.62
3 93 0.72
3 94 0.62
3 95 0.69
3 96 0.71
3 97 0.7
3 98 0.8
3 99 0.75
3 100 0.75
3 101 0.82
3 102 0.69
3 103 0.79
3 104 0.83
3 105 0.67
3 106 0.76
3 107 0.81
3 108 0.4
3 109 0.57
3 110 0.73
3 111 0.64
3 112 0.52
3 113 0.5
3 114 0.48
3 115 0.66
3 116 0.79
3 117 0.48
3 118 0.45
3 119 0.66
3 120 0.9
4 5 0.04
4 6 0.06
4 7 0.07
4 8 0.26
4 9 0.06
4 10 0.04
4 11 0.05
4 12 0.24
4 13 0.14
4 14 0.11
4 15 0.07
4 16 0.74
4 17 0.64
4 18 0.53
4 19 0.77
4 20 0.68
4 21 0.72
4 22 0.74
4 23 0.74
4 24 0.8
4 25 0.81
4 26 0.7
4 27 0.75
4 28 0.83
4 29 1.07
4 30 0.91
4 31 0.82
4 32 0.9
4 33 0.84
4 34 0.87
4 35 0.84
4 36 0.93
4 37 0.99
4 38 1.1
4 39 1.01
4 40 1.18
4 41 1.01
4 42 1.17
4 43 1.05
4 44 1.15
4 45 1.34
4 46 1.05
4 47 1.24
4 48 1.1
4 49 1.12
4 50 1.16
4 51 1.36
4 52 1.45
4 53 1.45
4 54 1.47
4 55 1.61
4 56 1.47
4 57 1.53
4 58 1.77
4 59 1.48
4 60 1.83
4 61 1.67
4 62 1.58
4 63 1.59
4 64 1.64
4 65 1.53
4 66 1.75
4 67 1.26
4 68 1.18
4 69 1.28
4 70 1.32
4 71 1.48
4 72 1.45
4 73 1.34
4 74 1.4
4 75 1.3
4 76 1.34
4 77 1.45
4 78 1.22
4 79 1.5
4 80 1.38
4 81 0.6
4 82 0.63
4 83 0.47
4 84 0.51
4 85 0.63
4 86 0.63
4 87 0.63
4 88 0.61
4 89 0.61
4 90 0.51
4 91 0.62
4 92 0.56
4 93 0.61
4 94 0.65
4 95 0.75
4 96 0.63
4 97 0.68
4 98 0.77
4 99 0.75
4 100 0.72
4 101 0.84
4 102 0.8
4 103 0.79
4 104 0.77
4 105 0.78
4 106 0.75
4 107 0.85
4 108 0.43
4 109 0.55
4 110 0.76
4 111 0.64
4 112 0.52
4 113 0.47
4 114 0.56
4 115 0.66
4 116 0.82
4 117 0.5
4 118 0.49
4 119 0.71
4 120 0.8
5 6 0.03
5 7 0.05
5 8 0.22
5 9 0.06
5 10 0.05
5 11 0.07
5 12 0.26
5 13 0.15
5 14 0.13
5 15 0.09
5 16 0.64
5 17 0.64
5 18 0.5
5 19 0.76
5 20 0.73
5 21 0.65
5 22 0.84
5 23 0.77
5 24 0.85
5 25 0.77
5 26 0.72
5 27 0.73
5 28 0.81
5 29 0.92
5 30 0.94
5 31 0.83
5 32 0.84
5 33 0.84
5 34 0.9
5 35 0.86
5 36 0.88
5 37 1.05
5 38 1.01
5 39 1.12
5 40 1.19
5 41 1.01
5 42 1.01
5 43 1.17
5 44 1.17
5 45 1.15
5 46 1.09
5 47 1.16
5 48 1.18
5 49 1.25
5 50 1.28
5 51 1.25
5 52 1.24
5 53 1.46
5 54 1.46
5 55 1.56
5 56 1.42
5 57 1.54
5 58 1.42
5 59 1.38
5 60 1.66
5 61 1.58
5 62 1.48
5 63 1.69
5 64 1.74
5 65 1.49
5 66 1.72
5 67 1.33
5 68 1.09
5 69 1.19
5 70 1.25
5 71 1.29
5 72 1.23
5 73 1.34
5 74 1.24
5 75 1.25
5 76 1.27
5 77 1.26
5 78 1.29
5 79 1.43
5 80 1.33
5 81 0.53
5 82 0.66
5 83 0.45
5 84 0.53
5 85 0.53
5 86 0.64
5 87 0.68
5 88 0.65
5 89 0.52
5 90 0.48
5 91 0.61
5 92 0.63
5 93 0.64
5 94 0.59
5 95 0.7
5 96 0.65
5 97 0.59
5 98 0.76
5 99 0.7
5 100 0.65
5 101 0.73
5 102 0.63
5 103 0.73
5 104 0.77
5 105 0.72
5 106 0.69
5 107 0.75
5 108 0.46
5 109 0.47
5 110 0.68
5 111 0.54
5 112 0.52
5 113 0.46
5 114 0.52
5 115 0.62
5 116 0.71
5 117 0.48
5 118 0.44
5 119 0.67
5 120 0.77
6 7 0.03
6 8 0.2
6 9 0.05
6 10 0.06
6 11 0.07
6 12 0.25
6 13 0.16
6 14 0.14
6 15 0.11
6 16 0.63
6 17 0.7
6 18 0.45
6 19 0.7
6 20 0.63
6 21 0.73
6 22 0.68
6 23 0.73
6 24 0.78
6 25 0.79
6 26 0.72
6 27 0.77
6 28 0.81
6 29 1.03
6 30 0.9
6 31 0.8
6 32 0.87
6 33 0.86
6 34 0.82
6 35 0.8
6 36 0.84
6 37 1.04
6 38 1
6 39 1.09
6 40 1.04
6 41 0.97
6 42 1.16
6 43 1.28
6 44 1.16
6 45 1.29
6 46 1.25
6 47 1.2
6 48 1.24
6 49 1.2
6 50 1.24
6 51 1.28
6 52 1.36
6 53 1.49
6 54 1.54
6 55 1.64
6 56 1.74
6 57 1.32
6 58 1.35
6 59 1.48
6 60 1.59
6 61 1.51
6 62 1.48
6 63 1.56
6 64 1.71
6 65 1.54
6 66 1.73
6 67 1.12
6 68 1.28
6 69 1.32
6 70 1.19
6 71 1.12
6 72 1.31
6 73 1.26
6 74 1.17
6 75 1.33
6 76 1.24
6 77 1.17
6 78 1.29
6 79 1.27
6 80 1.44
6 81 0.54
6 82 0.69
6 83 0.39
6 84 0.46
6 85 0.54
6 86 0.65
6 87 0.53
6 88 0.6
6 89 0.5
6 90 0.48
6 91 0.5
6 92 0.56
6 93 0.66
6 94 0.58
6 95 0.6
6 96 0.64
6 97 0.58
6 98 0.73
6 99 0.71
6 100 0.72
6 101 0.65
6 102 0.71
6 103 0.77
6 104 0.75
6 105 0.62
6 106 0.76
6 107 0.79
6 108 0.41
6 109 0.46
6 110 0.63
6 111 0.59
6 112 0.51
6 113 0.42
6 114 0.49
6 115 0.57
6 116 0.65
6 117 0.49
6 118 0.44
6 119 0.71
6 120 0.83
7 8 0.18
7 9 0.04
7 10 0.05
7 11 0.07
7 12 0.21
7 13 0.11
7 14 0.11
7 15 0.1
7 16 0.66
7 17 0.6
7 18 0.48
7 19 0.59
7 20 0.73
7 21 0.64
7 22 0.77
7 23 0.71
7 24 0.81
7 25 0.75
7 26 0.69
7 27 0.68
7 28 0.69
7 29 0.85
7 30 0.75
7 31 0.79
7 32 0.79
7 33 0.82
7 34 0.8
7 35 0.84
7 36 0.78
7 37 1.07
7 38 0.89
7 39 0.97
7 40 1.01
7 41 1.06
7 42 1.08
7 43 1.15
7 44 1.06
7 45 1.18
7 46 1.17
7 47 1.08
7 48 1.12
7 49 1.25
7 50 1.12
7 51 1.14
7 52 1.29
7 53 1.48
7 54 1.32
7 55 1.59
7 56 1.58
7 57 1.44
7 58 1.59
7 59 1.49
7 60 1.6
7 61 1.48
7 62 1.65
7 63 1.46
7 64 1.55
7 65 1.36
7 66 1.59
7 67 1.05
7 68 1.23
7 69 1.29
7 70 1.15
7 71 1.31
7 72 1.33
7 73 1.24
7 74 1.33
7 75 1.24
7 76 1.21
7 77 1.27
7 78 1.17
7 79 1.34
7 80 1.22
7 81 0.62
7 82 0.68
7 83 0.44
7 84 0.5
7 85 0.54
7 86 0.54
7 87 0.59
7 88 0.64
7 89 0.58
7 90 0.48
7 91 0.51
7 92 0.58
7 93 0.57
7 94 0.57
7 95 0.62
7 96 0.68
7 97 0.58
7 98 0.75
7 99 0.73
7 100 0.74
7 101 0.64
7 102 0.63
7 103 0.75
7 104 0.67
7 105 0.79
7 106 0.76
7 107 0.78
7 108 0.41
7 109 0.5
7 110 0.67
7 111 0.58
7 112 0.51
7 113 0.43
7 114 0.42
7 115 0.58
7 116 0.74
7 117 0.5
7 118 0.46
7 119 0.69
7 120 0.77
8 9 0.18
8 10 0.22
8 11 0.18
8 12 0.05
8 13 0.12
8 14 0.13
8 15 0.17
8 16 0.47
8 17 0.46
8 18 0.52
8 19 0.48
8 20 0.5
8 21 0.44
8 22 0.51
8 23 0.46
8 24 0.6
8 25 0.54
8 26 0.49
8 27 0.56
8 28 0.56
8 29 0.71
8 30 0.58
8 31 0.54
8 32 0.64
8 33 0.58
8 34 0.66
8 35 0.59
8 36 0.65
8 37 0.81
8 38 0.95
8 39 0.81
8 40 0.93
8 41 0.96
8 42 0.91
8 43 0.97
8 44 0.89
8 45 0.99
8 46 0.9
8 47 0.89
8 48 1
8 49 1.02
8 50 0.96
8 51 1.04
8 52 1.31
8 53 1.45
8 54 1.32
8 55 1.43
8 56 1.47
8 57 1.23
8 58 1.52
8 59 1.27
8 60 1.46
8 61 1.28
8 62 1.24
8 63 1.35
8 64 1.35
8 65 1.43
8 66 1.45
8 67 1.2
8 68 1.25
8 69 1.16
8 70 1.2
8 71 1.42
8 72 1.2
8 73 1.23
8 74 1.2
8 75 1.19
8 76 1.27
8 77 1.13
8 78 1.3
8 79 1.36
8 80 1.29
8 81 0.69
8 82 0.75
8 83 0.53
8 84 0.68
8 85 0.72
8 86 0.66
8 87 0.74
8 88 0.74
8 89 0.65
8 90 0.62
8 91 0.62
8 92 0.74
8 93 0.68
8 94 0.7
8 95 0.76
8 96 0.81
8 97 0.66
8 98 0.75
8 99 0.77
8 100 0.83
8 101 0.76
8 102 0.69
8 103 0.89
8 104 0.79
8 105 0.8
8 106 0.81
8 107 0.78
8 108 0.47
8 109 0.55
8 110 0.75
8 111 0.71
8 112 0.63
8 113 0.6
8 114 0.59
8 115 0.6
8 116 0.83
8 117 0.58
8 118 0.56
8 119 0.91
8 120 1
9 10 0.02
9 11 0.03
9 12 0.18
9 13 0.09
9 14 0.08
9 15 0.06
9 16 0.62
9 17 0.62
9 18 0.55
9 19 0.7
9 20 0.69
9 21 0.63
9 22 0.71
9 23 0.66
9 24 0.64
9 25 0.71
9 26 0.73
9 27 0.71
9 28 0.75
9 29 0.83
9 30 0.83
9 31 0.72
9 32 0.71
9 33 0.84
9 34 0.82
9 35 0.85
9 36 0.79
9 37 0.93
9 38 1.11
9 39 1.08
9 40 1.18
9 41 0.96
9 42 1.12
9 43 1.02
9 44 1.16
9 45 1.11
9 46 1.12
9 47 1.1
9 48 1.16
9 49 1.06
9 50 1.25
9 51 1.28
9 52 1.37
9 53 1.56
9 54 1.3
9 55 1.4
9 56 1.44
9 57 1.53
9 58 1.64
9 59 1.59
9 60 1.57
9 61 1.72
9 62 1.47
9 63 1.49
9 64 1.68
9 65 1.4
9 66 1.54
9 67 1.13
9 68 1.25
9 69 1.27
9 70 1.27
9 71 1.23
9 72 1.34
9 73 1.18
9 74 1.31
9 75 1.49
9 76 1.31
9 77 1.29
9 78 1.3
9 79 1.23
9 80 1.53
9 81 0.58
9 82 0.61
9 83 0.47
9 84 0.55
9 85 0.62
9 86 0.67
9 87 0.59
9 88 0.72
9 89 0.63
9 90 0.54
9 91 0.62
9 92 0.6
9 93 0.66
9 94 0.62
9 95 0.64
9 96 0.66
9 97 0.6
9 98 0.81
9 99 0.67
9 100 0.67
9 101 0.75
9 102 0.71
9 103 0.82
9 104 0.79
9 105 0.8
9 106 0.72
9 107 0.74
9 108 0.49
9 109 0.46
9 110 0.75
9 111 0.68
9 112 0.52
9 113 0.44
9 114 0.48
9 115 0.59
9 116 0.79
9 117 0.49
9 118 0.47
9 119 0.66
9 120 0.87
10 11 0.02
10 12 0.22
10 13 0.09
10 14 0.09
10 15 0.05
10 16 0.58
10 17 0.61
10 18 0.52
10 19 0.72
10 20 0.73
10 21 0.62
10 22 0.7
10 23 0.66
10 24 0.79
10 25 0.7
10 26 0.68
10 27 0.74
10 28 0.76
10 29 0.85
10 30 0.81
10 31 0.82
10 32 0.76
10 33 0.85
10 34 0.81
10 35 0.81
10 36 0.88
10 37 0.93
10 38 0.95
10 39 1.16
10 40 1.08
10 41 1.05
10 42 1.18
10 43 1.1
10 44 1.11
10 45 1.13
10 46 1.15
10 47 1.01
10 48 1.1
10 49 1.28
10 50 1.13
10 51 1.23
10 52 1.49
10 53 1.6
10 54 1.48
10 55 1.62
10 56 1.63
10 57 1.49
10 58 1.4
10 59 1.56
10 60 1.46
10 61 1.57
10 62 1.54
10 63 1.74
10 64 1.49
10 65 1.7
10 66 1.5
10 67 1.31
10 68 1.18
10 69 1.3
10 70 1.28
10 71 1.33
10 72 1.25
10 73 1.35
10 74 1.23
10 75 1.31
10 76 1.15
10 77 1.37
10 78 1.26
10 79 1.47
10 80 1.28
10 81 0.57
10 82 0.72
10 83 0.44
10 84 0.59
10 85 0.54
10 86 0.59
10 87 0.65
10 88 0.77
10 89 0.61
10 90 0.57
10 91 0.55
10 92 0.57
10 93 0.58
10 94 0.65
10 95 0.67
10 96 0.71
10 97 0.7
10 98 0.77
10 99 0.77
10 100 0.68
10 101 0.72
10 102 0.68
10 103 0.77
10 104 0.81
10 105 0.78
10 106 0.82
10 107 0.75
10 108 0.49
10 109 0.49
10 110 0.8
10 111 0.65
10 112 0.52
10 113 0.46
10 114 0.55
10 115 0.61
10 116 0.79
10 117 0.51
10 118 0.49
10 119 0.65
10 120 0.78
11 12 0.19
11 13 0.08
11 14 0.07
11 15 0.04
11 16 0.61
11 17 0.65
11 18 0.56
11 19 0.68
11 20 0.59
11 21 0.61
11 22 0.76
11 23 0.77
11 24 0.74
11 25 0.71
11 26 0.71
11 27 0.78
11 28 0.74
11 29 0.88
11 30 0.78
11 31 0.74
11 32 0.76
11 33 0.89
11 34 0.84
11 35 0.74
11 36 0.86
11 37 0.96
11 38 1.06
11 39 1.09
11 40 1.01
11 41 1.16
11 42 0.98
11 43 1.08
11 44 1.04
11 45 1.1
11 46 1.16
11 47 1.04
11 48 1.21
11 49 1.02
11 50 1.29
11 51 1.26
11 52 1.32
11 53 1.46
11 54 1.52
11 55 1.58
11 56 1.63
11 57 1.37
11 58 1.66
11 59 1.63
11 60 1.48
11 61 1.63
11 62 1.59
11 63 1.68
11 64 1.61
11 65 1.52
11 66 1.61
11 67 1.26
11 68 1.07
11 69 1.37
11 70 1.31
11 71 1.2
11 72 1.29
11 73 1.41
11 74 1.22
11 75 1.42
11 76 1.39
11 77 1.29
11 78 1.21
11 79 1.25
11 80 1.27
11 81 0.62
11 82 0.67
11 83 0.45
11 84 0.6
11 85 0.61
11 86 0.68
11 87 0.68
11 88 0.68
11 89 0.68
11 90 0.56
11 91 0.65
11 92 0.72
11 93 0.69
11 94 0.62
11 95 0.64
11 96 0.7
11 97 0.68
11 98 0.84
11 99 0.7
11 100 0.69
11 101 0.77
11 102 0.76
11 103 0.91
11 104 0.82
11 105 0.79
11 106 0.75
11 107 0.88
11 108 0.47
11 109 0.53
11 110 0.71
11 111 0.66
11 112 0.6
11 113 0.46
11 114 0.58
11 115 0.67
11 116 0.81
11 117 0.49
11 118 0.47
11 119 0.81
11 120 0.98
12 13 0.11
12 14 0.15
12 15 0.18
12 16 0.45
12 17 0.45
12 18 0.61
12 19 0.43
12 20 0.44
12 21 0.52
12 22 0.55
12 23 0.48
12 24 0.51
12 25 0.49
12 26 0.46
12 27 0.55
12 28 0.57
12 29 0.65
12 30 0.62
12 31 0.57
12 32 0.57
12 33 0.66
12 34 0.6
12 35 0.61
12 36 0.64
12 37 0.77
12 38 0.85
12 39 0.85
12 40 0.93
12 41 0.84
12 42 0.91
12 43 1.03
12 44 0.97
12 45 1.04
12 46 0.87
12 47 1.04
12 48 1.06
12 49 0.98
12 50 1.06
12 51 1.18
12 52 1.36
12 53 1.38
12 54 1.25
12 55 1.56
12 56 1.48
12 57 1.31
12 58 1.46
12 59 1.37
12 60 1.43
12 61 1.34
12 62 1.62
12 63 1.52
12 64 1.55
12 65 1.47
12 66 1.51
12 67 1.18
12 68 1.08
12 69 1.38
12 70 1.26
12 71 1.36
12 72 1.27
12 73 1.35
12 74 1.34
12 75 1.2
12 76 1.3
12 77 1.32
12 78 1.19
12 79 1.37
12 80 1.3
12 81 0.82
12 82 0.73
12 83 0.55
12 84 0.61
12 85 0.72
12 86 0.71
12 87 0.73
12 88 0.76
12 89 0.74
12 90 0.62
12 91 0.63
12 92 0.72
12 93 0.69
12 94 0.78
12 95 0.72
12 96 0.72
12 97 0.76
12 98 0.74
12 99 0.91
12 100 0.75
12 101 0.84
12 102 0.85
12 103 1.01
12 104 0.87
12 105 0.87
12 106 0.82
12 107 0.89
12 108 0.48
12 109 0.56
12 110 0.73
12 111 0.79
12 112 0.77
12 113 0.6
12 114 0.59
12 115 0.68
12 116 0.91
12 117 0.57
12 118 0.62
12 119 0.84
12 120 0.95
13 14 0.03
13 15 0.07
13 16 0.58
13 17 0.51
13 18 0.59
13 19 0.55
13 20 0.55
13 21 0.56
13 22 0.67
13 23 0.58
13 24 0.58
13 25 0.65
13 26 0.6
13 27 0.74
13 28 0.75
13 29 0.71
13 30 0.69
13 31 0.72
13 32 0.78
13 33 0.65
13 34 0.68
13 35 0.71
13 36 0.82
13 37 0.91
13 38 0.92
13 39 1.03
13 40 1.03
13 41 1
13 42 1.01
13 43 1.05
13 44 1.02
13 45 1
13 46 1.02
13 47 1.05
13 48 1.25
13 49 1.08
13 50 1.12
13 51 1.24
13 52 1.23
13 53 1.38
13 54 1.37
13 55 1.44
13 56 1.47
13 57 1.43
13 58 1.68
13 59 1.35
13 60 1.54
13 61 1.29
13 62 1.39
13 63 1.6
13 64 1.38
13 65 1.46
13 66 1.67
13 67 1.26
13 68 1.27
13 69 1.36
13 70 1.3
13 71 1.19
13 72 1.45
13 73 1.22
13 74 1.48
13 75 1.28
13 76 1.2
13 77 1.17
13 78 1.35
13 79 1.28
13 80 1.4
13 81 0.65
13 82 0.68
13 83 0.52
13 84 0.65
13 85 0.6
13 86 0.67
13 87 0.67
13 88 0.72
13 89 0.63
13 90 0.65
13 91 0.56
13 92 0.61
13 93 0.67
13 94 0.67
13 95 0.71
13 96 0.71
13 97 0.69
13 98 0.83
13 99 0.86
13 100 0.78
13 101 0.81
13 102 0.73
13 103 0.82
13 104 0.87
13 105 0.83
13 106 0.81
13 107 0.8
13 108 0.45
13 109 0.58
13 110 0.69
13 111 0.68
13 112 0.65
13 113 0.54
13 114 0.58
13 115 0.75
13 116 0.82
13 117 0.57
13 118 0.5
13 119 0.82
13 120 0.92
14 15 0.05
14 16 0.58
14 17 0.52
14 18 0.56
14 19 0.6
14 20 0.63
14 21 0.57
14 22 0.65
14 23 0.65
14 24 0.65
14 25 0.62
14 26 0.7
14 27 0.71
14 28 0.68
14 29 0.88
14 30 0.67
14 31 0.78
14 32 0.83
14 33 0.75
14 34 0.73
14 35 0.7
14 36 0.75
14 37 0.9
14 38 0.87
14 39 0.98
14 40 1.2
14 41 1.05
14 42 0.94
14 43 1.06
14 44 1.14
14 45 1.23
14 46 0.97
14 47 1.09
14 48 1.17
14 49 1.15
14 50 1.16
14 51 1.1
14 52 1.55
14 53 1.46
14 54 1.38
14 55 1.51
14 56 1.44
14 57 1.53
14 58 1.49
14 59 1.51
14 60 1.57
14 61 1.49
14 62 1.56
14 63 1.66
14 64 1.62
14 65 1.43
14 66 1.5
14 67 1.32
14 68 1.13
14 69 1.43
14 70 1.32
14 71 1.5
14 72 1.25
14 73 1.22
14 74 1.29
14 75 1.22
14 76 1.28
14 77 1.38
14 78 1.44
14 79 1.31
14 80 1.35
14 81 0.72
14 82 0.75
14 83 0.55
14 84 0.63
14 85 0.62
14 86 0.75
14 87 0.67
14 88 0.71
14 89 0.7
14 90 0.66
14 91 0.62
14 92 0.69
14 93 0.67
14 94 0.72
14 95 0.77
14 96 0.75
14 97 0.76
14 98 0.77
14 99 0.8
14 100 0.8
14 101 0.86
14 102 0.79
14 103 0.82
14 104 0.83
14 105 0.82
14 106 0.79
14 107 0.95
14 108 0.51
14 109 0.53
14 110 0.81
14 111 0.72
14 112 0.69
14 113 0.55
14 114 0.64
14 115 0.67
14 116 0.79
14 117 0.63
14 118 0.53
14 119 0.78
14 120 0.95
15 16 0.6
15 17 0.62
15 18 0.56
15 19 0.58
15 20 0.61
15 21 0.75
15 22 0.66
15 23 0.69
15 24 0.73
15 25 0.66
15 26 0.69
15 27 0.8
15 28 0.7
15 29 0.85
15 30 0.8
15 31 0.73
15 32 0.79
15 33 0.85
15 34 0.84
15 35 0.77
15 36 0.86
15 37 0.98
15 38 1.06
15 39 1.16
15 40 1.08
15 41 1.07
15 42 1.19
15 43 1.13
15 44 1.22
15 45 1.24
15 46 1.03
15 47 1.24
15 48 1.28
15 49 1.02
15 50 1.26
15 51 1.33
15 52 1.37
15 53 1.52
15 54 1.37
15 55 1.54
15 56 1.65
15 57 1.29
15 58 1.47
15 59 1.42
15 60 1.49
15 61 1.63
15 62 1.57
15 63 1.74
15 64 1.55
15 65 1.53
15 66 1.69
15 67 1.29
15 68 1.15
15 69 1.36
15 70 1.29
15 71 1.24
15 72 1.45
15 73 1.38
15 74 1.35
15 75 1.4
15 76 1.35
15 77 1.39
15 78 1.4
15 79 1.42
15 80 1.5
15 81 0.75
15 82 0.64
15 83 0.46
15 84 0.58
15 85 0.66
15 86 0.74
15 87 0.74
15 88 0.75
15 89 0.63
15 90 0.67
15 91 0.7
15 92 0.65
15 93 0.74
15 94 0.71
15 95 0.67
15 96 0.79
15 97 0.69
15 98 0.75
15 99 0.81
15 100 0.78
15 101 0.73
15 102 0.81
15 103 0.88
15 104 0.83
15 105 0.86
15 106 0.9
15 107 0.92
15 108 0.54
15 109 0.57
15 110 0.76
15 111 0.75
15 112 0.66
15 113 0.5
15 114 0.51
15 115 0.75
15 116 0.81
15 117 0.6
15 118 0.55
15 119 0.87
15 120 0.94
16 17 0.03
16 18 0.8
16 19 0.05
16 20 0.07
16 21 0.13
16 22 0.1
16 23 0.1
16 24 0.11
16 25 0.11
16 26 0.13
16 27 0.15
16 28 0.15
16 29 0.31
16 30 0.17
16 31 0.17
16 32 0.18
16 33 0.22
16 34 0.21
16 35 0.2
16 36 0.23
16 37 0.67
16 38 0.69
16 39 0.63
16 40 0.86
16 41 0.61
16 42 0.67
16 43 0.75
16 44 0.64
16 45 0.84
16 46 0.64
16 47 0.74
16 48 0.79
16 49 0.69
16 50 0.75
16 51 0.75
16 52 1.23
16 53 1.21
16 54 1.29
16 55 1.36
16 56 1.29
16 57 1.28
16 58 1.37
16 59 1.09
16 60 1.46
16 61 1.38
16 62 1.41
16 63 1.43
16 64 1.47
16 65 1.28
16 66 1.51
16 67 1.31
16 68 1.38
16 69 1.38
16 70 1.4
16 71 1.34
16 72 1.36
16 73 1.15
16 74 1.54
16 75 1.35
16 76 1.17
16 77 1.17
16 78 1.32
16 79 1.23
16 80 1.41
16 81 1.28
16 82 1.05
16 83 1.05
16 84 1.05
16 85 1
16 86 1.1
16 87 1.15
16 88 1.24
16 89 0.96
16 90 0.95
16 91 1.02
16 92 1.02
16 93 1.06
16 94 0.89
16 95 0.99
16 96 1.09
16 97 0.97
16 98 1.02
16 99 1.12
16 100 0.99
16 101 1.1
16 102 1.04
16 103 1.12
16 104 1.07
16 105 1.14
16 106 1.16
16 107 1.07
16 108 0.88
16 109 0.85
16 110 0.96
16 111 1.08
16 112 1.03
16 113 0.94
16 114 0.86
16 115 1.03
16 116 1.03
16 117 0.92
16 118 0.87
16 119 1.33
16 120 1.24
17 18 0.97
17 19 0.05
17 20 0.06
17 21 0.1
17 22 0.11
17 23 0.08
17 24 0.12
17 25 0.1
17 26 0.11
17 27 0.18
17 28 0.15
17 29 0.28
17 30 0.21
17 31 0.19
17 32 0.17
17 33 0.21
17 34 0.21
17 35 0.19
17 36 0.23
17 37 0.56
17 38 0.68
17 39 0.63
17 40 0.76
17 41 0.54
17 42 0.67
17 43 0.75
17 44 0.58
17 45 0.72
17 46 0.59
17 47 0.66
17 48 0.75
17 49 0.62
17 50 0.7
17 51 0.78
17 52 1.14
17 53 1.21
17 54 1.15
17 55 1.38
17 56 1.4
17 57 1.06
17 58 1.12
17 59 1.1
17 60 1.24
17 61 1.33
17 62 1.2
17 63 1.29
17 64 1.38
17 65 1.26
17 66 1.23
17 67 1.4
17 68 1.32
17 69 1.4
17 70 1.34
17 71 1.38
17 72 1.42
17 73 1.25
17 74 1.37
17 75 1.29
17 76 1.15
17 77 1.32
17 78 1.21
17 79 1.38
17 80 1.28
17 81 1
17 82 1.16
17 83 0.9
17 84 1.04
17 85 1.03
17 86 1.03
17 87 1.04
17 88 1.17
17 89 0.96
17 90 1.03
17 91 1.03
17 92 1.1
17 93 1.09
17 94 0.87
17 95 1.09
17 96 1.04
17 97 0.91
17 98 1.09
17 99 1.19
17 100 1.06
17 101 1.05
17 102 1.08
17 103 1.06
17 104 1.25
17 105 1.09
17 106 1.12
17 107 1.16
17 108 0.79
17 109 0.77
17 110 0.92
17 111 1.06
17 112 1.03
17 113 0.91
17 114 0.81
17 115 0.96
17 116 0.96
17 117 0.96
17 118 0.98
17 119 1.2
17 120 1.15
18 19 0.89
18 20 1
18 21 0.9
18 22 1.03
18 23 0.93
18 24 1.07
18 25 1.04
18 26 1.1
18 27 1.05
18 28 0.95
18 29 1.03
18 30 1.06
18 31 1.13
18 32 1.11
18 33 1.14
18 34 1.14
18 35 1.05
18 36 1.02
18 37 1.09
18 38 1.02
18 39 0.97
18 40 0.97
18 41 1.07
18 42 0.98
18 43 0.99
18 44 1
18 45 1.07
18 46 1.2
18 47 1.15
18 48 1.2
18 49 1.08
18 50 1.15
18 51 1.34
18 52 1.29
18 53 1.22
18 54 1.25
18 55 1.31
18 56 1.23
18 57 1.36
18 58 1.36
18 59 1.18
18 60 1.35
18 61 1.39
18 62 1.44
18 63 1.31
18 64 1.4
18 65 1.28
18 66 1.49
18 67 0.82
18 68 0.82
18 69 0.75
18 70 0.75
18 71 0.87
18 72 0.87
18 73 0.78
18 74 0.99
18 75 0.87
18 76 0.79
18 77 0.83
18 78 0.94
18 79 0.96
18 80 1.02
18 81 0.24
18 82 0.23
18 83 0.13
18 84 0.12
18 85 0.12
18 86 0.17
18 87 0.19
18 88 0.24
18 89 0.11
18 90 0.06
18 91 0.09
18 92 0.12
18 93 0.16
18 94 0.13
18 95 0.21
18 96 0.15
18 97 0.15
18 98 0.31
18 99 0.26
18 100 0.24
18 101 0.23
18 102 0.24
18 103 0.29
18 104 0.28
18 105 0.28
18 106 0.27
18 107 0.31
18 108 0.08
18 109 0.16
18 110 0.26
18 111 0.18
18 112 0.13
18 113 0.13
18 114 0.02
18 115 0.2
18 116 0.25
18 117 0.14
18 118 0.02
18 119 0.32
18 120 0.4
19 20 0.06
19 21 0.11
19 22 0.06
19 23 0.06
19 24 0.06
19 25 0.05
19 26 0.1
19 27 0.11
19 28 0.09
19 29 0.28
19 30 0.14
19 31 0.13
19 32 0.15
19 33 0.16
19 34 0.16
19 35 0.15
19 36 0.16
19 37 0.65
19 38 0.67
19 39 0.6
19 40 0.84
19 41 0.65
19 42 0.68
19 43 0.79
19 44 0.63
19 45 0.8
19 46 0.63
19 47 0.61
19 48 0.75
19 49 0.63
19 50 0.79
19 51 0.8
19 52 1.22
19 53 1.26
19 54 1.13
19 55 1.28
19 56 1.29
19 57 1.1
19 58 1.17
19 59 1.15
19 60 1.38
19 61 1.3
19 62 1.26
19 63 1.38
19 64 1.42
19 65 1.21
19 66 1.32
19 67 1.36
19 68 1.13
19 69 1.47
19 70 1.35
19 71 1.37
19 72 1.45
19 73 1.23
19 74 1.23
19 75 1.24
19 76 1.22
19 77 1.22
19 78 1.46
19 79 1.24
19 80 1.4
19 81 1.18
19 82 1.19
19 83 1.01
19 84 1.06
19 85 1.04
19 86 1.04
19 87 1.16
19 88 1.19
19 89 1.11
19 90 1.06
19 91 0.99
19 92 0.97
19 93 0.99
19 94 0.98
19 95 1.07
19 96 1.16
19 97 1.08
19 98 1.18
19 99 1.08
19 100 1.16
19 101 1.16
19 102 1.2
19 103 1.19
19 104 1.29
19 105 1.31
19 106 1.28
19 107 1.29
19 108 0.83
19 109 0.82
19 110 1.07
19 111 1.06
19 112 1.16
19 113 1.09
19 114 0.91
19 115 0.89
19 116 1.03
19 117 1.04
19 118 0.99
19 119 1.17
19 120 1.39
20 21 0.04
20 22 0.11
20 23 0.04
20 24 0.13
20 25 0.08
20 26 0.05
20 27 0.16
20 28 0.1
20 29 0.24
20 30 0.18
20 31 0.16
20 32 0.13
20 33 0.19
20 34 0.18
20 35 0.14
20 36 0.18
20 37 0.48
20 38 0.57
20 39 0.61
20 40 0.79
20 41 0.53
20 42 0.56
20 43 0.79
20 44 0.59
20 45 0.74
20 46 0.61
20 47 0.64
20 48 0.64
20 49 0.56
20 50 0.66
20 51 0.76
20 52 1.12
20 53 1.29
20 54 1.11
20 55 1.3
20 56 1.21
20 57 1.18
20 58 1.24
20 59 1.12
20 60 1.27
20 61 1.16
20 62 1.29
20 63 1.36
20 64 1.37
20 65 1.23
20 66 1.26
20 67 1.46
20 68 1.29
20 69 1.27
20 70 1.33
20 71 1.29
20 72 1.43
20 73 1.18
20 74 1.24
20 75 1.31
20 76 1.18
20 77 1.27
20 78 1.36
20 79 1.23
20 80 1.21
20 81 1.07
20 82 1.22
20 83 0.92
20 84 1.09
20 85 1.03
20 86 1.06
20 87 1.06
20 88 1.17
20 89 0.96
20 90 1.06
20 91 1.12
20 92 1.08
20 93 1.01
20 94 1.03
20 95 1.21
20 96 1.16
20 97 0.87
20 98 1.06
20 99 1.1
20 100 1.07
20 101 1.15
20 102 1.19
20 103 1.24
20 104 1.09
20 105 1.21
20 106 1.05
20 107 1.14
20 108 0.87
20 109 0.82
20 110 1.02
20 111 1.05
20 112 1.04
20 113 1.08
20 114 0.98
20 115 0.93
20 116 1.06
20 117 1.02
20 118 0.84
20 119 1.2
20 120 1.32
21 22 0.16
21 23 0.07
21 24 0.16
21 25 0.13
21 26 0.05
21 27 0.2
21 28 0.13
21 29 0.21
21 30 0.22
21 31 0.2
21 32 0.13
21 33 0.22
21 34 0.22
21 35 0.17
21 36 0.19
21 37 0.45
21 38 0.54
21 39 0.53
21 40 0.67
21 41 0.54
21 42 0.6
21 43 0.65
21 44 0.52
21 45 0.63
21 46 0.53
21 47 0.57
21 48 0.71
21 49 0.52
21 50 0.62
21 51 0.66
21 52 1.02
21 53 1.21
21 54 1.14
21 55 1.17
21 56 1.24
21 57 1.11
21 58 1.18
21 59 1.02
21 60 1.12
21 61 1.21
21 62 1.15
21 63 1.16
21 64 1.26
21 65 1.17
21 66 1.34
21 67 1.15
21 68 1.12
21 69 1.29
21 70 1.25
21 71 1.25
21 72 1.4
21 73 1.24
21 74 1.36
21 75 1.18
21 76 1.09
21 77 1.08
21 78 1.18
21 79 1.18
21 80 1.37
21 81 1.03
21 82 1.32
21 83 1.04
21 84 1
21 85 0.98
21 86 1.07
21 87 1.13
21 88 1.19
21 89 1.07
21 90 1.05
21 91 0.97
21 92 1.02
21 93 1.1
21 94 1.09
21 95 1.06
21 96 1.09
21 97 0.93
21 98 0.96
21 99 1.13
21 100 0.97
21 101 1.02
21 102 1.1
21 103 1.02
21 104 1.15
21 105 1.19
21 106 1.17
21 107 1.07
21 108 0.8
21 109 0.83
21 110 0.99
21 111 1.02
21 112 1.09
21 113 1
21 114 0.86
21 115 0.88
21 116 0.96
21 117 0.95
21 118 0.86
21 119 1.16
21 120 1.33
22 23 0.09
22 24 0.02
22 25 0.04
22 26 0.13
22 27 0.06
22 28 0.09
22 29 0.29
22 30 0.1
22 31 0.1
22 32 0.14
22 33 0.11
22 34 0.14
22 35 0.13
22 36 0.17
22 37 0.59
22 38 0.64
22 39 0.72
22 40 0.76
22 41 0.65
22 42 0.65
22 43 0.9
22 44 0.66
22 45 0.74
22 46 0.72
22 47 0.78
22 48 0.81
22 49 0.64
22 50 0.69
22 51 0.89
22 52 1.16
22 53 1.26
22 54 1.21
22 55 1.43
22 56 1.49
22 57 1.21
22 58 1.34
22 59 1.17
22 60 1.21
22 61 1.48
22 62 1.29
22 63 1.56
22 64 1.38
22 65 1.42
22 66 1.5
22 67 1.48
22 68 1.15
22 69 1.4
22 70 1.69
22 71 1.37
22 72 1.35
22 73 1.33
22 74 1.5
22 75 1.54
22 76 1.29
22 77 1.38
22 78 1.45
22 79 1.36
22 80 1.48
22 81 1.17
22 82 1.24
22 83 1.09
22 84 1.17
22 85 1.14
22 86 1.19
22 87 1.14
22 88 1.23
22 89 1.11
22 90 1.13
22 91 1.09
22 92 1.14
22 93 1.04
22 94 1.12
22 95 1.33
22 96 1.3
22 97 1.03
22 98 1.2
22 99 1.13
22 100 1.31
22 101 1.21
22 102 1.18
22 103 1.25
22 104 1.23
22 105 1.28
22 106 1.26
22 107 1.23
22 108 0.97
22 109 0.89
22 110 1.01
22 111 1.18
22 112 1.07
22 113 1.14
22 114 1.08
22 115 1.07
22 116 1.19
22 117 1.06
22 118 0.94
22 119 1.36
22 120 1.59
23 24 0.1
23 25 0.06
23 26 0.04
23 27 0.12
23 28 0.07
23 29 0.22
23 30 0.14
23 31 0.11
23 32 0.09
23 33 0.18
23 34 0.15
23 35 0.11
23 36 0.16
23 37 0.55
23 38 0.59
23 39 0.61
23 40 0.76
23 41 0.61
23 42 0.58
23 43 0.76
23 44 0.6
23 45 0.78
23 46 0.52
23 47 0.59
23 48 0.71
23 49 0.58
23 50 0.69
23 51 0.78
23 52 1.17
23 53 1.07
23 54 1.07
23 55 1.19
23 56 1.28
23 57 1.08
23 58 1.32
23 59 1.18
23 60 1.26
23 61 1.2
23 62 1.18
23 63 1.34
23 64 1.27
23 65 1.1
23 66 1.36
23 67 1.37
23 68 1.13
23 69 1.33
23 70 1.27
23 71 1.31
23 72 1.5
23 73 1.49
23 74 1.28
23 75 1.32
23 76 1.2
23 77 1.23
23 78 1.43
23 79 1.21
23 80 1.34
23 81 1.23
23 82 1.27
23 83 0.98
23 84 0.99
23 85 1.02
23 86 1.12
23 87 1.04
23 88 1.05
23 89 1.07
23 90 0.96
23 91 1.08
23 92 1.11
23 93 1
23 94 1.05
23 95 1.24
23 96 1.05
23 97 0.98
23 98 0.99
23 99 1.03
23 100 1.04
23 101 1.21
23 102 1.16
23 103 1.21
23 104 1.23
23 105 1.24
23 106 1.21
23 107 1.24
23 108 0.84
23 109 0.92
23 110 1.12
23 111 1.21
23 112 1.19
23 113 1.04
23 114 0.95
23 115 0.96
23 116 1
23 117 1.09
23 118 1.04
23 119 1.23
23 120 1.21
24 25 0.03
24 26 0.14
24 27 0.05
24 28 0.09
24 29 0.28
24 30 0.08
24 31 0.09
24 32 0.12
24 33 0.11
24 34 0.13
24 35 0.12
24 36 0.13
24 37 0.6
24 38 0.66
24 39 0.74
24 40 0.88
24 41 0.65
24 42 0.71
24 43 0.74
24 44 0.66
24 45 0.74
24 46 0.65
24 47 0.75
24 48 0.8
24 49 0.69
24 50 0.69
24 51 0.81
24 52 1.38
24 53 1.23
24 54 1.18
24 55 1.38
24 56 1.47
24 57 1.2
24 58 1.45
24 59 1.12
24 60 1.28
24 61 1.21
24 62 1.21
24 63 1.36
24 64 1.3
24 65 1.16
24 66 1.5
24 67 1.68
24 68 1.4
24 69 1.58
24 70 1.5
24 71 1.5
24 72 1.46
24 73 1.36
24 74 1.58
24 75 1.55
24 76 1.54
24 77 1.34
24 78 1.37
24 79 1.29
24 80 1.46
24 81 1.17
24 82 1.13
24 83 1.15
24 84 1.04
24 85 1.2
24 86 1.13
24 87 1.06
24 88 1.32
24 89 1.2
24 90 1.23
24 91 1.24
24 92 1.11
24 93 1.27
24 94 1.16
24 95 1.28
24 96 1.15
24 97 1.07
24 98 1.33
24 99 1.25
24 100 1.26
24 101 1.26
24 102 1.24
24 103 1.18
24 104 1.27
24 105 1.31
24 106 1.37
24 107 1.17
24 108 1
24 109 0.88
24 110 1.14
24 111 1.26
24 112 1.02
24 113 1.13
24 114 0.98
24 115 1.06
24 116 1.15
24 117 1.11
24 118 1.01
24 119 1.21
24 120 1.44
25 26 0.09
25 27 0.06
25 28 0.06
25 29 0.25
25 30 0.1
25 31 0.09
25 32 0.1
25 33 0.12
25 34 0.13
25 35 0.1
25 36 0.14
25 37 0.64
25 38 0.63
25 39 0.67
25 40 0.8
25 41 0.65
25 42 0.64
25 43 0.81
25 44 0.64
25 45 0.77
25 46 0.66
25 47 0.63
25 48 0.69
25 49 0.62
25 50 0.65
25 51 0.72
25 52 1.26
25 53 1.26
25 54 1.23
25 55 1.35
25 56 1.27
25 57 1.2
25 58 1.22
25 59 1.08
25 60 1.46
25 61 1.24
25 62 1.36
25 63 1.42
25 64 1.25
25 65 1.15
25 66 1.33
25 67 1.58
25 68 1.31
25 69 1.35
25 70 1.46
25 71 1.35
25 72 1.43
25 73 1.38
25 74 1.49
25 75 1.36
25 76 1.45
25 77 1.3
25 78 1.53
25 79 1.25
25 80 1.48
25 81 1.27
25 82 1.28
25 83 1.08
25 84 1.08
25 85 1.07
25 86 1.22
25 87 1.11
25 88 1.41
25 89 1.27
25 90 1.16
25 91 1.13
25 92 1.18
25 93 1.19
25 94 1.02
25 95 1.15
25 96 1.27
25 97 0.98
25 98 1.11
25 99 1.13
25 100 1.18
25 101 1.22
25 102 1.24
25 103 1.09
25 104 1.09
25 105 1.3
25 106 1.17
25 107 1.28
25 108 0.85
25 109 0.87
25 110 1.11
25 111 1.14
25 112 1.2
25 113 1.05
25 114 1.06
25 115 0.97
25 116 1.17
25 117 1.03
25 118 1.04
25 119 1.46
25 120 1.39
26 27 0.14
26 28 0.07
26 29 0.18
26 30 0.14
26 31 0.14
26 32 0.09
26 33 0.17
26 34 0.15
26 35 0.11
26 36 0.15
26 37 0.51
26 38 0.49
26 39 0.54
26 40 0.68
26 41 0.48
26 42 0.63
26 43 0.73
26 44 0.53
26 45 0.68
26 46 0.52
26 47 0.6
26 48 0.57
26 49 0.56
26 50 0.59
26 51 0.7
26 52 1.1
26 53 1.22
26 54 1.08
26 55 1.18
26 56 1.21
26 57 1.1
26 58 1.1
26 59 0.98
26 60 1.21
26 61 1.07
26 62 1.23
26 63 1.4
26 64 1.23
26 65 1.07
26 66 1.25
26 67 1.41
26 68 1.19
26 69 1.29
26 70 1.28
26 71 1.3
26 72 1.28
26 73 1.33
26 74 1.34
26 75 1.3
26 76 1.33
26 77 1.18
26 78 1.27
26 79 1.39
26 80 1.43
26 81 1.06
26 82 1.22
26 83 1.03
26 84 1.16
26 85 1.03
26 86 1.13
26 87 1.11
26 88 1.2
26 89 1.1
26 90 1
26 91 0.94
26 92 1.02
26 93 1.01
26 94 0.98
26 95 1.03
26 96 1.05
26 97 0.97
26 98 0.95
26 99 1.12
26 100 1.13
26 101 1.1
26 102 1.15
26 103 1.19
26 104 1.26
26 105 1.16
26 106 1.07
26 107 1.13
26 108 0.88
26 109 0.87
26 110 1.02
26 111 1.13
26 112 1.16
26 113 0.97
26 114 0.94
26 115 0.9
26 116 1.13
26 117 1.13
26 118 0.94
26 119 1.29
26 120 1.43
27 28 0.06
27 29 0.25
27 30 0.03
27 31 0.04
27 32 0.1
27 33 0.06
27 34 0.09
27 35 0.08
27 36 0.11
27 37 0.62
27 38 0.75
27 39 0.65
27 40 0.86
27 41 0.62
27 42 0.7
27 43 0.85
27 44 0.64
27 45 0.75
27 46 0.57
27 47 0.71
27 48 0.72
27 49 0.6
27 50 0.72
27 51 0.72
27 52 1.28
27 53 1.22
27 54 1.2
27 55 1.33
27 56 1.31
27 57 1.1
27 58 1.24
27 59 1.22
27 60 1.25
27 61 1.27
27 62 1.42
27 63 1.45
27 64 1.35
27 65 1.28
27 66 1.62
27 67 1.34
27 68 1.33
27 69 1.4
27 70 1.53
27 71 1.44
27 72 1.63
27 73 1.51
27 74 1.43
27 75 1.48
27 76 1.46
27 77 1.35
27 78 1.48
27 79 1.42
27 80 1.3
27 81 1.36
27 82 1.29
27 83 1.11
27 84 1.08
27 85 1.1
27 86 1.42
27 87 1.15
27 88 1.31
27 89 1.11
27 90 1.19
27 91 1.12
27 92 1.14
27 93 1.25
27 94 1.19
27 95 1.27
27 96 1.25
27 97 1.21
27 98 1.27
27 99 1.12
27 100 1.18
27 101 1.11
27 102 1.41
27 103 1.36
27 104 1.38
27 105 1.35
27 106 1.22
27 107 1.33
27 108 0.93
27 109 0.93
27 110 1.04
27 111 1.18
27 112 1.28
27 113 1.12
27 114 1.06
27 115 1.04
27 116 1.1
27 117 1.08
27 118 1.01
27 119 1.45
27 120 1.5
28 29 0.18
28 30 0.07
28 31 0.04
28 32 0.04
28 33 0.11
28 34 0.09
28 35 0.05
28 36 0.08
28 37 0.54
28 38 0.55
28 39 0.6
28 40 0.74
28 41 0.58
28 42 0.6
28 43 0.76
28 44 0.56
28 45 0.66
28 46 0.61
28 47 0.58
28 48 0.73
28 49 0.58
28 50 0.64
28 51 0.74
28 52 1.12
28 53 1.2
28 54 1.16
28 55 1.37
28 56 1.26
28 57 1.13
28 58 1.18
28 59 1.16
28 60 1.23
28 61 1.23
28 62 1.16
28 63 1.24
28 64 1.2
28 65 1.18
28 66 1.24
28 67 1.4
28 68 1.28
28 69 1.29
28 70 1.47
28 71 1.34
28 72 1.45
28 73 1.34
28 74 1.41
28 75 1.38
28 76 1.25
28 77 1.23
28 78 1.25
28 79 1.43
28 80 1.32
28 81 1.25
28 82 1.41
28 83 1.06
28 84 1.23
28 85 1.25
28 86 1.18
28 87 1.21
28 88 1.25
28 89 1.16
28 90 1.01
28 91 1
28 92 1.22
28 93 1.1
28 94 1
28 95 1.29
28 96 1.11
28 97 1.06
28 98 1.05
28 99 1.26
28 100 1.17
28 101 1.16
28 102 1.3
28 103 1.15
28 104 1.28
28 105 1.31
28 106 1.21
28 107 1.23
28 108 0.88
28 109 0.85
28 110 1.05
28 111 1.21
28 112 1.23
28 113 1.08
28 114 1.09
28 115 1.06
28 116 1.06
28 117 1.03
28 118 1.11
28 119 1.37
28 120 1.45
29 30 0.21
29 31 0.21
29 32 0.13
29 33 0.22
29 34 0.18
29 35 0.13
29 36 0.13
29 37 0.43
29 38 0.5
29 39 0.55
29 40 0.62
29 41 0.47
29 42 0.51
29 43 0.66
29 44 0.46
29 45 0.61
29 46 0.45
29 47 0.5
29 48 0.52
29 49 0.46
29 50 0.49
29 51 0.6
29 52 1.01
29 53 1.11
29 54 1
29 55 1.21
29 56 1.11
29 57 1.12
29 58 1.05
29 59 1.05
29 60 1.29
29 61 1.15
29 62 1.05
29 63 1.33
29 64 1.07
29 65 1.06
29 66 1.08
29 67 1.42
29 68 1.18
29 69 1.46
29 70 1.45
29 71 1.29
29 72 1.31
29 73 1.26
29 74 1.43
29 75 1.48
29 76 1.22
29 77 1.22
29 78 1.17
29 79 1.36
29 80 1.37
29 81 1.21
29 82 1.28
29 83 1.28
29 84 1.21
29 85 1.33
29 86 1.19
29 87 1.34
29 88 1.35
29 89 1.28
29 90 1.1
29 91 1.03
29 92 1.09
29 93 1.3
29 94 1.15
29 95 1.17
29 96 1.18
29 97 1.06
29 98 1.3
29 99 1.14
29 100 1.16
29 101 1.17
29 102 1.41
29 103 1.27
29 104 1.41
29 105 1.35
29 106 1.4
29 107 1.23
29 108 1.09
29 109 1.01
29 110 1.27
29 111 1.42
29 112 1.23
29 113 1.13
29 114 1.14
29 115 1.06
29 116 1.12
29 117 1.23
29 118 1.05
29 119 1.37
29 120 1.35
30 31 0.03
30 32 0.09
30 33 0.04
30 34 0.06
30 35 0.08
30 36 0.07
30 37 0.6
30 38 0.65
30 39 0.62
30 40 0.89
30 41 0.66
30 42 0.67
30 43 0.73
30 44 0.61
30 45 0.71
30 46 0.69
30 47 0.72
30 48 0.79
30 49 0.63
30 50 0.71
30 51 0.85
30 52 1.21
30 53 1.31
30 54 1.23
30 55 1.37
30 56 1.33
30 57 1.26
30 58 1.21
30 59 1.3
30 60 1.36
30 61 1.21
30 62 1.34
30 63 1.31
30 64 1.41
30 65 1.26
30 66 1.44
30 67 1.47
30 68 1.44
30 69 1.36
30 70 1.41
30 71 1.36
30 72 1.55
30 73 1.47
30 74 1.41
30 75 1.54
30 76 1.36
30 77 1.37
30 78 1.35
30 79 1.41
30 80 1.6
30 81 1.4
30 82 1.38
30 83 1.12
30 84 1.19
30 85 1.29
30 86 1.16
30 87 1.23
30 88 1.29
30 89 1.13
30 90 1.15
30 91 1.18
30 92 1.18
30 93 1.18
30 94 1.13
30 95 1.16
30 96 1.09
30 97 1.09
30 98 1.32
30 99 1.38
30 100 1.22
30 101 1.17
30 102 1.24
30 103 1.44
30 104 1.3
30 105 1.21
30 106 1.3
30 107 1.25
30 108 1.04
30 109 1.01
30 110 1.17
30 111 1.2
30 112 1.29
30 113 1.05
30 114 1.08
30 115 1.09
30 116 1.2
30 117 1.22
30 118 1.14
30 119 1.38
30 120 1.53
31 32 0.06
31 33 0.06
31 34 0.04
31 35 0.05
31 36 0.06
31 37 0.58
31 38 0.69
31 39 0.69
31 40 0.85
31 41 0.55
31 42 0.67
31 43 0.76
31 44 0.63
31 45 0.82
31 46 0.59
31 47 0.64
31 48 0.66
31 49 0.59
31 50 0.73
31 51 0.81
31 52 1.17
31 53 1.27
31 54 1.35
31 55 1.33
31 56 1.38
31 57 1.36
31 58 1.18
31 59 1.17
31 60 1.36
31 61 1.15
31 62 1.31
31 63 1.29
31 64 1.34
31 65 1.23
31 66 1.37
31 67 1.41
31 68 1.41
31 69 1.38
31 70 1.4
31 71 1.43
31 72 1.57
31 73 1.33
31 74 1.34
31 75 1.47
31 76 1.36
31 77 1.55
31 78 1.41
31 79 1.26
31 80 1.49
31 81 1.25
31 82 1.26
31 83 1.08
31 84 1.08
31 85 1.25
31 86 1.15
31 87 1.14
31 88 1.39
31 89 1.12
31 90 1.02
31 91 1.05
31 92 1.22
31 93 1.25
31 94 1.19
31 95 1.21
31 96 1.18
31 97 1.07
31 98 1.06
31 99 1.28
31 100 1.25
31 101 1.19
31 102 1.23
31 103 1.25
31 104 1.25
31 105 1.34
31 106 1.23
31 107 1.23
31 108 1.08
31 109 0.92
31 110 1.18
31 111 1.31
31 112 1.12
31 113 1.04
31 114 1.02
31 115 1.11
31 116 1.11
31 117 1.18
31 118 1.02
31 119 1.35
31 120 1.47
32 33 0.14
32 34 0.07
32 35 0.02
32 36 0.05
32 37 0.49
32 38 0.53
32 39 0.62
32 40 0.64
32 41 0.54
32 42 0.63
32 43 0.66
32 44 0.54
32 45 0.74
32 46 0.53
32 47 0.65
32 48 0.6
32 49 0.54
32 50 0.59
32 51 0.72
32 52 1.26
32 53 1.15
32 54 1.22
32 55 1.13
32 56 1.37
32 57 1.05
32 58 1.13
32 59 1.01
32 60 1.19
32 61 1.27
32 62 1.38
32 63 1.23
32 64 1.39
32 65 1.1
32 66 1.22
32 67 1.36
32 68 1.42
32 69 1.35
32 70 1.57
32 71 1.31
32 72 1.46
32 73 1.43
32 74 1.48
32 75 1.43
32 76 1.32
32 77 1.31
32 78 1.36
32 79 1.29
32 80 1.49
32 81 1.15
32 82 1.35
32 83 1.11
32 84 1.09
32 85 1.07
32 86 1.27
32 87 1.1
32 88 1.37
32 89 1.17
32 90 1.14
32 91 1.2
32 92 1.21
32 93 1.07
32 94 1.11
32 95 1.09
32 96 1.21
32 97 1.08
32 98 1.09
32 99 1.12
32 100 1.22
32 101 1.2
32 102 1.25
32 103 1.19
32 104 1.14
32 105 1.27
32 106 1.2
32 107 1.23
32 108 1.02
32 109 0.86
32 110 0.99
32 111 1.32
32 112 1.15
32 113 1.12
32 114 0.93
32 115 0.97
32 116 1.18
32 117 1.12
32 118 1.06
32 119 1.2
32 120 1.54
33 34 0.08
33 35 0.1
33 36 0.1
33 37 0.58
33 38 0.74
33 39 0.65
33 40 0.88
33 41 0.74
33 42 0.77
33 43 0.77
33 44 0.63
33 45 0.92
33 46 0.67
33 47 0.67
33 48 0.71
33 49 0.65
33 50 0.78
33 51 0.75
33 52 1.24
33 53 1.43
33 54 1.22
33 55 1.42
33 56 1.34
33 57 1.27
33 58 1.31
33 59 1.29
33 60 1.33
33 61 1.22
33 62 1.25
33 63 1.4
33 64 1.49
33 65 1.22
33 66 1.38
33 67 1.67
33 68 1.32
33 69 1.69
33 70 1.63
33 71 1.49
33 72 1.47
33 73 1.59
33 74 1.42
33 75 1.71
33 76 1.39
33 77 1.54
33 78 1.69
33 79 1.43
33 80 1.34
33 81 1.34
33 82 1.5
33 83 1.21
33 84 1.32
33 85 1.17
33 86 1.19
33 87 1.38
33 88 1.42
33 89 1.16
33 90 1.09
33 91 1.13
33 92 1.34
33 93 1.38
33 94 1.24
33 95 1.41
33 96 1.24
33 97 1.16
33 98 1.38
33 99 1.26
33 100 1.4
33 101 1.28
33 102 1.42
33 103 1.39
33 104 1.43
33 105 1.53
33 106 1.35
33 107 1.36
33 108 1.03
33 109 0.97
33 110 1.19
33 111 1.18
33 112 1.21
33 113 1.12
33 114 1.09
33 115 1.07
33 116 1.35
33 117 1.14
33 118 1.18
33 119 1.49
33 120 1.51
34 35 0.06
34 36 0.03
34 37 0.59
34 38 0.63
34 39 0.59
34 40 0.76
34 41 0.63
34 42 0.59
34 43 0.77
34 44 0.56
34 45 0.73
34 46 0.68
34 47 0.66
34 48 0.74
34 49 0.62
34 50 0.73
34 51 0.74
34 52 1.12
34 53 1.21
34 54 1.23
34 55 1.17
34 56 1.49
34 57 1.12
34 58 1.14
34 59 1.09
34 60 1.34
34 61 1.12
34 62 1.2
34 63 1.37
34 64 1.23
34 65 1.15
34 66 1.51
34 67 1.48
34 68 1.28
34 69 1.55
34 70 1.42
34 71 1.34
34 72 1.56
34 73 1.38
34 74 1.47
34 75 1.56
34 76 1.37
34 77 1.39
34 78 1.65
34 79 1.4
34 80 1.55
34 81 1.3
34 82 1.39
34 83 1.04
34 84 1.21
34 85 1.18
34 86 1.19
34 87 1.19
34 88 1.48
34 89 1.22
34 90 1.14
34 91 1.06
34 92 1.27
34 93 1.3
34 94 1.14
34 95 1.23
34 96 1.12
34 97 1.1
34 98 1.07
34 99 1.23
34 100 1.33
34 101 1.19
34 102 1.38
34 103 1.3
34 104 1.3
34 105 1.47
34 106 1.27
34 107 1.49
34 108 1.2
34 109 1.08
34 110 1.09
34 111 1.29
34 112 1.13
34 113 1.1
34 114 1.09
34 115 1.05
34 116 1.3
34 117 1.22
34 118 1.1
34 119 1.44
34 120 1.55
35 36 0.04
35 37 0.49
35 38 0.6
35 39 0.63
35 40 0.74
35 41 0.58
35 42 0.63
35 43 0.71
35 44 0.53
35 45 0.79
35 46 0.61
35 47 0.6
35 48 0.6
35 49 0.61
35 50 0.61
35 51 0.7
35 52 1.07
35 53 1.1
35 54 1.15
35 55 1.32
35 56 1.46
35 57 1.33
35 58 1.28
35 59 0.98
35 60 1.26
35 61 1.14
35 62 1.09
35 63 1.16
35 64 1.17
35 65 1.07
35 66 1.49
35 67 1.34
35 68 1.34
35 69 1.66
35 70 1.41
35 71 1.41
35 72 1.41
35 73 1.3
35 74 1.34
35 75 1.49
35 76 1.31
35 77 1.46
35 78 1.42
35 79 1.27
35 80 1.3
35 81 1.16
35 82 1.35
35 83 1.12
35 84 1.26
35 85 1.14
35 86 1.2
35 87 1.2
35 88 1.21
35 89 1.3
35 90 1.05
35 91 1.13
35 92 1.16
35 93 1.21
35 94 1.07
35 95 1.24
35 96 1.29
35 97 1.21
35 98 1.19
35 99 1.18
35 100 1.26
35 101 1.23
35 102 1.22
35 103 1.18
35 104 1.42
35 105 1.37
35 106 1.23
35 107 1.38
35 108 1.05
35 109 1
35 110 1.06
35 111 1.33
35 112 1.1
35 113 1.04
35 114 0.99
35 115 1.01
35 116 1.31
35 117 1.23
35 118 1.11
35 119 1.46
35 120 1.33
36 37 0.56
36 38 0.61
36 39 0.61
36 40 0.7
36 41 0.58
36 42 0.71
36 43 0.67
36 44 0.62
36 45 0.75
36 46 0.62
36 47 0.56
36 48 0.71
36 49 0.59
36 50 0.6
36 51 0.68
36 52 1.13
36 53 1.19
36 54 1.19
36 55 1.27
36 56 1.29
36 57 1.17
36 58 1.26
36 59 1.1
36 60 1.38
36 61 1.2
36 62 1.25
36 63 1.44
36 64 1.3
36 65 1.09
36 66 1.37
36 67 1.37
36 68 1.31
36 69 1.46
36 70 1.4
36 71 1.46
36 72 1.5
36 73 1.31
36 74 1.35
36 75 1.53
36 76 1.4
36 77 1.34
36 78 1.39
36 79 1.39
36 80 1.39
36 81 1.26
36 82 1.31
36 83 1.07
36 84 1.18
36 85 1.23
36 86 1.37
36 87 1.22
36 88 1.34
36 89 1.18
36 90 1.14
36 91 1.32
36 92 1.16
36 93 1.28
36 94 1.11
36 95 1.32
36 96 1.22
36 97 1.2
36 98 1.08
36 99 1.17
36 100 1.2
36 101 1.24
36 102 1.32
36 103 1.27
36 104 1.26
36 105 1.35
36 106 1.42
36 107 1.45
36 108 0.95
36 109 0.98
36 110 1.1
36 111 1.15
36 112 1.3
36 113 1.05
36 114 1.12
36 115 1.13
36 116 1.13
36 117 1.14
36 118 1.06
36 119 1.28
36 120 1.54
37 38 0.05
37 39 0.08
37 40 0.24
37 41 0.06
37 42 0.09
37 43 0.18
37 44 0.1
37 45 0.22
37 46 0.12
37 47 0.14
37 48 0.19
37 49 0.16
37 50 0.23
37 51 0.25
37 52 0.61
37 53 0.75
37 54 0.63
37 55 0.64
37 56 0.8
37 57 0.63
37 58 0.77
37 59 0.57
37 60 0.76
37 61 0.62
37 62 0.73
37 63 0.82
37 64 0.78
37 65 0.58
37 66 0.85
37 67 1.05
37 68 0.8
37 69 1.06
37 70 1.04
37 71 0.91
37 72 1.04
37 73 0.91
37 74 0.99
37 75 0.95
37 76 0.87
37 77 0.85
37 78 0.91
37 79 0.87
37 80 0.87
37 81 1.27
37 82 1.27
37 83 1.09
37 84 1.12
37 85 1.09
37 86 1.23
37 87 1.16
37 88 1.23
37 89 1.03
37 90 0.98
37 91 1.01
37 92 1.15
37 93 1.03
37 94 1.05
37 95 1.13
37 96 1
37 97 0.89
37 98 0.95
37 99 1.05
37 100 1.02
37 101 1.15
37 102 1.05
37 103 1.21
37 104 1.11
37 105 1.08
37 106 1.01
37 107 1.23
37 108 0.89
37 109 0.79
37 110 0.84
37 111 1.19
37 112 1.05
37 113 1.05
37 114 0.98
37 115 0.98
37 116 0.99
37 117 1.13
37 118 0.99
37 119 1.21
37 120 1.43
38 39 0.03
38 40 0.17
38 41 0.05
38 42 0.06
38 43 0.15
38 44 0.1
38 45 0.16
38 46 0.12
38 47 0.12
38 48 0.13
38 49 0.15
38 50 0.21
38 51 0.21
38 52 0.55
38 53 0.69
38 54 0.59
38 55 0.62
38 56 0.69
38 57 0.52
38 58 0.74
38 59 0.53
38 60 0.72
38 61 0.61
38 62 0.67
38 63 0.7
38 64 0.69
38 65 0.6
38 66 0.78
38 67 1
38 68 0.83
38 69 0.98
38 70 1.17
38 71 0.99
38 72 1.03
38 73 0.87
38 74 0.92
38 75 0.99
38 76 0.77
38 77 0.9
38 78 0.84
38 79 0.86
38 80 1
38 81 1.22
38 82 1.1
38 83 1.15
38 84 1.17
38 85 1.03
38 86 1.19
38 87 1.17
38 88 1.13
38 89 1.1
38 90 1.02
38 91 1.06
38 92 0.96
38 93 1.17
38 94 1.06
38 95 1.12
38 96 1
38 97 1.02
38 98 1.02
38 99 0.98
38 100 1.02
38 101 1.04
38 102 1.17
38 103 1.02
38 104 0.98
38 105 1.22
38 106 1.27
38 107 1.02
38 108 0.87
38 109 0.81
38 110 0.89
38 111 1.18
38 112 1.17
38 113 1.04
38 114 0.98
38 115 0.81
38 116 0.93
38 117 1.07
38 118 0.87
38 119 1.25
38 120 1.25
39 40 0.13
39 41 0.07
39 42 0.05
39 43 0.1
39 44 0.12
39 45 0.13
39 46 0.14
39 47 0.14
39 48 0.13
39 49 0.18
39 50 0.19
39 51 0.24
39 52 0.55
39 53 0.61
39 54 0.57
39 55 0.58
39 56 0.69
39 57 0.51
39 58 0.61
39 59 0.48
39 60 0.78
39 61 0.52
39 62 0.61
39 63 0.68
39 64 0.59
39 65 0.59
39 66 0.76
39 67 0.98
39 68 0.76
39 69 1.12
39 70 1.04
39 71 0.92
39 72 0.88
39 73 0.82
39 74 0.94
39 75 0.88
39 76 0.77
39 77 0.92
39 78 0.82
39 79 0.78
39 80 0.89
39 81 1.12
39 82 1.11
39 83 1.07
39 84 1
39 85 1.13
39 86 1.09
39 87 1.16
39 88 1.18
39 89 1.15
39 90 1.01
39 91 0.98
39 92 1.09
39 93 1.11
39 94 0.95
39 95 1.09
39 96 1.06
39 97 0.94
39 98 0.88
39 99 1.14
39 100 1.03
39 101 1.06
39 102 1.13
39 103 1.04
39 104 1.08
39 105 1.14
39 106 1.27
39 107 0.99
39 108 1.04
39 109 0.77
39 110 0.86
39 111 1.1
39 112 1.25
39 113 1.17
39 114 0.94
39 115 0.84
39 116 0.87
39 117 1.08
39 118 0.96
39 119 1.22
39 120 1.22
40 41 0.19
40 42 0.15
40 43 0.08
40 44 0.24
40 45 0.11
40 46 0.25
40 47 0.21
40 48 0.2
40 49 0.29
40 50 0.3
40 51 0.21
40 52 0.43
40 53 0.47
40 54 0.39
40 55 0.46
40 56 0.56
40 57 0.42
40 58 0.45
40 59 0.39
40 60 0.57
40 61 0.44
40 62 0.46
40 63 0.54
40 64 0.47
40 65 0.47
40 66 0.56
40 67 0.91
40 68 0.66
40 69 0.84
40 70 0.88
40 71 0.74
40 72 0.79
40 73 0.76
40 74 0.78
40 75 0.74
40 76 0.7
40 77 0.66
40 78 0.72
40 79 0.66
40 80 0.71
40 81 1.34
40 82 1.1
40 83 1.18
40 84 1.18
40 85 1.09
40 86 1.22
40 87 1.08
40 88 1.26
40 89 1.01
40 90 0.98
40 91 1.01
40 92 1.15
40 93 1.14
40 94 0.97
40 95 1.13
40 96 1.01
40 97 0.99
40 98 0.8
40 99 0.93
40 100 0.98
40 101 1.13
40 102 1.03
40 103 0.99
40 104 1.16
40 105 1.2
40 106 1.08
40 107 1.15
40 108 1.01
40 109 0.93
40 110 0.9
40 111 1.32
40 112 1.08
40 113 1.14
40 114 1.03
40 115 0.87
40 116 1.02
40 117 1.27
40 118 0.93
40 119 1.15
40 120 1.32
41 42 0.05
41 43 0.15
41 44 0.05
41 45 0.14
41 46 0.08
41 47 0.09
41 48 0.12
41 49 0.11
41 50 0.17
41 51 0.19
41 52 0.59
41 53 0.68
41 54 0.56
41 55 0.66
41 56 0.67
41 57 0.65
41 58 0.7
41 59 0.56
41 60 0.74
41 61 0.65
41 62 0.67
41 63 0.76
41 64 0.73
41 65 0.56
41 66 0.82
41 67 1.16
41 68 0.92
41 69 1.08
41 70 1.01
41 71 0.96
41 72 1.06
41 73 0.86
41 74 0.93
41 75 0.95
41 76 0.92
41 77 0.94
41 78 0.9
41 79 0.87
41 80 1
41 81 1.19
41 82 1.36
41 83 1.16
41 84 1.07
41 85 1.13
41 86 1.26
41 87 1.1
41 88 1.32
41 89 1.22
41 90 1.1
41 91 1.15
41 92 1.05
41 93 1.11
41 94 1.1
41 95 1.22
41 96 1.08
41 97 0.97
41 98 0.93
41 99 1.06
41 100 1
41 101 1.19
41 102 1.2
41 103 1.15
41 104 1.05
41 105 1.25
41 106 1.21
41 107 1.22
41 108 1.01
41 109 0.91
41 110 0.93
41 111 1.14
41 112 1.08
41 113 1.13
41 114 1.05
41 115 0.87
41 116 1.05
41 117 1.19
41 118 1.13
41 119 1.33
41 120 1.28
42 43 0.09
42 44 0.07
42 45 0.11
42 46 0.1
42 47 0.09
42 48 0.08
42 49 0.12
42 50 0.15
42 51 0.17
42 52 0.54
42 53 0.64
42 54 0.63
42 55 0.64
42 56 0.71
42 57 0.51
42 58 0.68
42 59 0.53
42 60 0.65
42 61 0.56
42 62 0.56
42 63 0.63
42 64 0.62
42 65 0.56
42 66 0.66
42 67 1.07
42 68 0.9
42 69 1.09
42 70 1.05
42 71 1.03
42 72 0.96
42 73 1.04
42 74 0.94
42 75 0.93
42 76 0.88
42 77 0.9
42 78 0.86
42 79 0.91
42 80 0.85
42 81 1.16
42 82 1.24
42 83 1.25
42 84 1.17
42 85 1.07
42 86 1.27
42 87 1.21
42 88 1.16
42 89 1.26
42 90 1.08
42 91 1.07
42 92 1.14
42 93 1.11
42 94 0.97
42 95 1.16
42 96 1.05
42 97 1.03
42 98 0.9
42 99 1.23
42 100 1.19
42 101 1.11
42 102 1.12
42 103 1.13
42 104 1.04
42 105 1.11
42 106 1.21
42 107 1.15
42 108 0.9
42 109 0.93
42 110 0.93
42 111 1.33
42 112 1.26
42 113 1.27
42 114 1.06
42 115 0.85
42 116 1.03
42 117 1.12
42 118 0.97
42 119 1.26
42 120 1.35
43 44 0.19
43 45 0.05
43 46 0.19
43 47 0.15
43 48 0.11
43 49 0.17
43 50 0.19
43 51 0.17
43 52 0.48
43 53 0.52
43 54 0.43
43 55 0.51
43 56 0.59
43 57 0.48
43 58 0.54
43 59 0.36
43 60 0.6
43 61 0.51
43 62 0.52
43 63 0.58
43 64 0.54
43 65 0.47
43 66 0.65
43 67 0.92
43 68 0.78
43 69 0.93
43 70 0.93
43 71 0.91
43 72 0.8
43 73 0.93
43 74 0.88
43 75 0.91
43 76 0.91
43 77 0.83
43 78 0.8
43 79 0.79
43 80 0.87
43 81 1.37
43 82 1.23
43 83 1.22
43 84 1.15
43 85 1.19
43 86 1.16
43 87 1.15
43 88 1.25
43 89 1.1
43 90 1.07
43 91 1.06
43 92 1.04
43 93 1.22
43 94 1.15
43 95 1.3
43 96 1.02
43 97 0.94
43 98 0.98
43 99 1.11
43 100 1.05
43 101 1.13
43 102 1.23
43 103 1.06
43 104 1.17
43 105 1.14
43 106 1.29
43 107 1.12
43 108 0.93
43 109 0.96
43 110 0.93
43 111 1.16
43 112 1.07
43 113 1.19
43 114 0.95
43 115 0.95
43 116 0.93
43 117 1.18
43 118 1.14
43 119 1.26
43 120 1.44
44 45 0.16
44 46 0.03
44 47 0.04
44 48 0.1
44 49 0.06
44 50 0.12
44 51 0.16
44 52 0.56
44 53 0.72
44 54 0.6
44 55 0.7
44 56 0.76
44 57 0.62
44 58 0.65
44 59 0.53
44 60 0.8
44 61 0.63
44 62 0.66
44 63 0.76
44 64 0.68
44 65 0.67
44 66 0.78
44 67 1.16
44 68 0.95
44 69 1.03
44 70 1.28
44 71 1.13
44 72 1
44 73 0.93
44 74 0.96
44 75 1.07
44 76 1.04
44 77 0.91
44 78 1.02
44 79 0.85
44 80 0.91
44 81 1.27
44 82 1.27
44 83 1.26
44 84 1.11
44 85 1.08
44 86 1.34
44 87 1.22
44 88 1.27
44 89 1.19
44 90 1.07
44 91 1.09
44 92 1.16
44 93 1.12
44 94 1.13
44 95 1.3
44 96 1.13
44 97 1.14
44 98 1.03
44 99 1.1
44 100 1.16
44 101 1.17
44 102 1.3
44 103 1.11
44 104 1.09
44 105 1.16
44 106 1.19
44 107 1.36
44 108 1.07
44 109 0.95
44 110 1.06
44 111 1.16
44 112 1.25
44 113 1.2
44 114 1.04
44 115 0.91
44 116 0.99
44 117 1.25
44 118 1.07
44 119 1.44
44 120 1.31
45 46 0.16
45 47 0.13
45 48 0.07
45 49 0.17
45 50 0.15
45 51 0.12
45 52 0.45
45 53 0.53
45 54 0.5
45 55 0.53
45 56 0.59
45 57 0.47
45 58 0.51
45 59 0.4
45 60 0.6
45 61 0.5
45 62 0.53
45 63 0.57
45 64 0.56
45 65 0.43
45 66 0.59
45 67 0.92
45 68 0.78
45 69 1.12
45 70 1.11
45 71 0.92
45 72 0.91
45 73 0.97
45 74 0.9
45 75 0.87
45 76 0.91
45 77 0.76
45 78 0.84
45 79 0.74
45 80 0.8
45 81 1.26
45 82 1.4
45 83 1.22
45 84 1.32
45 85 1.21
45 86 1.15
45 87 1.33
45 88 1.4
45 89 1.06
45 90 1.1
45 91 1.22
45 92 1.1
45 93 1.22
45 94 0.99
45 95 1.12
45 96 1.1
45 97 1.08
45 98 0.92
45 99 1.15
45 100 1.02
45 101 1.14
45 102 1.23
45 103 1.2
45 104 1.21
45 105 1.19
45 106 1.34
45 107 1.25
45 108 1.08
45 109 0.99
45 110 0.91
45 111 1.18
45 112 1.31
45 113 1.35
45 114 1.05
45 115 0.98
45 116 0.99
45 117 1.42
45 118 1.18
45 119 1.35
45 120 1.39
46 47 0.03
46 48 0.1
46 49 0.03
46 50 0.09
46 51 0.16
46 52 0.66
46 53 0.68
46 54 0.61
46 55 0.69
46 56 0.76
46 57 0.64
46 58 0.67
46 59 0.59
46 60 0.76
46 61 0.7
46 62 0.78
46 63 0.74
46 64 0.76
46 65 0.65
46 66 0.79
46 67 1.05
46 68 1
46 69 1.13
46 70 1.25
46 71 1.11
46 72 1.03
46 73 0.98
46 74 0.96
46 75 1.1
46 76 1.1
46 77 1.01
46 78 0.99
46 79 1.02
46 80 1.07
46 81 1.25
46 82 1.28
46 83 1.35
46 84 1.31
46 85 1.19
46 86 1.37
46 87 1.34
46 88 1.28
46 89 1.09
46 90 1.09
46 91 1.21
46 92 1.28
46 93 1.08
46 94 1.09
46 95 1.27
46 96 1.23
46 97 1.13
46 98 1.03
46 99 1.25
46 100 1.18
46 101 1.34
46 102 1.26
46 103 1.19
46 104 1.34
46 105 1.34
46 106 1.27
46 107 1.33
46 108 1.05
46 109 0.95
46 110 1.13
46 111 1.22
46 112 1.32
46 113 1.23
46 114 0.98
46 115 0.96
46 116 1.05
46 117 1.17
46 118 1.18
46 119 1.47
46 120 1.4
47 48 0.07
47 49 0.04
47 50 0.09
47 51 0.13
47 52 0.66
47 53 0.58
47 54 0.55
47 55 0.64
47 56 0.73
47 57 0.58
47 58 0.6
47 59 0.56
47 60 0.65
47 61 0.64
47 62 0.67
47 63 0.75
47 64 0.73
47 65 0.58
47 66 0.76
47 67 1
47 68 0.83
47 69 1.24
47 70 1.21
47 71 0.96
47 72 1.02
47 73 1.03
47 74 0.95
47 75 0.96
47 76 0.96
47 77 0.85
47 78 0.95
47 79 0.93
47 80 0.92
47 81 1.2
47 82 1.22
47 83 1.21
47 84 1.36
47 85 1.29
47 86 1.25
47 87 1.27
47 88 1.22
47 89 1.17
47 90 1.18
47 91 1.18
47 92 1.19
47 93 1.06
47 94 1.11
47 95 1.35
47 96 1.15
47 97 1.19
47 98 0.94
47 99 1.13
47 100 1.19
47 101 1.29
47 102 1.32
47 103 1.17
47 104 1.26
47 105 1.25
47 106 1.26
47 107 1.29
47 108 1.12
47 109 0.91
47 110 0.97
47 111 1.34
47 112 1.28
47 113 1.24
47 114 1.17
47 115 1.1
47 116 1.1
47 117 1.32
47 118 1.22
47 119 1.29
47 120 1.41
48 49 0.11
48 50 0.09
48 51 0.09
48 52 0.5
48 53 0.55
48 54 0.51
48 55 0.58
48 56 0.67
48 57 0.58
48 58 0.59
48 59 0.42
48 60 0.63
48 61 0.61
48 62 0.54
48 63 0.61
48 64 0.55
48 65 0.54
48 66 0.63
48 67 1.16
48 68 0.88
48 69 1.01
48 70 1.16
48 71 0.99
48 72 0.97
48 73 0.94
48 74 1.09
48 75 0.94
48 76 0.98
48 77 0.85
48 78 0.92
48 79 0.81
48 80 0.91
48 81 1.43
48 82 1.37
48 83 1.29
48 84 1.28
48 85 1.21
48 86 1.2
48 87 1.34
48 88 1.36
48 89 1.11
48 90 1.09
48 91 1.18
48 92 1.34
48 93 1.08
48 94 1.24
48 95 1.36
48 96 1.15
48 97 1.14
48 98 1.08
48 99 1.1
48 100 1.08
48 101 1.16
48 102 1.33
48 103 1.23
48 104 1.19
48 105 1.21
48 106 1.26
48 107 1.29
48 108 1.12
48 109 1.02
48 110 0.97
48 111 1.25
48 112 1.37
48 113 1.14
48 114 1.11
48 115 0.99
48 116 1.05
48 117 1.33
48 118 1.03
48 119 1.63
48 120 1.53
49 50 0.08
49 51 0.14
49 52 0.71
49 53 0.73
49 54 0.68
49 55 0.65
49 56 0.72
49 57 0.66
49 58 0.77
49 59 0.62
49 60 0.66
49 61 0.62
49 62 0.66
49 63 0.8
49 64 0.67
49 65 0.57
49 66 0.84
49 67 1.21
49 68 0.96
49 69 1.2
49 70 1.32
49 71 1.17
49 72 1.12
49 73 0.92
49 74 1.09
49 75 1.2
49 76 1.11
49 77 0.97
49 78 0.95
49 79 0.99
49 80 1.01
49 81 1.27
49 82 1.32
49 83 1.25
49 84 1.42
49 85 1.28
49 86 1.3
49 87 1.24
49 88 1.46
49 89 1.21
49 90 1.17
49 91 1.17
49 92 1.23
49 93 1.3
49 94 1.14
49 95 1.3
49 96 1.21
49 97 1.18
49 98 1.02
49 99 1.17
49 100 1.19
49 101 1.2
49 102 1.3
49 103 1.31
49 104 1.23
49 105 1.25
49 106 1.29
49 107 1.36
49 108 1.06
49 109 0.97
49 110 0.97
49 111 1.25
49 112 1.35
49 113 1.38
49 114 1.28
49 115 1.07
49 116 1.14
49 117 1.15
49 118 1.24
49 119 1.5
49 120 1.55
50 51 0.06
50 52 0.53
50 53 0.59
50 54 0.58
50 55 0.68
50 56 0.67
50 57 0.61
50 58 0.64
50 59 0.46
50 60 0.65
50 61 0.57
50 62 0.62
50 63 0.67
50 64 0.66
50 65 0.52
50 66 0.75
50 67 1.06
50 68 0.89
50 69 1.09
50 70 1.19
50 71 1.08
50 72 1.23
50 73 1.1
50 74 1.06
50 75 1.09
50 76 1.09
50 77 1.04
50 78 1.02
50 79 1.01
50 80 0.97
50 81 1.43
50 82 1.35
50 83 1.36
50 84 1.34
50 85 1.19
50 86 1.24
50 87 1.35
50 88 1.35
50 89 1.4
50 90 1.26
50 91 1.22
50 92 1.3
50 93 1.19
50 94 1.27
50 95 1.48
50 96 1.3
50 97 1.18
50 98 1.05
50 99 1.18
50 100 1.24
50 101 1.22
50 102 1.31
50 103 1.36
50 104 1.26
50 105 1.48
50 106 1.42
50 107 1.22
50 108 1.23
50 109 0.99
50 110 1.14
50 111 1.32
50 112 1.23
50 113 1.24
50 114 1.26
50 115 0.99
50 116 1.1
50 117 1.23
50 118 1.14
50 119 1.71
50 120 1.51
51 52 0.58
51 53 0.62
51 54 0.49
51 55 0.59
51 56 0.62
51 57 0.53
51 58 0.6
51 59 0.4
51 60 0.6
51 61 0.48
51 62 0.59
51 63 0.62
51 64 0.56
51 65 0.48
51 66 0.61
51 67 1.1
51 68 0.93
51 69 1.06
51 70 1.24
51 71 1
51 72 1.07
51 73 1.12
51 74 1.09
51 75 1.05
51 76 1.02
51 77 1.01
51 78 1.05
51 79 0.99
51 80 0.97
51 81 1.43
51 82 1.64
51 83 1.28
51 84 1.36
51 85 1.47
51 86 1.29
51 87 1.23
51 88 1.3
51 89 1.25
51 90 1.22
51 91 1.32
51 92 1.32
51 93 1.23
51 94 1.19
51 95 1.28
51 96 1.19
51 97 1.27
51 98 1
51 99 1.34
51 100 1.21
51 101 1.31
51 102 1.28
51 103 1.34
51 104 1.3
51 105 1.46
51 106 1.26
51 107 1.29
51 108 1.08
51 109 1.1
51 110 1.07
51 111 1.45
51 112 1.43
51 113 1.42
51 114 1.16
51 115 1.07
51 116 1.21
51 117 1.36
51 118 1.19
51 119 1.61
51 120 1.57
52 53 0.05
52 54 0.03
52 55 0.08
52 56 0.15
52 57 0.06
52 58 0.11
52 59 0.11
52 60 0.17
52 61 0.15
52 62 0.18
52 63 0.22
52 64 0.21
52 65 0.22
52 66 0.3
52 67 0.72
52 68 0.48
52 69 0.75
52 70 0.84
52 71 0.64
52 72 0.55
52 73 0.6
52 74 0.62
52 75 0.55
52 76 0.52
52 77 0.5
52 78 0.59
52 79 0.48
52 80 0.52
52 81 1.48
52 82 1.27
52 83 1.38
52 84 1.34
52 85 1.23
52 86 1.19
52 87 1.15
52 88 1.4
52 89 1.11
52 90 1.12
52 91 1.18
52 92 1.09
52 93 1.11
52 94 1.08
52 95 1.16
52 96 1.16
52 97 1.21
52 98 0.89
52 99 1.2
52 100 1.07
52 101 1.09
52 102 1.32
52 103 1
52 104 1
52 105 1.28
52 106 1.29
52 107 1.02
52 108 1.12
52 109 1.08
52 110 1.01
52 111 1.33
52 112 1.16
52 113 1.38
52 114 1.09
52 115 1.08
52 116 0.97
52 117 1.42
52 118 1.27
52 119 1.49
52 120 1.39
53 54 0.05
53 55 0.05
53 56 0.1
53 57 0.07
53 58 0.09
53 59 0.14
53 60 0.14
53 61 0.15
53 62 0.17
53 63 0.16
53 64 0.2
53 65 0.19
53 66 0.26
53 67 0.71
53 68 0.56
53 69 0.76
53 70 0.74
53 71 0.6
53 72 0.61
53 73 0.56
53 74 0.56
53 75 0.64
53 76 0.58
53 77 0.5
53 78 0.56
53 79 0.52
53 80 0.49
53 81 1.41
53 82 1.49
53 83 1.41
53 84 1.46
53 85 1.34
53 86 1.33
53 87 1.17
53 88 1.43
53 89 1.36
53 90 1.2
53 91 1.32
53 92 1.23
53 93 1.21
53 94 1.23
53 95 1.37
53 96 1.21
53 97 1.01
53 98 0.86
53 99 1.14
53 100 1.21
53 101 1.24
53 102 1.24
53 103 1.11
53 104 1.12
53 105 1.22
53 106 1.19
53 107 1.2
53 108 1.25
53 109 1.14
53 110 0.93
53 111 1.22
53 112 1.22
53 113 1.28
53 114 1.27
53 115 1.11
53 116 1.05
53 117 1.39
53 118 1.32
53 119 1.59
53 120 1.44
54 55 0.06
54 56 0.13
54 57 0.04
54 58 0.09
54 59 0.11
54 60 0.13
54 61 0.12
54 62 0.15
54 63 0.2
54 64 0.16
54 65 0.17
54 66 0.28
54 67 0.74
54 68 0.55
54 69 0.79
54 70 0.83
54 71 0.7
54 72 0.64
54 73 0.66
54 74 0.56
54 75 0.59
54 76 0.58
54 77 0.49
54 78 0.55
54 79 0.48
54 80 0.56
54 81 1.46
54 82 1.29
54 83 1.21
54 84 1.22
54 85 1.36
54 86 1.34
54 87 1.37
54 88 1.24
54 89 1.39
54 90 1.25
54 91 1.33
54 92 1.26
54 93 1.14
54 94 1.22
54 95 1.18
54 96 1.14
54 97 1.04
54 98 1.04
54 99 1.06
54 100 1.02
54 101 1.18
54 102 1.35
54 103 1.05
54 104 1.2
54 105 1.18
54 106 1.27
54 107 1.26
54 108 1.15
54 109 1.08
54 110 1.07
54 111 1.42
54 112 1.38
54 113 1.42
54 114 1.22
54 115 0.99
54 116 0.96
54 117 1.33
54 118 1.24
54 119 1.28
54 120 1.54
55 56 0.06
55 57 0.09
55 58 0.03
55 59 0.14
55 60 0.1
55 61 0.13
55 62 0.13
55 63 0.14
55 64 0.13
55 65 0.19
55 66 0.24
55 67 0.82
55 68 0.57
55 69 0.82
55 70 0.84
55 71 0.62
55 72 0.67
55 73 0.6
55 74 0.67
55 75 0.58
55 76 0.57
55 77 0.52
55 78 0.6
55 79 0.5
55 80 0.48
55 81 1.41
55 82 1.37
55 83 1.35
55 84 1.29
55 85 1.27
55 86 1.42
55 87 1.24
55 88 1.51
55 89 1.33
55 90 1.35
55 91 1.3
55 92 1.25
55 93 1.4
55 94 1.16
55 95 1.17
55 96 1.13
55 97 1.15
55 98 0.93
55 99 1.09
55 100 1.09
55 101 1.13
55 102 1.31
55 103 1.12
55 104 1.14
55 105 1.11
55 106 1.25
55 107 1.19
55 108 1.14
55 109 1.12
55 110 1.07
55 111 1.32
55 112 1.33
55 113 1.38
55 114 1.11
55 115 1.02
55 116 1.11
55 117 1.35
55 118 1.22
55 119 1.4
55 120 1.32
56 57 0.15
56 58 0.05
56 59 0.23
56 60 0.09
56 61 0.18
56 62 0.16
56 63 0.13
56 64 0.15
56 65 0.21
56 66 0.22
56 67 0.77
56 68 0.55
56 69 0.79
56 70 0.74
56 71 0.61
56 72 0.58
56 73 0.59
56 74 0.57
56 75 0.62
56 76 0.63
56 77 0.58
56 78 0.54
56 79 0.53
56 80 0.56
56 81 1.61
56 82 1.51
56 83 1.39
56 84 1.47
56 85 1.26
56 86 1.32
56 87 1.28
56 88 1.34
56 89 1.26
56 90 1.36
56 91 1.45
56 92 1.21
56 93 1.35
56 94 1.27
56 95 1.36
56 96 1.34
56 97 1.17
56 98 1.03
56 99 1.25
56 100 1.15
56 101 1.25
56 102 1.33
56 103 1.12
56 104 1.11
56 105 1.34
56 106 1.22
56 107 1.13
56 108 1.15
56 109 1.14
56 110 1.01
56 111 1.37
56 112 1.31
56 113 1.52
56 114 1.31
56 115 1.23
56 116 1.09
56 117 1.37
56 118 1.19
56 119 1.58
56 120 1.59
57 58 0.09
57 59 0.07
57 60 0.12
57 61 0.12
57 62 0.12
57 63 0.16
57 64 0.15
57 65 0.12
57 66 0.23
57 67 0.82
57 68 0.59
57 69 0.92
57 70 0.87
57 71 0.64
57 72 0.69
57 73 0.59
57 74 0.66
57 75 0.64
57 76 0.64
57 77 0.67
57 78 0.62
57 79 0.58
57 80 0.58
57 81 1.32
57 82 1.41
57 83 1.37
57 84 1.2
57 85 1.25
57 86 1.19
57 87 1.22
57 88 1.22
57 89 1.28
57 90 1.39
57 91 1.25
57 92 1.25
57 93 1.31
57 94 1.08
57 95 1.34
57 96 1.1
57 97 1.11
57 98 0.93
57 99 1.17
57 100 1.05
57 101 1.13
57 102 1.2
57 103 1.18
57 104 1.1
57 105 1.41
57 106 1.25
57 107 1.18
57 108 1.11
57 109 1.08
57 110 1.06
57 111 1.34
57 112 1.39
57 113 1.32
57 114 1.27
57 115 1.16
57 116 1.15
57 117 1.32
57 118 1.17
57 119 1.53
57 120 1.52
58 59 0.14
58 60 0.06
58 61 0.11
58 62 0.1
58 63 0.09
58 64 0.12
58 65 0.17
58 66 0.21
58 67 0.77
58 68 0.63
58 69 0.82
58 70 0.87
58 71 0.74
58 72 0.73
58 73 0.67
58 74 0.7
58 75 0.68
58 76 0.6
58 77 0.67
58 78 0.62
58 79 0.55
58 80 0.52
58 81 1.59
58 82 1.39
58 83 1.48
58 84 1.32
58 85 1.34
58 86 1.5
58 87 1.3
58 88 1.31
58 89 1.32
58 90 1.38
58 91 1.31
58 92 1.37
58 93 1.19
58 94 1.19
58 95 1.28
58 96 1.36
58 97 1.33
58 98 1.12
58 99 1.33
58 100 1.09
58 101 1.24
58 102 1.15
58 103 1.1
58 104 1.27
58 105 1.16
58 106 1.4
58 107 1.25
58 108 1.35
58 109 1.04
58 110 1.1
58 111 1.38
58 112 1.41
58 113 1.31
58 114 1.35
58 115 1.12
58 116 1.15
58 117 1.46
58 118 1.33
58 119 1.56
58 120 1.52
59 60 0.16
59 61 0.08
59 62 0.14
59 63 0.19
59 64 0.17
59 65 0.09
59 66 0.22
59 67 0.83
59 68 0.61
59 69 0.83
59 70 0.87
59 71 0.69
59 72 0.69
59 73 0.67
59 74 0.69
59 75 0.69
59 76 0.72
59 77 0.65
59 78 0.66
59 79 0.6
59 80 0.69
59 81 1.36
59 82 1.3
59 83 1.24
59 84 1.36
59 85 1.26
59 86 1.42
59 87 1.39
59 88 1.37
59 89 1.35
59 90 1.16
59 91 1.19
59 92 1.29
59 93 1.35
59 94 1.2
59 95 1.27
59 96 1.18
59 97 1.09
59 98 0.97
59 99 1.14
59 100 1.16
59 101 1.27
59 102 1.3
59 103 1.26
59 104 1.21
59 105 1.47
59 106 1.17
59 107 1.17
59 108 1.13
59 109 1.04
59 110 1.2
59 111 1.32
59 112 1.38
59 113 1.49
59 114 1.14
59 115 1.15
59 116 1.11
59 117 1.32
59 118 1.15
59 119 1.38
59 120 1.36
60 61 0.1
60 62 0.08
60 63 0.05
60 64 0.07
60 65 0.16
60 66 0.14
60 67 0.81
60 68 0.65
60 69 0.92
60 70 0.9
60 71 0.73
60 72 0.66
60 73 0.75
60 74 0.79
60 75 0.66
60 76 0.73
60 77 0.64
60 78 0.58
60 79 0.62
60 80 0.6
60 81 1.47
60 82 1.54
60 83 1.39
60 84 1.51
60 85 1.37
60 86 1.36
60 87 1.53
60 88 1.56
60 89 1.37
60 90 1.39
60 91 1.37
60 92 1.32
60 93 1.41
60 94 1.45
60 95 1.3
60 96 1.22
60 97 1.26
60 98 1
60 99 1.25
60 100 1.31
60 101 1.42
60 102 1.37
60 103 1.15
60 104 1.14
60 105 1.44
60 106 1.51
60 107 1.38
60 108 1.28
60 109 1.33
60 110 1.15
60 111 1.37
60 112 1.5
60 113 1.46
60 114 1.36
60 115 1.17
60 116 1.18
60 117 1.45
60 118 1.36
60 119 1.56
60 120 1.41
61 62 0.03
61 63 0.11
61 64 0.07
61 65 0.05
61 66 0.13
61 67 0.94
61 68 0.7
61 69 0.89
61 70 0.97
61 71 0.85
61 72 0.75
61 73 0.75
61 74 0.76
61 75 0.77
61 76 0.74
61 77 0.73
61 78 0.68
61 79 0.63
61 80 0.6
61 81 1.42
61 82 1.57
61 83 1.49
61 84 1.4
61 85 1.31
61 86 1.39
61 87 1.47
61 88 1.28
61 89 1.35
61 90 1.32
61 91 1.22
61 92 1.24
61 93 1.41
61 94 1.23
61 95 1.4
61 96 1.19
61 97 1.23
61 98 1.17
61 99 1.26
61 100 1.2
61 101 1.25
61 102 1.49
61 103 1.22
61 104 1.16
61 105 1.34
61 106 1.38
61 107 1.24
61 108 1.42
61 109 1.09
61 110 1.05
61 111 1.53
61 112 1.4
61 113 1.57
61 114 1.41
61 115 1.18
61 116 1.23
61 117 1.55
61 118 1.41
61 119 1.7
61 120 1.51
62 63 0.07
62 64 0.03
62 65 0.07
62 66 0.12
62 67 0.89
62 68 0.68
62 69 1
62 70 1.01
62 71 0.77
62 72 0.83
62 73 0.68
62 74 0.74
62 75 0.71
62 76 0.75
62 77 0.62
62 78 0.68
62 79 0.66
62 80 0.55
62 81 1.53
62 82 1.44
62 83 1.71
62 84 1.55
62 85 1.41
62 86 1.46
62 87 1.53
62 88 1.43
62 89 1.42
62 90 1.29
62 91 1.3
62 92 1.25
62 93 1.36
62 94 1.31
62 95 1.43
62 96 1.27
62 97 1.26
62 98 1.16
62 99 1.29
62 100 1.18
62 101 1.29
62 102 1.49
62 103 1.15
62 104 1.31
62 105 1.34
62 106 1.3
62 107 1.29
62 108 1.36
62 109 1.09
62 110 1.18
62 111 1.51
62 112 1.59
62 113 1.46
62 114 1.21
62 115 1.12
62 116 1.09
62 117 1.46
62 118 1.49
62 119 1.57
62 120 1.4
63 64 0.05
63 65 0.14
63 66 0.11
63 67 0.96
63 68 0.75
63 69 0.95
63 70 0.9
63 71 0.8
63 72 0.76
63 73 0.8
63 74 0.77
63 75 0.71
63 76 0.75
63 77 0.67
63 78 0.76
63 79 0.57
63 80 0.6
63 81 1.69
63 82 1.51
63 83 1.53
63 84 1.44
63 85 1.45
63 86 1.53
63 87 1.35
63 88 1.5
63 89 1.34
63 90 1.58
63 91 1.53
63 92 1.48
63 93 1.38
63 94 1.47
63 95 1.35
63 96 1.33
63 97 1.18
63 98 1.17
63 99 1.27
63 100 1.26
63 101 1.27
63 102 1.27
63 103 1.27
63 104 1.38
63 105 1.44
63 106 1.33
63 107 1.23
63 108 1.33
63 109 1.16
63 110 1.13
63 111 1.58
63 112 1.69
63 113 1.35
63 114 1.38
63 115 1.24
63 116 1.38
63 117 1.5
63 118 1.4
63 119 1.73
63 120 1.44
64 65 0.09
64 66 0.09
64 67 0.89
64 68 0.71
64 69 1.06
64 70 0.98
64 71 0.78
64 72 0.75
64 73 0.79
64 74 0.83
64 75 0.81
64 76 0.76
64 77 0.65
64 78 0.66
64 79 0.66
64 80 0.67
64 81 1.69
64 82 1.48
64 83 1.42
64 84 1.63
64 85 1.52
64 86 1.41
64 87 1.47
64 88 1.55
64 89 1.42
64 90 1.36
64 91 1.26
64 92 1.38
64 93 1.43
64 94 1.36
64 95 1.45
64 96 1.37
64 97 1.2
64 98 1.19
64 99 1.4
64 100 1.21
64 101 1.36
64 102 1.31
64 103 1.31
64 104 1.27
64 105 1.28
64 106 1.45
64 107 1.27
64 108 1.3
64 109 1.29
64 110 1.06
64 111 1.46
64 112 1.66
64 113 1.4
64 114 1.28
64 115 1.17
64 116 1.16
64 117 1.54
64 118 1.61
64 119 1.63
64 120 1.63
65 66 0.17
65 67 0.88
65 68 0.71
65 69 1.01
65 70 0.9
65 71 0.89
65 72 0.7
65 73 0.81
65 74 0.79
65 75 0.88
65 76 0.8
65 77 0.73
65 78 0.7
65 79 0.6
65 80 0.63
65 81 1.65
65 82 1.58
65 83 1.42
65 84 1.48
65 85 1.4
65 86 1.57
65 87 1.3
65 88 1.47
65 89 1.28
65 90 1.25
65 91 1.39
65 92 1.31
65 93 1.34
65 94 1.22
65 95 1.31
65 96 1.22
65 97 1.17
65 98 1.03
65 99 1.19
65 100 1.13
65 101 1.3
65 102 1.41
65 103 1.39
65 104 1.37
65 105 1.28
65 106 1.3
65 107 1.29
65 108 1.34
65 109 1.13
65 110 1.21
65 111 1.42
65 112 1.37
65 113 1.5
65 114 1.36
65 115 1.21
65 116 1.14
65 117 1.37
65 118 1.24
65 119 1.55
65 120 1.63
66 67 0.97
66 68 0.9
66 69 1.07
66 70 1
66 71 1
66 72 0.84
66 73 0.89
66 74 0.79
66 75 0.8
66 76 0.84
66 77 0.78
66 78 0.73
66 79 0.67
66 80 0.79
66 81 1.65
66 82 1.51
66 83 1.65
66 84 1.43
66 85 1.42
66 86 1.61
66 87 1.48
66 88 1.65
66 89 1.61
66 90 1.49
66 91 1.61
66 92 1.43
66 93 1.62
66 94 1.4
66 95 1.58
66 96 1.57
66 97 1.39
66 98 1.29
66 99 1.3
66 100 1.34
66 101 1.63
66 102 1.47
66 103 1.25
66 104 1.6
66 105 1.43
66 106 1.56
66 107 1.44
66 108 1.49
66 109 1.27
66 110 1.19
66 111 1.67
66 112 1.6
66 113 1.51
66 114 1.35
66 115 1.22
66 116 1.39
66 117 1.48
66 118 1.36
66 119 1.62
66 120 1.61
67 68 0.23
67 69 0.05
67 70 0.07
67 71 0.12
67 72 0.17
67 73 0.15
67 74 0.16
67 75 0.16
67 76 0.18
67 77 0.22
67 78 0.24
67 79 0.26
67 80 0.26
67 81 0.96
67 82 0.85
67 83 0.86
67 84 0.84
67 85 0.89
67 86 0.76
67 87 0.8
67 88 0.85
67 89 0.82
67 90 0.75
67 91 0.79
67 92 0.7
67 93 0.69
67 94 0.63
67 95 0.68
67 96 0.68
67 97 0.65
67 98 0.46
67 99 0.55
67 100 0.56
67 101 0.58
67 102 0.63
67 103 0.52
67 104 0.55
67 105 0.69
67 106 0.66
67 107 0.53
67 108 0.81
67 109 0.73
67 110 0.58
67 111 0.78
67 112 0.83
67 113 0.93
67 114 0.71
67 115 0.54
67 116 0.55
67 117 0.88
67 118 0.83
67 119 0.86
67 120 0.72
68 69 0.27
68 70 0.28
68 71 0.13
68 72 0.15
68 73 0.08
68 74 0.14
68 75 0.16
68 76 0.05
68 77 0.09
68 78 0.12
68 79 0.13
68 80 0.17
68 81 0.96
68 82 0.96
68 83 1.01
68 84 0.82
68 85 0.96
68 86 0.83
68 87 0.8
68 88 0.81
68 89 0.88
68 90 0.84
68 91 0.86
68 92 0.76
68 93 0.74
68 94 0.66
68 95 0.84
68 96 0.7
68 97 0.64
68 98 0.57
68 99 0.73
68 100 0.69
68 101 0.71
68 102 0.73
68 103 0.66
68 104 0.68
68 105 0.76
68 106 0.66
68 107 0.77
68 108 0.8
68 109 0.76
68 110 0.52
68 111 0.78
68 112 0.92
68 113 0.94
68 114 0.81
68 115 0.67
68 116 0.65
68 117 0.93
68 118 0.75
68 119 0.97
68 120 0.87
69 70 0.03
69 71 0.14
69 72 0.18
69 73 0.17
69 74 0.18
69 75 0.17
69 76 0.2
69 77 0.24
69 78 0.23
69 79 0.31
69 80 0.32
69 81 0.89
69 82 0.89
69 83 0.92
69 84 0.76
69 85 0.91
69 86 0.8
69 87 0.83
69 88 0.73
69 89 0.72
69 90 0.71
69 91 0.81
69 92 0.69
69 93 0.7
69 94 0.68
69 95 0.74
69 96 0.71
69 97 0.62
69 98 0.48
69 99 0.65
69 100 0.61
69 101 0.59
69 102 0.64
69 103 0.6
69 104 0.55
69 105 0.6
69 106 0.66
69 107 0.64
69 108 0.83
69 109 0.81
69 110 0.54
69 111 0.85
69 112 0.9
69 113 0.87
69 114 0.74
69 115 0.64
69 116 0.53
69 117 0.88
69 118 0.84
69 119 0.9
69 120 0.78
70 71 0.15
70 72 0.2
70 73 0.16
70 74 0.18
70 75 0.18
70 76 0.19
70 77 0.26
70 78 0.22
70 79 0.31
70 80 0.33
70 81 0.92
70 82 0.87
70 83 0.88
70 84 0.9
70 85 0.89
70 86 0.75
70 87 0.74
70 88 0.9
70 89 0.81
70 90 0.85
70 91 0.76
70 92 0.78
70 93 0.81
70 94 0.71
70 95 0.83
70 96 0.68
70 97 0.66
70 98 0.52
70 99 0.65
70 100 0.64
70 101 0.65
70 102 0.71
70 103 0.6
70 104 0.65
70 105 0.72
70 106 0.71
70 107 0.65
70 108 0.91
70 109 0.72
70 110 0.63
70 111 0.79
70 112 0.89
70 113 1.01
70 114 0.75
70 115 0.65
70 116 0.63
70 117 0.85
70 118 0.85
70 119 0.84
70 120 0.83
71 72 0.05
71 73 0.06
71 74 0.04
71 75 0.05
71 76 0.07
71 77 0.1
71 78 0.11
71 79 0.17
71 80 0.18
71 81 0.95
71 82 0.91
71 83 0.93
71 84 0.86
71 85 0.93
71 86 0.87
71 87 0.76
71 88 0.85
71 89 0.85
71 90 0.79
71 91 0.8
71 92 0.74
71 93 0.73
71 94 0.72
71 95 0.81
71 96 0.81
71 97 0.72
71 98 0.57
71 99 0.66
71 100 0.68
71 101 0.75
71 102 0.76
71 103 0.58
71 104 0.61
71 105 0.68
71 106 0.67
71 107 0.62
71 108 0.94
71 109 0.73
71 110 0.6
71 111 0.83
71 112 0.97
71 113 1.04
71 114 0.82
71 115 0.63
71 116 0.63
71 117 1.02
71 118 0.91
71 119 0.95
71 120 0.79
72 73 0.1
72 74 0.03
72 75 0
72 76 0.09
72 77 0.09
72 78 0.07
72 79 0.14
72 80 0.13
72 81 1.07
72 82 0.99
72 83 1.01
72 84 1.06
72 85 1
72 86 1.01
72 87 0.82
72 88 0.99
72 89 0.86
72 90 0.83
72 91 0.9
72 92 0.98
72 93 0.76
72 94 0.87
72 95 0.84
72 96 0.87
72 97 0.87
72 98 0.56
72 99 0.75
72 100 0.78
72 101 0.8
72 102 0.78
72 103 0.72
72 104 0.73
72 105 0.77
72 106 0.83
72 107 0.76
72 108 0.86
72 109 0.79
72 110 0.61
72 111 0.95
72 112 0.98
72 113 0.97
72 114 0.98
72 115 0.72
72 116 0.71
72 117 1.11
72 118 0.84
72 119 0.99
72 120 0.98
73 74 0.06
73 75 0.09
73 76 0.03
73 77 0.07
73 78 0.1
73 79 0.15
73 80 0.15
73 81 1.03
73 82 0.97
73 83 0.93
73 84 0.91
73 85 0.83
73 86 0.8
73 87 0.86
73 88 0.8
73 89 0.81
73 90 0.75
73 91 0.82
73 92 0.73
73 93 0.75
73 94 0.65
73 95 0.82
73 96 0.68
73 97 0.65
73 98 0.51
73 99 0.71
73 100 0.6
73 101 0.72
73 102 0.7
73 103 0.54
73 104 0.66
73 105 0.74
73 106 0.77
73 107 0.64
73 108 0.77
73 109 0.76
73 110 0.67
73 111 0.78
73 112 0.99
73 113 0.9
73 114 0.81
73 115 0.58
73 116 0.54
73 117 0.95
73 118 0.81
73 119 0.96
73 120 0.81
74 75 0.03
74 76 0.07
74 77 0.06
74 78 0.07
74 79 0.13
74 80 0.15
74 81 0.89
74 82 0.9
74 83 0.9
74 84 1
74 85 0.9
74 86 0.95
74 87 0.85
74 88 0.95
74 89 0.96
74 90 0.8
74 91 0.79
74 92 0.91
74 93 0.72
74 94 0.73
74 95 0.9
74 96 0.74
74 97 0.77
74 98 0.6
74 99 0.76
74 100 0.68
74 101 0.71
74 102 0.76
74 103 0.6
74 104 0.77
74 105 0.81
74 106 0.87
74 107 0.7
74 108 0.97
74 109 0.79
74 110 0.61
74 111 0.87
74 112 0.89
74 113 1.07
74 114 0.91
74 115 0.69
74 116 0.68
74 117 0.9
74 118 0.85
74 119 0.95
74 120 0.84
75 76 0.11
75 77 0.09
75 78 0.07
75 79 0.13
75 80 0.14
75 81 1.11
75 82 0.96
75 83 1.03
75 84 0.9
75 85 0.93
75 86 0.93
75 87 0.85
75 88 1.01
75 89 0.96
75 90 0.85
75 91 0.85
75 92 0.93
75 93 0.79
75 94 0.82
75 95 0.79
75 96 0.84
75 97 0.79
75 98 0.69
75 99 0.81
75 100 0.77
75 101 0.85
75 102 0.88
75 103 0.76
75 104 0.74
75 105 0.9
75 106 0.71
75 107 0.78
75 108 0.86
75 109 0.89
75 110 0.62
75 111 0.97
75 112 1.05
75 113 1.03
75 114 0.89
75 115 0.73
75 116 0.59
75 117 0.95
75 118 0.97
75 119 0.95
75 120 0.94
76 77 0.04
76 78 0.09
76 79 0.1
76 80 0.15
76 81 0.89
76 82 0.92
76 83 0.89
76 84 0.96
76 85 0.83
76 86 0.89
76 87 0.91
76 88 0.81
76 89 0.8
76 90 0.84
76 91 0.8
76 92 0.82
76 93 0.8
76 94 0.83
76 95 0.73
76 96 0.8
76 97 0.74
76 98 0.48
76 99 0.7
76 100 0.6
76 101 0.75
76 102 0.69
76 103 0.64
76 104 0.69
76 105 0.84
76 106 0.69
76 107 0.69
76 108 0.94
76 109 0.86
76 110 0.65
76 111 0.82
76 112 0.9
76 113 0.89
76 114 0.8
76 115 0.65
76 116 0.59
76 117 0.86
76 118 0.8
76 119 1.04
76 120 0.89
77 78 0.05
77 79 0.07
77 80 0.1
77 81 0.93
77 82 0.99
77 83 1.1
77 84 0.86
77 85 0.85
77 86 0.97
77 87 0.88
77 88 0.99
77 89 0.85
77 90 0.79
77 91 0.83
77 92 0.87
77 93 0.78
77 94 0.78
77 95 0.78
77 96 0.89
77 97 0.7
77 98 0.57
77 99 0.74
77 100 0.67
77 101 0.78
77 102 0.84
77 103 0.68
77 104 0.79
77 105 0.88
77 106 0.77
77 107 0.79
77 108 0.92
77 109 0.79
77 110 0.72
77 111 0.91
77 112 1.02
77 113 1.08
77 114 0.91
77 115 0.76
77 116 0.64
77 117 1.02
77 118 0.99
77 119 1.07
77 120 0.98
78 79 0.07
78 80 0.07
78 81 1.11
78 82 0.96
78 83 0.98
78 84 1.06
78 85 0.93
78 86 0.97
78 87 0.86
78 88 0.91
78 89 0.88
78 90 0.85
78 91 0.89
78 92 0.83
78 93 0.86
78 94 0.8
78 95 0.76
78 96 0.88
78 97 0.8
78 98 0.69
78 99 0.72
78 100 0.72
78 101 0.75
78 102 0.75
78 103 0.66
78 104 0.74
78 105 0.9
78 106 0.86
78 107 0.78
78 108 0.88
78 109 0.84
78 110 0.65
78 111 1.02
78 112 1.04
78 113 1.01
78 114 0.87
78 115 0.78
78 116 0.7
78 117 1.06
78 118 0.86
78 119 1.02
78 120 0.94
79 80 0.06
79 81 1
79 82 0.97
79 83 1.04
79 84 0.91
79 85 0.93
79 86 1.03
79 87 0.92
79 88 1.03
79 89 0.98
79 90 0.81
79 91 0.88
79 92 0.87
79 93 0.88
79 94 0.9
79 95 0.86
79 96 0.85
79 97 0.76
79 98 0.62
79 99 0.81
79 100 0.71
79 101 0.76
79 102 0.99
79 103 0.68
79 104 0.78
79 105 0.84
79 106 0.8
79 107 0.81
79 108 0.87
79 109 0.82
79 110 0.7
79 111 1.04
79 112 1.03
79 113 1.11
79 114 0.96
79 115 0.77
79 116 0.76
79 117 0.99
79 118 0.88
79 119 1.09
79 120 1.05
80 81 1.04
80 82 1.05
80 83 1.12
80 84 1.13
80 85 1.12
80 86 0.95
80 87 0.92
80 88 0.98
80 89 0.91
80 90 0.92
80 91 1.06
80 92 1.02
80 93 0.96
80 94 0.97
80 95 0.97
80 96 0.89
80 97 0.91
80 98 0.67
80 99 0.89
80 100 0.78
80 101 0.84
80 102 0.9
80 103 0.77
80 104 0.86
80 105 0.93
80 106 0.93
80 107 0.79
80 108 0.95
80 109 1.02
80 110 0.86
80 111 1
80 112 1.07
80 113 1.1
80 114 1.05
80 115 0.72
80 116 0.73
80 117 1.01
80 118 0.94
80 119 1.14
80 120 1.01
81 82 0.08
81 83 0.15
81 84 0.1
81 85 0.1
81 86 0.1
81 87 0.14
81 88 0.11
81 89 0.15
81 90 0.17
81 91 0.17
81 92 0.16
81 93 0.21
81 94 0.24
81 95 0.17
81 96 0.23
81 97 0.28
81 98 0.5
81 99 0.3
81 100 0.3
81 101 0.27
81 102 0.23
81 103 0.36
81 104 0.35
81 105 0.24
81 106 0.29
81 107 0.36
81 108 0.3
81 109 0.35
81 110 0.41
81 111 0.1
81 112 0.08
81 113 0.16
81 114 0.23
81 115 0.36
81 116 0.35
81 117 0.1
81 118 0.24
81 119 0.11
81 120 0.26
82 83 0.2
82 84 0.15
82 85 0.11
82 86 0.06
82 87 0.08
82 88 0.04
82 89 0.13
82 90 0.18
82 91 0.17
82 92 0.12
82 93 0.16
82 94 0.19
82 95 0.13
82 96 0.16
82 97 0.27
82 98 0.4
82 99 0.23
82 100 0.29
82 101 0.17
82 102 0.17
82 103 0.28
82 104 0.22
82 105 0.17
82 106 0.18
82 107 0.25
82 108 0.31
82 109 0.4
82 110 0.36
82 111 0.05
82 112 0.11
82 113 0.2
82 114 0.25
82 115 0.34
82 116 0.34
82 117 0.16
82 118 0.25
82 119 0.08
82 120 0.16
83 84 0.09
83 85 0.13
83 86 0.18
83 87 0.2
83 88 0.23
83 89 0.16
83 90 0.16
83 91 0.15
83 92 0.17
83 93 0.23
83 94 0.24
83 95 0.21
83 96 0.26
83 97 0.25
83 98 0.48
83 99 0.32
83 100 0.39
83 101 0.31
83 102 0.27
83 103 0.38
83 104 0.33
83 105 0.31
83 106 0.37
83 107 0.41
83 108 0.18
83 109 0.31
83 110 0.37
83 111 0.17
83 112 0.12
83 113 0.01
83 114 0.17
83 115 0.29
83 116 0.34
83 117 0.06
83 118 0.14
83 119 0.28
83 120 0.38
84 85 0.05
84 86 0.09
84 87 0.13
84 88 0.14
84 89 0.09
84 90 0.09
84 91 0.1
84 92 0.1
84 93 0.15
84 94 0.17
84 95 0.15
84 96 0.18
84 97 0.19
84 98 0.41
84 99 0.23
84 100 0.25
84 101 0.23
84 102 0.2
84 103 0.36
84 104 0.3
84 105 0.27
84 106 0.24
84 107 0.28
84 108 0.19
84 109 0.27
84 110 0.34
84 111 0.1
84 112 0.04
84 113 0.07
84 114 0.12
84 115 0.27
84 116 0.32
84 117 0.03
84 118 0.12
84 119 0.21
84 120 0.32
85 86 0.05
85 87 0.07
85 88 0.1
85 89 0.04
85 90 0.08
85 91 0.07
85 92 0.05
85 93 0.12
85 94 0.14
85 95 0.12
85 96 0.13
85 97 0.17
85 98 0.37
85 99 0.18
85 100 0.23
85 101 0.19
85 102 0.17
85 103 0.28
85 104 0.26
85 105 0.17
85 106 0.2
85 107 0.27
85 108 0.18
85 109 0.27
85 110 0.28
85 111 0.06
85 112 0.03
85 113 0.11
85 114 0.16
85 115 0.25
85 116 0.28
85 117 0.07
85 118 0.15
85 119 0.16
85 120 0.25
86 87 0.04
86 88 0.06
86 89 0.06
86 90 0.11
86 91 0.09
86 92 0.07
86 93 0.11
86 94 0.15
86 95 0.09
86 96 0.12
86 97 0.21
86 98 0.34
86 99 0.19
86 100 0.21
86 101 0.14
86 102 0.13
86 103 0.28
86 104 0.21
86 105 0.16
86 106 0.18
86 107 0.24
86 108 0.23
86 109 0.31
86 110 0.28
86 111 0.02
86 112 0.06
86 113 0.17
86 114 0.16
86 115 0.26
86 116 0.25
86 117 0.12
86 118 0.2
86 119 0.15
86 120 0.2
87 88 0.07
87 89 0.06
87 90 0.11
87 91 0.09
87 92 0.06
87 93 0.09
87 94 0.12
87 95 0.05
87 96 0.1
87 97 0.16
87 98 0.32
87 99 0.16
87 100 0.16
87 101 0.13
87 102 0.1
87 103 0.23
87 104 0.2
87 105 0.11
87 106 0.15
87 107 0.2
87 108 0.27
87 109 0.27
87 110 0.27
87 111 0.04
87 112 0.1
87 113 0.19
87 114 0.19
87 115 0.25
87 116 0.21
87 117 0.13
87 118 0.18
87 119 0.17
87 120 0.22
88 89 0.11
88 90 0.15
88 91 0.15
88 92 0.11
88 93 0.15
88 94 0.2
88 95 0.09
88 96 0.16
88 97 0.21
88 98 0.38
88 99 0.18
88 100 0.24
88 101 0.17
88 102 0.11
88 103 0.25
88 104 0.2
88 105 0.15
88 106 0.17
88 107 0.2
88 108 0.29
88 109 0.34
88 110 0.36
88 111 0.05
88 112 0.12
88 113 0.19
88 114 0.22
88 115 0.3
88 116 0.28
88 117 0.17
88 118 0.26
88 119 0.09
88 120 0.17
89 90 0.05
89 91 0.03
89 92 0.02
89 93 0.07
89 94 0.09
89 95 0.09
89 96 0.09
89 97 0.13
89 98 0.32
89 99 0.15
89 100 0.2
89 101 0.15
89 102 0.14
89 103 0.22
89 104 0.2
89 105 0.16
89 106 0.17
89 107 0.22
89 108 0.2
89 109 0.26
89 110 0.26
89 111 0.09
89 112 0.07
89 113 0.15
89 114 0.12
89 115 0.2
89 116 0.23
89 117 0.12
89 118 0.14
89 119 0.2
89 120 0.28
90 91 0.02
90 92 0.06
90 93 0.08
90 94 0.08
90 95 0.13
90 96 0.09
90 97 0.1
90 98 0.27
90 99 0.18
90 100 0.2
90 101 0.15
90 102 0.16
90 103 0.26
90 104 0.21
90 105 0.23
90 106 0.22
90 107 0.24
90 108 0.16
90 109 0.2
90 110 0.23
90 111 0.13
90 112 0.11
90 113 0.14
90 114 0.07
90 115 0.19
90 116 0.22
90 117 0.13
90 118 0.09
90 119 0.28
90 120 0.35
91 92 0.04
91 93 0.06
91 94 0.06
91 95 0.09
91 96 0.08
91 97 0.12
91 98 0.33
91 99 0.15
91 100 0.18
91 101 0.16
91 102 0.14
91 103 0.26
91 104 0.23
91 105 0.17
91 106 0.19
91 107 0.24
91 108 0.17
91 109 0.2
91 110 0.21
91 111 0.12
91 112 0.1
91 113 0.14
91 114 0.08
91 115 0.17
91 116 0.19
91 117 0.13
91 118 0.11
91 119 0.26
91 120 0.28
92 93 0.05
92 94 0.07
92 95 0.07
92 96 0.07
92 97 0.13
92 98 0.27
92 99 0.15
92 100 0.16
92 101 0.14
92 102 0.11
92 103 0.21
92 104 0.17
92 105 0.16
92 106 0.17
92 107 0.22
92 108 0.21
92 109 0.23
92 110 0.22
92 111 0.08
92 112 0.09
92 113 0.15
92 114 0.13
92 115 0.21
92 116 0.2
92 117 0.15
92 118 0.16
92 119 0.2
92 120 0.25
93 94 0.03
93 95 0.07
93 96 0.01
93 97 0.08
93 98 0.25
93 99 0.1
93 100 0.11
93 101 0.08
93 102 0.09
93 103 0.19
93 104 0.13
93 105 0.13
93 106 0.13
93 107 0.16
93 108 0.23
93 109 0.25
93 110 0.18
93 111 0.12
93 112 0.17
93 113 0.21
93 114 0.14
93 115 0.14
93 116 0.16
93 117 0.18
93 118 0.18
93 119 0.27
93 120 0.27
94 95 0.09
94 96 0.04
94 97 0.05
94 98 0.24
94 99 0.09
94 100 0.11
94 101 0.09
94 102 0.13
94 103 0.2
94 104 0.15
94 105 0.17
94 106 0.16
94 107 0.18
94 108 0.19
94 109 0.19
94 110 0.14
94 111 0.16
94 112 0.17
94 113 0.21
94 114 0.14
94 115 0.13
94 116 0.12
94 117 0.19
94 118 0.14
94 119 0.28
94 120 0.33
95 96 0.06
95 97 0.14
95 98 0.25
95 99 0.11
95 100 0.14
95 101 0.08
95 102 0.04
95 103 0.19
95 104 0.12
95 105 0.08
95 106 0.11
95 107 0.14
95 108 0.26
95 109 0.3
95 110 0.25
95 111 0.09
95 112 0.15
95 113 0.22
95 114 0.2
95 115 0.23
95 116 0.17
95 117 0.2
95 118 0.21
95 119 0.2
95 120 0.21
96 97 0.08
96 98 0.21
96 99 0.09
96 100 0.09
96 101 0.07
96 102 0.07
96 103 0.17
96 104 0.14
96 105 0.13
96 106 0.13
96 107 0.15
96 108 0.22
96 109 0.23
96 110 0.16
96 111 0.13
96 112 0.17
96 113 0.22
96 114 0.15
96 115 0.16
96 116 0.13
96 117 0.2
96 118 0.18
96 119 0.23
96 120 0.23
97 98 0.17
97 99 0.12
97 100 0.11
97 101 0.12
97 102 0.15
97 103 0.19
97 104 0.15
97 105 0.21
97 106 0.17
97 107 0.21
97 108 0.18
97 109 0.16
97 110 0.11
97 111 0.2
97 112 0.2
97 113 0.25
97 114 0.13
97 115 0.09
97 116 0.11
97 117 0.24
97 118 0.15
97 119 0.33
97 120 0.32
98 99 0.17
98 100 0.14
98 101 0.2
98 102 0.26
98 103 0.15
98 104 0.21
98 105 0.29
98 106 0.26
98 107 0.24
98 108 0.36
98 109 0.28
98 110 0.08
98 111 0.39
98 112 0.36
98 113 0.41
98 114 0.3
98 115 0.15
98 116 0.09
98 117 0.37
98 118 0.34
98 119 0.43
98 120 0.4
99 100 0.04
99 101 0.03
99 102 0.08
99 103 0.08
99 104 0.05
99 105 0.09
99 106 0.08
99 107 0.08
99 108 0.28
99 109 0.3
99 110 0.18
99 111 0.23
99 112 0.23
99 113 0.28
99 114 0.24
99 115 0.19
99 116 0.09
99 117 0.26
99 118 0.23
99 119 0.27
99 120 0.25
100 101 0.07
100 102 0.12
100 103 0.08
100 104 0.07
100 105 0.14
100 106 0.12
100 107 0.1
100 108 0.32
100 109 0.25
100 110 0.12
100 111 0.21
100 112 0.28
100 113 0.35
100 114 0.25
100 115 0.15
100 116 0.05
100 117 0.31
100 118 0.27
100 119 0.34
100 120 0.28
101 102 0.03
101 103 0.09
101 104 0.06
101 105 0.06
101 106 0.05
101 107 0.08
101 108 0.31
101 109 0.28
101 110 0.2
101 111 0.15
101 112 0.21
101 113 0.29
101 114 0.24
101 115 0.18
101 116 0.12
101 117 0.26
101 118 0.23
101 119 0.28
101 120 0.24
102 103 0.14
102 104 0.09
102 105 0.04
102 106 0.05
102 107 0.1
102 108 0.31
102 109 0.36
102 110 0.23
102 111 0.13
102 112 0.18
102 113 0.29
102 114 0.23
102 115 0.22
102 116 0.16
102 117 0.22
102 118 0.28
102 119 0.21
102 120 0.18
103 104 0.04
103 105 0.11
103 106 0.09
103 107 0.07
103 108 0.37
103 109 0.37
103 110 0.18
103 111 0.28
103 112 0.3
103 113 0.4
103 114 0.3
103 115 0.23
103 116 0.09
103 117 0.39
103 118 0.29
103 119 0.34
103 120 0.23
104 105 0.08
104 106 0.05
104 107 0.04
104 108 0.33
104 109 0.36
104 110 0.2
104 111 0.24
104 112 0.28
104 113 0.34
104 114 0.3
104 115 0.22
104 116 0.12
104 117 0.31
104 118 0.33
104 119 0.28
104 120 0.2
105 106 0.02
105 107 0.08
105 108 0.34
105 109 0.39
105 110 0.29
105 111 0.16
105 112 0.24
105 113 0.35
105 114 0.29
105 115 0.27
105 116 0.19
105 117 0.24
105 118 0.27
105 119 0.2
105 120 0.14
106 107 0.05
106 108 0.33
106 109 0.33
106 110 0.23
106 111 0.19
106 112 0.23
106 113 0.3
106 114 0.29
106 115 0.25
106 116 0.17
106 117 0.28
106 118 0.29
106 119 0.26
106 120 0.16
107 108 0.4
107 109 0.4
107 110 0.25
107 111 0.22
107 112 0.27
107 113 0.37
107 114 0.33
107 115 0.27
107 116 0.13
107 117 0.34
107 118 0.36
107 119 0.27
107 120 0.2
108 109 0.11
108 110 0.27
108 111 0.26
108 112 0.22
108 113 0.16
108 114 0.08
108 115 0.2
108 116 0.33
108 117 0.19
108 118 0.06
108 119 0.36
108 120 0.44
109 110 0.19
109 111 0.32
109 112 0.29
109 113 0.26
109 114 0.12
109 115 0.14
109 116 0.24
109 117 0.3
109 118 0.14
109 119 0.45
109 120 0.52
110 111 0.29
110 112 0.32
110 113 0.36
110 114 0.23
110 115 0.06
110 116 0.08
110 117 0.36
110 118 0.23
110 119 0.39
110 120 0.41
111 112 0.07
111 113 0.15
111 114 0.22
111 115 0.28
111 116 0.3
111 117 0.11
111 118 0.19
111 119 0.12
111 120 0.21
112 113 0.09
112 114 0.16
112 115 0.27
112 116 0.29
112 117 0.05
112 118 0.14
112 119 0.17
112 120 0.27
113 114 0.15
113 115 0.32
113 116 0.34
113 117 0.05
113 118 0.13
113 119 0.26
113 120 0.36
114 115 0.15
114 116 0.25
114 117 0.14
114 118 0.03
114 119 0.33
114 120 0.35
115 116 0.12
115 117 0.31
115 118 0.21
115 119 0.4
115 120 0.37
116 117 0.36
116 118 0.3
116 119 0.36
116 120 0.31
117 118 0.14
117 119 0.19
117 120 0.29
118 119 0.35
118 120 0.39
119 120 0.18
