0 1 1.27
0 2 1.29
0 3 1.17
0 4 1.34
0 5 1.1
0 6 1.33
0 7 1.21
0 8 1.12
0 9 1.17
0 10 1.25
0 11 1.25
0 12 1.37
0 13 1.38
0 14 1.38
0 15 1.44
0 16 1.27
0 17 1.22
0 18 1.27
0 19 1.3
0 20 0.95
0 21 0.88
0 22 0.92
0 23 0.94
0 24 1
0 25 0.98
0 26 0.91
0 27 0.94
0 28 0.97
0 29 0.81
0 30 0.91
0 31 0.65
0 32 0.59
0 33 0.65
0 34 0.71
0 35 0.54
0 36 0.76
0 37 0.68
0 38 0.67
0 39 0.68
0 40 0.66
0 41 0.68
0 42 0.75
0 43 0.74
0 44 0.72
0 45 0.65
0 46 0.68
0 47 0.74
0 48 0.6
0 49 0.68
0 50 0.61
0 51 0.6
0 52 0.73
0 53 0.7
0 54 0.74
0 55 0.66
0 56 0.57
0 57 0.65
0 58 0.63
0 59 0.67
0 60 0.56
0 61 0.9
0 62 0.98
0 63 1.1
0 64 1.01
0 65 0.92
0 66 0.86
0 67 0.95
0 68 0.81
0 69 0.95
0 70 1.57
0 71 1.76
0 72 0.99
0 73 1.47
0 74 1.09
0 75 1.31
0 76 1.64
0 77 1.41
0 78 1.59
0 79 1.42
0 80 1.52
0 81 1.54
0 82 1.61
0 83 1.49
0 84 1.35
0 85 1.48
0 86 1.39
0 87 1.46
0 88 1.49
0 89 1.36
0 90 1.24
0 91 1.26
0 92 1.85
0 93 1.63
0 94 1.61
0 95 1.66
0 96 1.47
0 97 1.61
0 98 1.6
0 99 1.67
0 100 1.58
1 2 0.03
1 3 0.06
1 4 0.04
1 5 0.07
1 6 0.08
1 7 0.09
1 8 0.1
1 9 0.13
1 10 0.17
1 11 0.18
1 12 0.43
1 13 0.39
1 14 0.41
1 15 0.41
1 16 0.47
1 17 0.45
1 18 0.45
1 19 0.5
1 20 0.39
1 21 0.34
1 22 0.38
1 23 0.32
1 24 0.39
1 25 0.42
1 26 0.36
1 27 0.44
1 28 0.4
1 29 0.5
1 30 0.43
1 31 0.8
1 32 0.72
1 33 0.78
1 34 0.75
1 35 0.76
1 36 0.76
1 37 0.81
1 38 0.92
1 39 0.78
1 40 0.66
1 41 0.56
1 42 0.55
1 43 0.56
1 44 0.61
1 45 0.66
1 46 0.63
1 47 0.57
1 48 0.74
1 49 0.62
1 50 0.69
1 51 0.6
1 52 0.57
1 53 1.07
1 54 0.95
1 55 0.77
1 56 0.98
1 57 0.9
1 58 0.89
1 59 0.83
1 60 1.07
1 61 0.59
1 62 0.52
1 63 0.5
1 64 0.62
1 65 0.42
1 66 0.53
1 67 0.41
1 68 0.58
1 69 0.54
1 70 1.07
1 71 0.9
1 72 0.58
1 73 1.04
1 74 0.52
1 75 0.05
1 76 0.87
1 77 0.87
1 78 0.91
1 79 0.88
1 80 0.9
1 81 0.76
1 82 0.48
1 83 0.44
1 84 0.41
1 85 0.38
1 86 0.38
1 87 0.35
1 88 0.33
1 89 0.32
1 90 0.29
1 91 0.26
1 92 0.45
1 93 0.43
1 94 0.37
1 95 0.31
1 96 0.34
1 97 0.35
1 98 0.22
1 99 0.26
1 100 0.35
2 3 0.08
2 4 0.05
2 5 0.1
2 6 0.09
2 7 0.1
2 8 0.1
2 9 0.12
2 10 0.18
2 11 0.17
2 12 0.4
2 13 0.37
2 14 0.44
2 15 0.4
2 16 0.44
2 17 0.4
2 18 0.52
2 19 0.48
2 20 0.41
2 21 0.39
2 22 0.41
2 23 0.35
2 24 0.39
2 25 0.44
2 26 0.4
2 27 0.42
2 28 0.41
2 29 0.49
2 30 0.48
2 31 0.74
2 32 0.65
2 33 0.81
2 34 0.68
2 35 0.87
2 36 0.8
2 37 0.85
2 38 0.88
2 39 0.81
2 40 0.65
2 41 0.69
2 42 0.58
2 43 0.53
2 44 0.59
2 45 0.67
2 46 0.64
2 47 0.63
2 48 0.71
2 49 0.63
2 50 0.66
2 51 0.75
2 52 0.6
2 53 1.04
2 54 0.89
2 55 0.93
2 56 0.98
2 57 0.92
2 58 1.09
2 59 0.87
2 60 1.16
2 61 0.59
2 62 0.61
2 63 0.51
2 64 0.67
2 65 0.54
2 66 0.59
2 67 0.51
2 68 0.68
2 69 0.61
2 70 1.01
2 71 1.01
2 72 0.68
2 73 0.99
2 74 0.59
2 75 0.08
2 76 0.82
2 77 1.03
2 78 0.95
2 79 0.91
2 80 0.95
2 81 0.9
2 82 0.51
2 83 0.43
2 84 0.43
2 85 0.43
2 86 0.4
2 87 0.4
2 88 0.32
2 89 0.37
2 90 0.36
2 91 0.3
2 92 0.44
2 93 0.42
2 94 0.38
2 95 0.3
2 96 0.29
2 97 0.32
2 98 0.23
2 99 0.24
2 100 0.32
3 4 0.03
3 5 0.02
3 6 0.06
3 7 0.04
3 8 0.07
3 9 0.1
3 10 0.1
3 11 0.12
3 12 0.44
3 13 0.34
3 14 0.44
3 15 0.41
3 16 0.45
3 17 0.4
3 18 0.43
3 19 0.47
3 20 0.31
3 21 0.29
3 22 0.31
3 23 0.27
3 24 0.38
3 25 0.34
3 26 0.35
3 27 0.35
3 28 0.36
3 29 0.4
3 30 0.44
3 31 0.68
3 32 0.6
3 33 0.71
3 34 0.62
3 35 0.72
3 36 0.7
3 37 0.76
3 38 0.77
3 39 0.68
3 40 0.51
3 41 0.51
3 42 0.53
3 43 0.51
3 44 0.59
3 45 0.65
3 46 0.52
3 47 0.55
3 48 0.65
3 49 0.55
3 50 0.6
3 51 0.57
3 52 0.53
3 53 0.95
3 54 0.84
3 55 0.75
3 56 1.04
3 57 0.89
3 58 0.97
3 59 0.74
3 60 0.9
3 61 0.56
3 62 0.46
3 63 0.41
3 64 0.54
3 65 0.45
3 66 0.53
3 67 0.44
3 68 0.57
3 69 0.46
3 70 1.1
3 71 0.97
3 72 0.58
3 73 0.93
3 74 0.51
3 75 0.06
3 76 0.87
3 77 0.98
3 78 0.96
3 79 0.83
3 80 0.91
3 81 0.83
3 82 0.6
3 83 0.54
3 84 0.48
3 85 0.43
3 86 0.43
3 87 0.37
3 88 0.38
3 89 0.4
3 90 0.36
3 91 0.29
3 92 0.48
3 93 0.45
3 94 0.45
3 95 0.36
3 96 0.36
3 97 0.42
3 98 0.26
3 99 0.28
3 100 0.36
4 5 0.05
4 6 0.04
4 7 0.04
4 8 0.07
4 9 0.07
4 10 0.11
4 11 0.12
4 12 0.37
4 13 0.34
4 14 0.42
4 15 0.45
4 16 0.49
4 17 0.39
4 18 0.42
4 19 0.43
4 20 0.35
4 21 0.3
4 22 0.31
4 23 0.29
4 24 0.4
4 25 0.37
4 26 0.38
4 27 0.4
4 28 0.37
4 29 0.44
4 30 0.41
4 31 0.77
4 32 0.68
4 33 0.74
4 34 0.64
4 35 0.76
4 36 0.65
4 37 0.77
4 38 0.77
4 39 0.85
4 40 0.61
4 41 0.54
4 42 0.55
4 43 0.59
4 44 0.72
4 45 0.59
4 46 0.64
4 47 0.59
4 48 0.6
4 49 0.54
4 50 0.68
4 51 0.71
4 52 0.59
4 53 1.07
4 54 1.02
4 55 0.8
4 56 0.95
4 57 0.84
4 58 1.03
4 59 0.76
4 60 1.04
4 61 0.6
4 62 0.5
4 63 0.44
4 64 0.61
4 65 0.41
4 66 0.58
4 67 0.43
4 68 0.64
4 69 0.53
4 70 1.07
4 71 0.99
4 72 0.65
4 73 0.95
4 74 0.56
4 75 0.07
4 76 0.99
4 77 0.93
4 78 0.96
4 79 0.91
4 80 0.99
4 81 0.91
4 82 0.53
4 83 0.53
4 84 0.43
4 85 0.47
4 86 0.39
4 87 0.4
4 88 0.42
4 89 0.35
4 90 0.37
4 91 0.34
4 92 0.44
4 93 0.44
4 94 0.4
4 95 0.35
4 96 0.32
4 97 0.43
4 98 0.3
4 99 0.29
4 100 0.32
5 6 0.08
5 7 0.04
5 8 0.08
5 9 0.11
5 10 0.11
5 11 0.13
5 12 0.47
5 13 0.38
5 14 0.49
5 15 0.42
5 16 0.44
5 17 0.39
5 18 0.42
5 19 0.52
5 20 0.32
5 21 0.3
5 22 0.31
5 23 0.25
5 24 0.42
5 25 0.35
5 26 0.32
5 27 0.36
5 28 0.36
5 29 0.41
5 30 0.38
5 31 0.8
5 32 0.69
5 33 0.75
5 34 0.63
5 35 0.79
5 36 0.68
5 37 0.75
5 38 0.73
5 39 0.72
5 40 0.63
5 41 0.58
5 42 0.57
5 43 0.51
5 44 0.6
5 45 0.63
5 46 0.54
5 47 0.48
5 48 0.58
5 49 0.48
5 50 0.6
5 51 0.58
5 52 0.52
5 53 1.02
5 54 0.78
5 55 0.72
5 56 0.94
5 57 0.74
5 58 1.04
5 59 0.74
5 60 1
5 61 0.59
5 62 0.46
5 63 0.39
5 64 0.56
5 65 0.41
5 66 0.52
5 67 0.44
5 68 0.52
5 69 0.5
5 70 0.97
5 71 0.93
5 72 0.59
5 73 1.01
5 74 0.56
5 75 0.05
5 76 0.95
5 77 0.89
5 78 0.84
5 79 0.87
5 80 0.87
5 81 0.81
5 82 0.51
5 83 0.54
5 84 0.44
5 85 0.43
5 86 0.41
5 87 0.41
5 88 0.35
5 89 0.34
5 90 0.34
5 91 0.34
5 92 0.49
5 93 0.46
5 94 0.44
5 95 0.41
5 96 0.33
5 97 0.42
5 98 0.28
5 99 0.32
5 100 0.41
6 7 0.05
6 8 0.03
6 9 0.04
6 10 0.09
6 11 0.09
6 12 0.32
6 13 0.31
6 14 0.39
6 15 0.4
6 16 0.42
6 17 0.36
6 18 0.41
6 19 0.42
6 20 0.36
6 21 0.32
6 22 0.36
6 23 0.27
6 24 0.39
6 25 0.37
6 26 0.32
6 27 0.36
6 28 0.35
6 29 0.41
6 30 0.37
6 31 0.69
6 32 0.62
6 33 0.71
6 34 0.6
6 35 0.89
6 36 0.64
6 37 0.79
6 38 0.83
6 39 0.69
6 40 0.62
6 41 0.65
6 42 0.67
6 43 0.61
6 44 0.59
6 45 0.65
6 46 0.56
6 47 0.62
6 48 0.59
6 49 0.58
6 50 0.66
6 51 0.66
6 52 0.58
6 53 1.08
6 54 0.87
6 55 0.89
6 56 1.13
6 57 0.8
6 58 1.1
6 59 0.9
6 60 1.02
6 61 0.73
6 62 0.54
6 63 0.5
6 64 0.59
6 65 0.48
6 66 0.56
6 67 0.46
6 68 0.62
6 69 0.53
6 70 1.14
6 71 0.99
6 72 0.63
6 73 0.99
6 74 0.61
6 75 0.1
6 76 0.88
6 77 1.07
6 78 0.95
6 79 0.91
6 80 1.04
6 81 0.99
6 82 0.69
6 83 0.52
6 84 0.53
6 85 0.52
6 86 0.44
6 87 0.48
6 88 0.49
6 89 0.37
6 90 0.41
6 91 0.33
6 92 0.54
6 93 0.47
6 94 0.41
6 95 0.4
6 96 0.35
6 97 0.45
6 98 0.29
6 99 0.28
6 100 0.36
7 8 0.05
7 9 0.07
7 10 0.08
7 11 0.09
7 12 0.4
7 13 0.31
7 14 0.43
7 15 0.37
7 16 0.42
7 17 0.38
7 18 0.39
7 19 0.41
7 20 0.29
7 21 0.29
7 22 0.31
7 23 0.28
7 24 0.32
7 25 0.36
7 26 0.3
7 27 0.31
7 28 0.35
7 29 0.38
7 30 0.34
7 31 0.66
7 32 0.72
7 33 0.66
7 34 0.65
7 35 0.75
7 36 0.68
7 37 0.72
7 38 0.77
7 39 0.63
7 40 0.61
7 41 0.6
7 42 0.5
7 43 0.52
7 44 0.55
7 45 0.63
7 46 0.57
7 47 0.53
7 48 0.56
7 49 0.53
7 50 0.55
7 51 0.63
7 52 0.51
7 53 0.92
7 54 0.83
7 55 0.79
7 56 0.94
7 57 0.8
7 58 0.98
7 59 0.86
7 60 1.09
7 61 0.56
7 62 0.52
7 63 0.48
7 64 0.6
7 65 0.43
7 66 0.52
7 67 0.4
7 68 0.55
7 69 0.46
7 70 0.95
7 71 1.07
7 72 0.65
7 73 0.88
7 74 0.53
7 75 0.08
7 76 0.95
7 77 0.91
7 78 0.87
7 79 0.93
7 80 0.92
7 81 0.84
7 82 0.6
7 83 0.56
7 84 0.51
7 85 0.47
7 86 0.46
7 87 0.39
7 88 0.39
7 89 0.43
7 90 0.37
7 91 0.34
7 92 0.55
7 93 0.49
7 94 0.44
7 95 0.43
7 96 0.41
7 97 0.42
7 98 0.3
7 99 0.31
7 100 0.37
8 9 0.03
8 10 0.06
8 11 0.05
8 12 0.36
8 13 0.25
8 14 0.35
8 15 0.34
8 16 0.38
8 17 0.38
8 18 0.42
8 19 0.44
8 20 0.33
8 21 0.28
8 22 0.33
8 23 0.25
8 24 0.36
8 25 0.37
8 26 0.29
8 27 0.32
8 28 0.32
8 29 0.46
8 30 0.38
8 31 0.67
8 32 0.6
8 33 0.7
8 34 0.6
8 35 0.71
8 36 0.65
8 37 0.68
8 38 0.77
8 39 0.73
8 40 0.58
8 41 0.63
8 42 0.56
8 43 0.53
8 44 0.62
8 45 0.61
8 46 0.57
8 47 0.58
8 48 0.62
8 49 0.56
8 50 0.57
8 51 0.58
8 52 0.56
8 53 1.06
8 54 0.89
8 55 0.77
8 56 0.94
8 57 0.86
8 58 1.01
8 59 0.89
8 60 1.03
8 61 0.63
8 62 0.52
8 63 0.52
8 64 0.56
8 65 0.53
8 66 0.58
8 67 0.47
8 68 0.63
8 69 0.58
8 70 1.03
8 71 0.99
8 72 0.63
8 73 1.05
8 74 0.62
8 75 0.13
8 76 0.99
8 77 0.9
8 78 1.01
8 79 0.92
8 80 1.06
8 81 0.84
8 82 0.64
8 83 0.56
8 84 0.51
8 85 0.52
8 86 0.56
8 87 0.51
8 88 0.41
8 89 0.41
8 90 0.38
8 91 0.36
8 92 0.51
8 93 0.53
8 94 0.5
8 95 0.39
8 96 0.37
8 97 0.45
8 98 0.33
8 99 0.31
8 100 0.39
9 10 0.08
9 11 0.05
9 12 0.31
9 13 0.28
9 14 0.38
9 15 0.31
9 16 0.38
9 17 0.31
9 18 0.4
9 19 0.4
9 20 0.35
9 21 0.28
9 22 0.29
9 23 0.27
9 24 0.35
9 25 0.39
9 26 0.3
9 27 0.33
9 28 0.31
9 29 0.41
9 30 0.41
9 31 0.7
9 32 0.62
9 33 0.69
9 34 0.68
9 35 0.73
9 36 0.71
9 37 0.68
9 38 0.78
9 39 0.75
9 40 0.58
9 41 0.56
9 42 0.58
9 43 0.58
9 44 0.58
9 45 0.69
9 46 0.63
9 47 0.6
9 48 0.61
9 49 0.59
9 50 0.67
9 51 0.63
9 52 0.56
9 53 1.16
9 54 0.9
9 55 0.87
9 56 1.01
9 57 0.92
9 58 0.95
9 59 0.84
9 60 1.09
9 61 0.61
9 62 0.56
9 63 0.52
9 64 0.68
9 65 0.5
9 66 0.61
9 67 0.49
9 68 0.65
9 69 0.58
9 70 1.01
9 71 1.03
9 72 0.71
9 73 1.12
9 74 0.61
9 75 0.13
9 76 0.96
9 77 0.99
9 78 1.03
9 79 1.07
9 80 0.95
9 81 0.92
9 82 0.64
9 83 0.54
9 84 0.51
9 85 0.54
9 86 0.52
9 87 0.49
9 88 0.46
9 89 0.47
9 90 0.42
9 91 0.37
9 92 0.54
9 93 0.54
9 94 0.44
9 95 0.39
9 96 0.35
9 97 0.42
9 98 0.31
9 99 0.36
9 100 0.4
10 11 0.05
10 12 0.33
10 13 0.25
10 14 0.36
10 15 0.32
10 16 0.43
10 17 0.31
10 18 0.32
10 19 0.38
10 20 0.26
10 21 0.25
10 22 0.29
10 23 0.21
10 24 0.31
10 25 0.26
10 26 0.21
10 27 0.28
10 28 0.26
10 29 0.37
10 30 0.27
10 31 0.6
10 32 0.58
10 33 0.57
10 34 0.51
10 35 0.66
10 36 0.54
10 37 0.62
10 38 0.69
10 39 0.62
10 40 0.53
10 41 0.48
10 42 0.58
10 43 0.45
10 44 0.53
10 45 0.57
10 46 0.49
10 47 0.48
10 48 0.63
10 49 0.48
10 50 0.56
10 51 0.57
10 52 0.48
10 53 1.08
10 54 0.88
10 55 0.8
10 56 1.01
10 57 0.84
10 58 0.96
10 59 0.8
10 60 1.08
10 61 0.62
10 62 0.52
10 63 0.47
10 64 0.65
10 65 0.47
10 66 0.57
10 67 0.44
10 68 0.57
10 69 0.51
10 70 1.09
10 71 1.15
10 72 0.65
10 73 1.12
10 74 0.6
10 75 0.15
10 76 1.08
10 77 0.99
10 78 0.98
10 79 0.97
10 80 1.06
10 81 0.99
10 82 0.69
10 83 0.67
10 84 0.51
10 85 0.57
10 86 0.56
10 87 0.52
10 88 0.46
10 89 0.52
10 90 0.45
10 91 0.41
10 92 0.59
10 93 0.53
10 94 0.53
10 95 0.5
10 96 0.44
10 97 0.47
10 98 0.39
10 99 0.38
10 100 0.44
11 12 0.31
11 13 0.23
11 14 0.34
11 15 0.31
11 16 0.36
11 17 0.28
11 18 0.29
11 19 0.36
11 20 0.3
11 21 0.27
11 22 0.28
11 23 0.28
11 24 0.32
11 25 0.29
11 26 0.3
11 27 0.33
11 28 0.29
11 29 0.36
11 30 0.33
11 31 0.69
11 32 0.57
11 33 0.67
11 34 0.58
11 35 0.71
11 36 0.66
11 37 0.69
11 38 0.71
11 39 0.73
11 40 0.59
11 41 0.65
11 42 0.58
11 43 0.52
11 44 0.65
11 45 0.58
11 46 0.57
11 47 0.52
11 48 0.59
11 49 0.55
11 50 0.55
11 51 0.65
11 52 0.56
11 53 0.98
11 54 0.92
11 55 0.89
11 56 1.15
11 57 0.82
11 58 0.93
11 59 0.82
11 60 0.95
11 61 0.65
11 62 0.55
11 63 0.47
11 64 0.65
11 65 0.55
11 66 0.62
11 67 0.48
11 68 0.67
11 69 0.52
11 70 1.12
11 71 1.09
11 72 0.62
11 73 1.07
11 74 0.58
11 75 0.17
11 76 0.97
11 77 1.12
11 78 0.98
11 79 1.09
11 80 1.16
11 81 0.98
11 82 0.72
11 83 0.63
11 84 0.63
11 85 0.51
11 86 0.53
11 87 0.5
11 88 0.53
11 89 0.48
11 90 0.5
11 91 0.39
11 92 0.63
11 93 0.5
11 94 0.51
11 95 0.44
11 96 0.43
11 97 0.52
11 98 0.4
11 99 0.41
11 100 0.45
12 13 0.17
12 14 0.05
12 15 0.11
12 16 0.08
12 17 0.22
12 18 0.23
12 19 0.16
12 20 0.51
12 21 0.52
12 22 0.52
12 23 0.43
12 24 0.61
12 25 0.48
12 26 0.48
12 27 0.5
12 28 0.49
12 29 0.58
12 30 0.48
12 31 0.9
12 32 0.69
12 33 0.76
12 34 0.71
12 35 0.85
12 36 0.73
12 37 0.8
12 38 0.83
12 39 0.77
12 40 0.86
12 41 0.91
12 42 0.85
12 43 0.79
12 44 0.93
12 45 0.98
12 46 0.8
12 47 0.78
12 48 0.93
12 49 0.78
12 50 0.81
12 51 0.87
12 52 0.72
12 53 1.23
12 54 1.28
12 55 1.18
12 56 1.17
12 57 1.11
12 58 1.4
12 59 1.21
12 60 1.24
12 61 0.92
12 62 0.93
12 63 0.76
12 64 1
12 65 0.84
12 66 0.89
12 67 0.76
12 68 0.89
12 69 0.8
12 70 1.33
12 71 1.37
12 72 1.01
12 73 1.5
12 74 0.94
12 75 0.46
12 76 1.47
12 77 1.29
12 78 1.24
12 79 1.26
12 80 1.46
12 81 1.21
12 82 1.01
12 83 0.84
12 84 0.91
12 85 0.84
12 86 0.8
12 87 0.79
12 88 0.7
12 89 0.69
12 90 0.76
12 91 0.73
12 92 0.61
12 93 0.58
12 94 0.63
12 95 0.58
12 96 0.55
12 97 0.56
12 98 0.52
12 99 0.52
12 100 0.51
13 14 0.17
13 15 0.09
13 16 0.16
13 17 0.06
13 18 0.11
13 19 0.15
13 20 0.44
13 21 0.39
13 22 0.35
13 23 0.34
13 24 0.41
13 25 0.37
13 26 0.36
13 27 0.39
13 28 0.34
13 29 0.36
13 30 0.35
13 31 0.68
13 32 0.58
13 33 0.63
13 34 0.59
13 35 0.67
13 36 0.59
13 37 0.72
13 38 0.71
13 39 0.62
13 40 0.76
13 41 0.77
13 42 0.69
13 43 0.67
13 44 0.71
13 45 0.77
13 46 0.64
13 47 0.66
13 48 0.69
13 49 0.69
13 50 0.73
13 51 0.78
13 52 0.65
13 53 1.11
13 54 1
13 55 0.98
13 56 1.14
13 57 1.08
13 58 1.14
13 59 0.94
13 60 1.27
13 61 0.85
13 62 0.76
13 63 0.73
13 64 0.78
13 65 0.66
13 66 0.7
13 67 0.73
13 68 0.9
13 69 0.73
13 70 1.28
13 71 1.45
13 72 0.92
13 73 1.38
13 74 0.76
13 75 0.41
13 76 1.15
13 77 1.37
13 78 1.16
13 79 1.25
13 80 1.33
13 81 1.3
13 82 0.95
13 83 0.93
13 84 0.71
13 85 0.82
13 86 0.82
13 87 0.71
13 88 0.75
13 89 0.75
13 90 0.64
13 91 0.72
13 92 0.75
13 93 0.69
13 94 0.64
13 95 0.62
13 96 0.6
13 97 0.65
13 98 0.6
13 99 0.54
13 100 0.52
14 15 0.08
14 16 0.03
14 17 0.18
14 18 0.2
14 19 0.13
14 20 0.62
14 21 0.52
14 22 0.53
14 23 0.5
14 24 0.56
14 25 0.48
14 26 0.51
14 27 0.55
14 28 0.46
14 29 0.56
14 30 0.47
14 31 0.89
14 32 0.69
14 33 0.75
14 34 0.75
14 35 0.92
14 36 0.7
14 37 0.83
14 38 0.74
14 39 0.78
14 40 0.84
14 41 0.78
14 42 0.89
14 43 0.84
14 44 0.91
14 45 0.85
14 46 0.79
14 47 0.79
14 48 0.81
14 49 0.84
14 50 0.83
14 51 0.89
14 52 0.73
14 53 1.29
14 54 1.17
14 55 1.12
14 56 1.21
14 57 1.2
14 58 1.23
14 59 1.1
14 60 1.22
14 61 0.99
14 62 0.95
14 63 0.92
14 64 0.99
14 65 0.83
14 66 0.95
14 67 0.82
14 68 0.85
14 69 0.97
14 70 1.37
14 71 1.39
14 72 0.95
14 73 1.38
14 74 0.87
14 75 0.45
14 76 1.32
14 77 1.39
14 78 1.39
14 79 1.3
14 80 1.51
14 81 1.3
14 82 0.97
14 83 0.94
14 84 0.87
14 85 0.87
14 86 0.79
14 87 0.9
14 88 0.76
14 89 0.71
14 90 0.76
14 91 0.68
14 92 0.74
14 93 0.64
14 94 0.73
14 95 0.67
14 96 0.63
14 97 0.65
14 98 0.6
14 99 0.56
14 100 0.57
15 16 0.08
15 17 0.08
15 18 0.11
15 19 0.08
15 20 0.52
15 21 0.47
15 22 0.49
15 23 0.43
15 24 0.53
15 25 0.45
15 26 0.4
15 27 0.45
15 28 0.39
15 29 0.45
15 30 0.35
15 31 0.77
15 32 0.62
15 33 0.66
15 34 0.63
15 35 0.73
15 36 0.66
15 37 0.73
15 38 0.76
15 39 0.64
15 40 0.89
15 41 0.78
15 42 0.79
15 43 0.68
15 44 0.84
15 45 0.81
15 46 0.72
15 47 0.79
15 48 0.83
15 49 0.71
15 50 0.75
15 51 0.73
15 52 0.71
15 53 1.21
15 54 1.13
15 55 1.12
15 56 1.37
15 57 1.14
15 58 1.13
15 59 1.06
15 60 1.27
15 61 0.9
15 62 0.89
15 63 0.84
15 64 0.9
15 65 0.8
15 66 0.87
15 67 0.79
15 68 0.86
15 69 0.9
15 70 1.48
15 71 1.35
15 72 1.07
15 73 1.29
15 74 0.87
15 75 0.43
15 76 1.41
15 77 1.48
15 78 1.39
15 79 1.46
15 80 1.31
15 81 1.16
15 82 0.94
15 83 0.9
15 84 0.84
15 85 0.85
15 86 0.76
15 87 0.85
15 88 0.83
15 89 0.7
15 90 0.7
15 91 0.75
15 92 0.74
15 93 0.76
15 94 0.74
15 95 0.73
15 96 0.68
15 97 0.63
15 98 0.63
15 99 0.6
15 100 0.51
16 17 0.15
16 18 0.17
16 19 0.11
16 20 0.56
16 21 0.52
16 22 0.57
16 23 0.45
16 24 0.56
16 25 0.51
16 26 0.49
16 27 0.5
16 28 0.49
16 29 0.57
16 30 0.51
16 31 0.81
16 32 0.69
16 33 0.77
16 34 0.75
16 35 0.88
16 36 0.66
16 37 0.74
16 38 0.84
16 39 0.7
16 40 0.92
16 41 0.85
16 42 0.82
16 43 0.9
16 44 0.87
16 45 0.82
16 46 0.84
16 47 0.79
16 48 0.96
16 49 0.86
16 50 0.84
16 51 0.91
16 52 0.74
16 53 1.37
16 54 1.43
16 55 1.15
16 56 1.39
16 57 1.18
16 58 1.34
16 59 1.21
16 60 1.39
16 61 1.07
16 62 0.93
16 63 0.84
16 64 1
16 65 0.88
16 66 0.85
16 67 0.82
16 68 0.99
16 69 0.88
16 70 1.37
16 71 1.3
16 72 1
16 73 1.47
16 74 0.96
16 75 0.51
16 76 1.38
16 77 1.39
16 78 1.47
16 79 1.29
16 80 1.32
16 81 1.26
16 82 1.04
16 83 0.94
16 84 0.88
16 85 0.78
16 86 0.84
16 87 0.88
16 88 0.76
16 89 0.83
16 90 0.78
16 91 0.78
16 92 0.71
16 93 0.67
16 94 0.76
16 95 0.71
16 96 0.7
16 97 0.7
16 98 0.59
16 99 0.63
16 100 0.51
17 18 0.05
17 19 0.1
17 20 0.42
17 21 0.39
17 22 0.37
17 23 0.36
17 24 0.4
17 25 0.4
17 26 0.33
17 27 0.36
17 28 0.32
17 29 0.42
17 30 0.3
17 31 0.61
17 32 0.52
17 33 0.57
17 34 0.53
17 35 0.69
17 36 0.5
17 37 0.69
17 38 0.61
17 39 0.53
17 40 0.73
17 41 0.79
17 42 0.68
17 43 0.61
17 44 0.73
17 45 0.76
17 46 0.67
17 47 0.69
17 48 0.7
17 49 0.62
17 50 0.67
17 51 0.68
17 52 0.71
17 53 1.14
17 54 1.18
17 55 0.97
17 56 1.14
17 57 1.09
17 58 1.23
17 59 1.08
17 60 1.26
17 61 0.98
17 62 0.85
17 63 0.77
17 64 0.93
17 65 0.8
17 66 0.86
17 67 0.67
17 68 0.93
17 69 0.71
17 70 1.35
17 71 1.44
17 72 0.97
17 73 1.32
17 74 0.85
17 75 0.46
17 76 1.34
17 77 1.16
17 78 1.14
17 79 1.32
17 80 1.21
17 81 1.17
17 82 0.89
17 83 0.94
17 84 0.77
17 85 0.74
17 86 0.83
17 87 0.8
17 88 0.78
17 89 0.7
17 90 0.79
17 91 0.73
17 92 0.75
17 93 0.78
17 94 0.73
17 95 0.79
17 96 0.67
17 97 0.74
17 98 0.59
17 99 0.58
17 100 0.65
18 19 0.08
18 20 0.44
18 21 0.42
18 22 0.46
18 23 0.36
18 24 0.39
18 25 0.39
18 26 0.41
18 27 0.39
18 28 0.32
18 29 0.36
18 30 0.3
18 31 0.68
18 32 0.58
18 33 0.62
18 34 0.47
18 35 0.69
18 36 0.52
18 37 0.6
18 38 0.6
18 39 0.55
18 40 0.77
18 41 0.7
18 42 0.71
18 43 0.63
18 44 0.82
18 45 0.77
18 46 0.82
18 47 0.71
18 48 0.72
18 49 0.66
18 50 0.74
18 51 0.79
18 52 0.71
18 53 1.22
18 54 1.04
18 55 1.07
18 56 1.06
18 57 1.08
18 58 1.3
18 59 0.98
18 60 1.17
18 61 0.83
18 62 0.78
18 63 0.83
18 64 0.92
18 65 0.77
18 66 0.88
18 67 0.78
18 68 0.91
18 69 0.8
18 70 1.41
18 71 1.42
18 72 0.83
18 73 1.31
18 74 0.84
18 75 0.52
18 76 1.49
18 77 1.42
18 78 1.4
18 79 1.22
18 80 1.46
18 81 1.36
18 82 0.98
18 83 0.94
18 84 0.91
18 85 0.92
18 86 0.83
18 87 0.92
18 88 0.84
18 89 0.8
18 90 0.73
18 91 0.73
18 92 0.78
18 93 0.72
18 94 0.77
18 95 0.71
18 96 0.76
18 97 0.79
18 98 0.64
18 99 0.67
18 100 0.63
19 20 0.51
19 21 0.49
19 22 0.45
19 23 0.44
19 24 0.54
19 25 0.48
19 26 0.47
19 27 0.51
19 28 0.45
19 29 0.43
19 30 0.41
19 31 0.76
19 32 0.68
19 33 0.64
19 34 0.55
19 35 0.77
19 36 0.67
19 37 0.61
19 38 0.71
19 39 0.57
19 40 0.9
19 41 0.77
19 42 0.75
19 43 0.71
19 44 0.82
19 45 0.77
19 46 0.75
19 47 0.85
19 48 0.83
19 49 0.83
19 50 0.77
19 51 0.83
19 52 0.71
19 53 1.4
19 54 1.16
19 55 1.05
19 56 1.19
19 57 1.15
19 58 1.21
19 59 1.12
19 60 1.17
19 61 0.9
19 62 0.96
19 63 0.78
19 64 0.93
19 65 0.9
19 66 0.9
19 67 0.77
19 68 0.89
19 69 0.78
19 70 1.62
19 71 1.29
19 72 0.95
19 73 1.43
19 74 0.95
19 75 0.51
19 76 1.43
19 77 1.29
19 78 1.24
19 79 1.27
19 80 1.41
19 81 1.28
19 82 1.1
19 83 1
19 84 0.91
19 85 0.87
19 86 0.87
19 87 0.89
19 88 0.81
19 89 0.82
19 90 0.85
19 91 0.76
19 92 0.88
19 93 0.77
19 94 0.84
19 95 0.79
19 96 0.7
19 97 0.7
19 98 0.68
19 99 0.66
19 100 0.67
20 21 0.03
20 22 0.05
20 23 0.08
20 24 0.07
20 25 0.09
20 26 0.11
20 27 0.12
20 28 0.14
20 29 0.15
20 30 0.19
20 31 0.42
20 32 0.37
20 33 0.35
20 34 0.38
20 35 0.48
20 36 0.39
20 37 0.44
20 38 0.54
20 39 0.48
20 40 0.33
20 41 0.3
20 42 0.31
20 43 0.25
20 44 0.37
20 45 0.35
20 46 0.27
20 47 0.25
20 48 0.29
20 49 0.25
20 50 0.28
20 51 0.3
20 52 0.23
20 53 0.79
20 54 0.66
20 55 0.59
20 56 0.78
20 57 0.6
20 58 0.68
20 59 0.59
20 60 0.8
20 61 0.45
20 62 0.43
20 63 0.37
20 64 0.41
20 65 0.33
20 66 0.4
20 67 0.33
20 68 0.37
20 69 0.35
20 70 1.07
20 71 1.17
20 72 0.47
20 73 0.95
20 74 0.44
20 75 0.34
20 76 0.97
20 77 1.05
20 78 0.92
20 79 0.89
20 80 1
20 81 0.87
20 82 0.69
20 83 0.71
20 84 0.69
20 85 0.62
20 86 0.58
20 87 0.54
20 88 0.55
20 89 0.6
20 90 0.47
20 91 0.47
20 92 0.81
20 93 0.71
20 94 0.79
20 95 0.73
20 96 0.64
20 97 0.77
20 98 0.57
20 99 0.59
20 100 0.72
21 22 0.03
21 23 0.06
21 24 0.09
21 25 0.08
21 26 0.1
21 27 0.1
21 28 0.13
21 29 0.16
21 30 0.16
21 31 0.42
21 32 0.39
21 33 0.36
21 34 0.34
21 35 0.48
21 36 0.39
21 37 0.47
21 38 0.57
21 39 0.46
21 40 0.35
21 41 0.36
21 42 0.36
21 43 0.28
21 44 0.31
21 45 0.37
21 46 0.37
21 47 0.3
21 48 0.34
21 49 0.25
21 50 0.35
21 51 0.32
21 52 0.27
21 53 0.69
21 54 0.65
21 55 0.59
21 56 0.68
21 57 0.57
21 58 0.78
21 59 0.56
21 60 0.71
21 61 0.42
21 62 0.41
21 63 0.35
21 64 0.44
21 65 0.37
21 66 0.39
21 67 0.32
21 68 0.43
21 69 0.35
21 70 1.08
21 71 1.09
21 72 0.5
21 73 1.04
21 74 0.41
21 75 0.35
21 76 0.94
21 77 1.09
21 78 1.04
21 79 1.01
21 80 1
21 81 0.97
21 82 0.66
21 83 0.69
21 84 0.64
21 85 0.58
21 86 0.56
21 87 0.53
21 88 0.57
21 89 0.56
21 90 0.47
21 91 0.5
21 92 0.84
21 93 0.75
21 94 0.81
21 95 0.69
21 96 0.73
21 97 0.66
21 98 0.62
21 99 0.64
21 100 0.67
22 23 0.05
22 24 0.06
22 25 0.05
22 26 0.07
22 27 0.08
22 28 0.09
22 29 0.12
22 30 0.13
22 31 0.43
22 32 0.37
22 33 0.37
22 34 0.35
22 35 0.44
22 36 0.36
22 37 0.45
22 38 0.52
22 39 0.43
22 40 0.33
22 41 0.37
22 42 0.33
22 43 0.3
22 44 0.37
22 45 0.33
22 46 0.33
22 47 0.3
22 48 0.38
22 49 0.28
22 50 0.3
22 51 0.37
22 52 0.27
22 53 0.74
22 54 0.75
22 55 0.6
22 56 0.77
22 57 0.58
22 58 0.75
22 59 0.62
22 60 0.77
22 61 0.54
22 62 0.42
22 63 0.43
22 64 0.52
22 65 0.4
22 66 0.41
22 67 0.35
22 68 0.41
22 69 0.34
22 70 1.04
22 71 1.11
22 72 0.55
22 73 1.11
22 74 0.44
22 75 0.35
22 76 1.04
22 77 1.09
22 78 0.98
22 79 0.93
22 80 0.96
22 81 1.02
22 82 0.79
22 83 0.72
22 84 0.63
22 85 0.65
22 86 0.67
22 87 0.55
22 88 0.57
22 89 0.63
22 90 0.57
22 91 0.49
22 92 0.81
22 93 0.73
22 94 0.78
22 95 0.75
22 96 0.74
22 97 0.67
22 98 0.6
22 99 0.58
22 100 0.66
23 24 0.09
23 25 0.07
23 26 0.05
23 27 0.09
23 28 0.08
23 29 0.16
23 30 0.13
23 31 0.45
23 32 0.37
23 33 0.39
23 34 0.36
23 35 0.47
23 36 0.42
23 37 0.47
23 38 0.47
23 39 0.48
23 40 0.39
23 41 0.35
23 42 0.4
23 43 0.31
23 44 0.4
23 45 0.42
23 46 0.33
23 47 0.31
23 48 0.39
23 49 0.33
23 50 0.33
23 51 0.35
23 52 0.33
23 53 0.89
23 54 0.72
23 55 0.6
23 56 0.9
23 57 0.68
23 58 0.76
23 59 0.61
23 60 0.84
23 61 0.55
23 62 0.49
23 63 0.4
23 64 0.5
23 65 0.43
23 66 0.41
23 67 0.43
23 68 0.55
23 69 0.42
23 70 1.28
23 71 1.04
23 72 0.56
23 73 1.14
23 74 0.51
23 75 0.3
23 76 1.15
23 77 1.05
23 78 1.06
23 79 1.16
23 80 1.12
23 81 0.96
23 82 0.68
23 83 0.75
23 84 0.63
23 85 0.63
23 86 0.57
23 87 0.63
23 88 0.62
23 89 0.53
23 90 0.5
23 91 0.47
23 92 0.75
23 93 0.69
23 94 0.8
23 95 0.6
23 96 0.6
23 97 0.69
23 98 0.54
23 99 0.55
23 100 0.72
24 25 0.03
24 26 0.08
24 27 0.05
24 28 0.09
24 29 0.09
24 30 0.11
24 31 0.35
24 32 0.29
24 33 0.32
24 34 0.28
24 35 0.41
24 36 0.34
24 37 0.36
24 38 0.4
24 39 0.39
24 40 0.35
24 41 0.29
24 42 0.3
24 43 0.27
24 44 0.34
24 45 0.37
24 46 0.29
24 47 0.26
24 48 0.35
24 49 0.26
24 50 0.31
24 51 0.31
24 52 0.28
24 53 0.84
24 54 0.67
24 55 0.58
24 56 0.8
24 57 0.65
24 58 0.66
24 59 0.54
24 60 0.69
24 61 0.56
24 62 0.47
24 63 0.4
24 64 0.49
24 65 0.36
24 66 0.41
24 67 0.42
24 68 0.44
24 69 0.37
24 70 1.2
24 71 1.1
24 72 0.51
24 73 1.15
24 74 0.53
24 75 0.37
24 76 1.18
24 77 1.1
24 78 0.98
24 79 0.94
24 80 0.96
24 81 0.99
24 82 0.71
24 83 0.79
24 84 0.75
24 85 0.68
24 86 0.67
24 87 0.62
24 88 0.64
24 89 0.63
24 90 0.52
24 91 0.61
24 92 0.82
24 93 0.89
24 94 0.72
24 95 0.78
24 96 0.78
24 97 0.77
24 98 0.7
24 99 0.68
24 100 0.66
25 26 0.04
25 27 0.03
25 28 0.06
25 29 0.08
25 30 0.09
25 31 0.38
25 32 0.29
25 33 0.34
25 34 0.31
25 35 0.42
25 36 0.32
25 37 0.4
25 38 0.45
25 39 0.42
25 40 0.37
25 41 0.36
25 42 0.33
25 43 0.28
25 44 0.34
25 45 0.35
25 46 0.33
25 47 0.26
25 48 0.36
25 49 0.27
25 50 0.3
25 51 0.36
25 52 0.28
25 53 0.74
25 54 0.67
25 55 0.62
25 56 0.8
25 57 0.65
25 58 0.78
25 59 0.58
25 60 0.74
25 61 0.52
25 62 0.46
25 63 0.46
25 64 0.45
25 65 0.43
25 66 0.47
25 67 0.42
25 68 0.47
25 69 0.4
25 70 1.2
25 71 1.23
25 72 0.58
25 73 1.2
25 74 0.5
25 75 0.42
25 76 1.02
25 77 1.18
25 78 1.01
25 79 1
25 80 1.07
25 81 1.03
25 82 0.85
25 83 0.79
25 84 0.67
25 85 0.69
25 86 0.64
25 87 0.64
25 88 0.63
25 89 0.58
25 90 0.55
25 91 0.62
25 92 0.78
25 93 0.88
25 94 0.75
25 95 0.78
25 96 0.76
25 97 0.8
25 98 0.65
25 99 0.65
25 100 0.67
26 27 0.06
26 28 0.04
26 29 0.11
26 30 0.07
26 31 0.35
26 32 0.33
26 33 0.37
26 34 0.29
26 35 0.45
26 36 0.37
26 37 0.42
26 38 0.44
26 39 0.42
26 40 0.49
26 41 0.43
26 42 0.36
26 43 0.37
26 44 0.4
26 45 0.4
26 46 0.39
26 47 0.31
26 48 0.38
26 49 0.32
26 50 0.34
26 51 0.41
26 52 0.34
26 53 0.86
26 54 0.84
26 55 0.72
26 56 0.89
26 57 0.67
26 58 0.85
26 59 0.64
26 60 0.86
26 61 0.54
26 62 0.51
26 63 0.46
26 64 0.58
26 65 0.42
26 66 0.47
26 67 0.46
26 68 0.56
26 69 0.48
26 70 1.12
26 71 1.25
26 72 0.6
26 73 1.25
26 74 0.54
26 75 0.38
26 76 1.16
26 77 1.02
26 78 1.08
26 79 1.12
26 80 1.15
26 81 0.98
26 82 0.77
26 83 0.81
26 84 0.73
26 85 0.64
26 86 0.67
26 87 0.63
26 88 0.64
26 89 0.65
26 90 0.55
26 91 0.52
26 92 0.88
26 93 0.89
26 94 0.75
26 95 0.77
26 96 0.7
26 97 0.73
26 98 0.67
26 99 0.69
26 100 0.63
27 28 0.04
27 29 0.05
27 30 0.06
27 31 0.32
27 32 0.27
27 33 0.3
27 34 0.26
27 35 0.4
27 36 0.29
27 37 0.41
27 38 0.41
27 39 0.4
27 40 0.43
27 41 0.38
27 42 0.31
27 43 0.32
27 44 0.41
27 45 0.38
27 46 0.33
27 47 0.26
27 48 0.39
27 49 0.28
27 50 0.32
27 51 0.37
27 52 0.26
27 53 0.85
27 54 0.8
27 55 0.73
27 56 0.75
27 57 0.68
27 58 0.84
27 59 0.62
27 60 0.84
27 61 0.54
27 62 0.52
27 63 0.53
27 64 0.49
27 65 0.47
27 66 0.46
27 67 0.45
27 68 0.49
27 69 0.47
27 70 1.16
27 71 1.12
27 72 0.62
27 73 1.14
27 74 0.53
27 75 0.42
27 76 1.19
27 77 1.12
27 78 1
27 79 1.04
27 80 1.09
27 81 1.04
27 82 0.88
27 83 0.72
27 84 0.8
27 85 0.81
27 86 0.75
27 87 0.62
27 88 0.71
27 89 0.69
27 90 0.58
27 91 0.55
27 92 0.8
27 93 0.78
27 94 0.88
27 95 0.85
27 96 0.68
27 97 0.75
27 98 0.66
27 99 0.64
27 100 0.83
28 29 0.09
28 30 0.05
28 31 0.37
28 32 0.31
28 33 0.33
28 34 0.29
28 35 0.43
28 36 0.31
28 37 0.46
28 38 0.46
28 39 0.42
28 40 0.45
28 41 0.37
28 42 0.4
28 43 0.32
28 44 0.39
28 45 0.37
28 46 0.37
28 47 0.34
28 48 0.41
28 49 0.34
28 50 0.36
28 51 0.43
28 52 0.31
28 53 0.87
28 54 0.72
28 55 0.73
28 56 0.77
28 57 0.65
28 58 0.77
28 59 0.63
28 60 0.84
28 61 0.56
28 62 0.57
28 63 0.48
28 64 0.63
28 65 0.45
28 66 0.46
28 67 0.41
28 68 0.58
28 69 0.43
28 70 1.26
28 71 1.27
28 72 0.64
28 73 1.12
28 74 0.58
28 75 0.35
28 76 1.06
28 77 1.14
28 78 1.02
28 79 1.09
28 80 1.07
28 81 0.95
28 82 0.92
28 83 0.74
28 84 0.69
28 85 0.73
28 86 0.64
28 87 0.64
28 88 0.62
28 89 0.66
28 90 0.55
28 91 0.6
28 92 0.78
28 93 0.75
28 94 0.8
28 95 0.7
28 96 0.67
28 97 0.73
28 98 0.71
28 99 0.67
28 100 0.71
29 30 0.08
29 31 0.31
29 32 0.21
29 33 0.26
29 34 0.2
29 35 0.36
29 36 0.26
29 37 0.34
29 38 0.36
29 39 0.35
29 40 0.37
29 41 0.39
29 42 0.36
29 43 0.28
29 44 0.38
29 45 0.34
29 46 0.34
29 47 0.26
29 48 0.32
29 49 0.29
29 50 0.31
29 51 0.35
29 52 0.25
29 53 0.76
29 54 0.7
29 55 0.63
29 56 0.73
29 57 0.6
29 58 0.85
29 59 0.62
29 60 0.68
29 61 0.52
29 62 0.58
29 63 0.56
29 64 0.58
29 65 0.48
29 66 0.46
29 67 0.49
29 68 0.48
29 69 0.44
29 70 1.31
29 71 1.28
29 72 0.71
29 73 1.28
29 74 0.61
29 75 0.48
29 76 1.15
29 77 1.1
29 78 1.19
29 79 1.29
29 80 1.12
29 81 1.04
29 82 0.94
29 83 0.8
29 84 0.92
29 85 0.78
29 86 0.73
29 87 0.74
29 88 0.69
29 89 0.68
29 90 0.64
29 91 0.66
29 92 1.08
29 93 0.99
29 94 0.87
29 95 0.9
29 96 0.76
29 97 0.86
29 98 0.66
29 99 0.79
29 100 0.8
30 31 0.4
30 32 0.28
30 33 0.32
30 34 0.23
30 35 0.45
30 36 0.27
30 37 0.36
30 38 0.37
30 39 0.33
30 40 0.42
30 41 0.42
30 42 0.46
30 43 0.4
30 44 0.45
30 45 0.46
30 46 0.38
30 47 0.34
30 48 0.4
30 49 0.33
30 50 0.36
30 51 0.37
30 52 0.31
30 53 0.82
30 54 0.93
30 55 0.72
30 56 0.81
30 57 0.67
30 58 0.83
30 59 0.62
30 60 0.9
30 61 0.67
30 62 0.56
30 63 0.57
30 64 0.63
30 65 0.56
30 66 0.55
30 67 0.49
30 68 0.61
30 69 0.53
30 70 1.32
30 71 1.22
30 72 0.69
30 73 1.27
30 74 0.59
30 75 0.44
30 76 1.23
30 77 1.12
30 78 1.1
30 79 1.01
30 80 1.12
30 81 1.11
30 82 0.89
30 83 0.89
30 84 0.77
30 85 0.85
30 86 0.68
30 87 0.7
30 88 0.76
30 89 0.76
30 90 0.64
30 91 0.65
30 92 0.84
30 93 0.92
30 94 0.95
30 95 0.72
30 96 0.71
30 97 0.73
30 98 0.69
30 99 0.71
30 100 0.71
31 32 0.08
31 33 0.09
31 34 0.16
31 35 0.08
31 36 0.17
31 37 0.15
31 38 0.19
31 39 0.25
31 40 0.38
31 41 0.36
31 42 0.39
31 43 0.35
31 44 0.38
31 45 0.33
31 46 0.35
31 47 0.33
31 48 0.26
31 49 0.31
31 50 0.27
31 51 0.27
31 52 0.26
31 53 0.72
31 54 0.73
31 55 0.54
31 56 0.62
31 57 0.53
31 58 0.63
31 59 0.58
31 60 0.61
31 61 0.64
31 62 0.61
31 63 0.69
31 64 0.56
31 65 0.61
31 66 0.58
31 67 0.53
31 68 0.58
31 69 0.6
31 70 1.53
31 71 1.29
31 72 0.74
31 73 1.27
31 74 0.63
31 75 0.7
31 76 1.22
31 77 1.32
31 78 1.26
31 79 1.27
31 80 1.17
31 81 1.26
31 82 1.16
31 83 1.07
31 84 1.02
31 85 1.05
31 86 1
31 87 0.98
31 88 0.95
31 89 0.86
31 90 0.8
31 91 0.88
31 92 1.11
31 93 1.12
31 94 1.08
31 95 1.16
31 96 1.12
31 97 1.11
31 98 1.06
31 99 1.06
31 100 1.03
32 33 0.03
32 34 0.09
32 35 0.11
32 36 0.11
32 37 0.14
32 38 0.17
32 39 0.16
32 40 0.4
32 41 0.38
32 42 0.34
32 43 0.37
32 44 0.42
32 45 0.34
32 46 0.34
32 47 0.35
32 48 0.35
32 49 0.31
32 50 0.31
32 51 0.28
32 52 0.24
32 53 0.75
32 54 0.76
32 55 0.64
32 56 0.7
32 57 0.71
32 58 0.73
32 59 0.67
32 60 0.62
32 61 0.66
32 62 0.63
32 63 0.67
32 64 0.71
32 65 0.59
32 66 0.57
32 67 0.58
32 68 0.65
32 69 0.52
32 70 1.33
32 71 1.32
32 72 0.69
32 73 1.47
32 74 0.65
32 75 0.63
32 76 1.34
32 77 1.13
32 78 1.32
32 79 1.19
32 80 1.28
32 81 1.28
32 82 1.05
32 83 1.05
32 84 0.93
32 85 0.88
32 86 0.89
32 87 0.97
32 88 0.92
32 89 0.91
32 90 0.76
32 91 0.85
32 92 1.08
32 93 1.27
32 94 1.16
32 95 1.04
32 96 1.08
32 97 1.04
32 98 0.95
32 99 0.9
32 100 0.91
33 34 0.08
33 35 0.09
33 36 0.1
33 37 0.09
33 38 0.14
33 39 0.15
33 40 0.44
33 41 0.49
33 42 0.41
33 43 0.39
33 44 0.38
33 45 0.37
33 46 0.38
33 47 0.38
33 48 0.37
33 49 0.3
33 50 0.29
33 51 0.32
33 52 0.28
33 53 0.85
33 54 0.7
33 55 0.61
33 56 0.74
33 57 0.65
33 58 0.75
33 59 0.71
33 60 0.64
33 61 0.7
33 62 0.66
33 63 0.62
33 64 0.67
33 65 0.63
33 66 0.63
33 67 0.57
33 68 0.57
33 69 0.64
33 70 1.41
33 71 1.4
33 72 0.75
33 73 1.23
33 74 0.68
33 75 0.73
33 76 1.37
33 77 1.23
33 78 1.18
33 79 1.21
33 80 1.22
33 81 1.15
33 82 1.18
33 83 1.04
33 84 1.09
33 85 0.97
33 86 0.93
33 87 0.95
33 88 1.01
33 89 0.82
33 90 0.86
33 91 0.92
33 92 1.17
33 93 1.03
33 94 1.16
33 95 1.22
33 96 0.99
33 97 1.04
33 98 1.05
33 99 1.03
33 100 0.96
34 35 0.18
34 36 0.05
34 37 0.13
34 38 0.15
34 39 0.11
34 40 0.49
34 41 0.47
34 42 0.51
34 43 0.38
34 44 0.44
34 45 0.42
34 46 0.37
34 47 0.4
34 48 0.41
34 49 0.33
34 50 0.32
34 51 0.33
34 52 0.34
34 53 0.95
34 54 0.8
34 55 0.69
34 56 0.75
34 57 0.66
34 58 0.84
34 59 0.67
34 60 0.77
34 61 0.75
34 62 0.76
34 63 0.72
34 64 0.67
34 65 0.59
34 66 0.66
34 67 0.63
34 68 0.66
34 69 0.56
34 70 1.33
34 71 1.34
34 72 0.76
34 73 1.4
34 74 0.7
34 75 0.63
34 76 1.28
34 77 1.23
34 78 1.32
34 79 1.23
34 80 1.38
34 81 1.32
34 82 1.11
34 83 1.06
34 84 1.06
34 85 1.1
34 86 0.94
34 87 0.97
34 88 0.97
34 89 0.86
34 90 0.79
34 91 0.99
34 92 1.2
34 93 1.12
34 94 1.04
34 95 1.04
34 96 1.13
34 97 0.97
34 98 0.88
34 99 0.87
34 100 1.09
35 36 0.17
35 37 0.1
35 38 0.1
35 39 0.18
35 40 0.48
35 41 0.48
35 42 0.43
35 43 0.46
35 44 0.47
35 45 0.4
35 46 0.4
35 47 0.36
35 48 0.36
35 49 0.36
35 50 0.35
35 51 0.34
35 52 0.36
35 53 0.87
35 54 0.67
35 55 0.69
35 56 0.78
35 57 0.6
35 58 0.65
35 59 0.64
35 60 0.65
35 61 0.69
35 62 0.76
35 63 0.74
35 64 0.73
35 65 0.75
35 66 0.67
35 67 0.74
35 68 0.62
35 69 0.68
35 70 1.46
35 71 1.4
35 72 0.7
35 73 1.33
35 74 0.76
35 75 0.74
35 76 1.5
35 77 1.38
35 78 1.31
35 79 1.28
35 80 1.3
35 81 1.14
35 82 1.2
35 83 1.02
35 84 1.06
35 85 1.02
35 86 1.1
35 87 1.01
35 88 0.99
35 89 1.05
35 90 0.89
35 91 0.87
35 92 1.17
35 93 1.29
35 94 1.2
35 95 1.09
35 96 1.14
35 97 1.26
35 98 1.07
35 99 1.07
35 100 1.23
36 37 0.08
36 38 0.11
36 39 0.09
36 40 0.52
36 41 0.55
36 42 0.48
36 43 0.49
36 44 0.54
36 45 0.49
36 46 0.48
36 47 0.38
36 48 0.42
36 49 0.38
36 50 0.4
36 51 0.39
36 52 0.34
36 53 0.93
36 54 0.74
36 55 0.74
36 56 0.82
36 57 0.8
36 58 0.86
36 59 0.74
36 60 0.88
36 61 0.73
36 62 0.69
36 63 0.78
36 64 0.79
36 65 0.72
36 66 0.68
36 67 0.67
36 68 0.73
36 69 0.69
36 70 1.5
36 71 1.53
36 72 0.8
36 73 1.49
36 74 0.77
36 75 0.64
36 76 1.39
36 77 1.37
36 78 1.23
36 79 1.29
36 80 1.52
36 81 1.19
36 82 1.21
36 83 1.24
36 84 1.1
36 85 0.94
36 86 0.95
36 87 0.87
36 88 0.97
36 89 0.92
36 90 0.88
36 91 0.95
36 92 1.23
36 93 1.02
36 94 1.11
36 95 0.97
36 96 1
36 97 1.16
36 98 0.96
36 99 0.95
36 100 1.05
37 38 0.03
37 39 0.09
37 40 0.56
37 41 0.55
37 42 0.51
37 43 0.48
37 44 0.52
37 45 0.45
37 46 0.45
37 47 0.42
37 48 0.44
37 49 0.41
37 50 0.44
37 51 0.39
37 52 0.37
37 53 0.82
37 54 0.74
37 55 0.82
37 56 0.74
37 57 0.72
37 58 0.75
37 59 0.66
37 60 0.84
37 61 0.82
37 62 0.8
37 63 0.75
37 64 0.7
37 65 0.7
37 66 0.74
37 67 0.72
37 68 0.78
37 69 0.64
37 70 1.46
37 71 1.42
37 72 0.78
37 73 1.48
37 74 0.81
37 75 0.74
37 76 1.4
37 77 1.34
37 78 1.35
37 79 1.25
37 80 1.23
37 81 1.35
37 82 1.28
37 83 1.13
37 84 1.22
37 85 1.12
37 86 1.12
37 87 1.1
37 88 1.16
37 89 1.02
37 90 0.97
37 91 0.93
37 92 1.16
37 93 1.21
37 94 1.35
37 95 1.05
37 96 1.09
37 97 1.02
37 98 0.99
37 99 1.11
37 100 1.03
38 39 0.07
38 40 0.57
38 41 0.58
38 42 0.58
38 43 0.57
38 44 0.49
38 45 0.47
38 46 0.56
38 47 0.46
38 48 0.49
38 49 0.45
38 50 0.41
38 51 0.39
38 52 0.45
38 53 0.94
38 54 0.82
38 55 0.75
38 56 0.91
38 57 0.81
38 58 0.89
38 59 0.73
38 60 0.87
38 61 0.87
38 62 0.79
38 63 0.83
38 64 0.8
38 65 0.73
38 66 0.83
38 67 0.81
38 68 0.68
38 69 0.77
38 70 1.52
38 71 1.5
38 72 0.9
38 73 1.48
38 74 0.8
38 75 0.88
38 76 1.37
38 77 1.39
38 78 1.32
38 79 1.31
38 80 1.47
38 81 1.35
38 82 1.2
38 83 1.15
38 84 1.11
38 85 1.06
38 86 1.08
38 87 1.02
38 88 1.19
38 89 0.97
38 90 0.93
38 91 0.99
38 92 1.39
38 93 1.17
38 94 1.13
38 95 1.16
38 96 1.02
38 97 1.15
38 98 1.02
38 99 1.09
38 100 1.19
39 40 0.58
39 41 0.65
39 42 0.56
39 43 0.59
39 44 0.53
39 45 0.55
39 46 0.53
39 47 0.55
39 48 0.5
39 49 0.48
39 50 0.43
39 51 0.51
39 52 0.45
39 53 1.01
39 54 0.88
39 55 0.82
39 56 0.99
39 57 0.87
39 58 0.88
39 59 0.89
39 60 0.77
39 61 0.88
39 62 0.79
39 63 0.75
39 64 0.78
39 65 0.74
39 66 0.8
39 67 0.7
39 68 0.75
39 69 0.77
39 70 1.41
39 71 1.72
39 72 0.92
39 73 1.48
39 74 0.9
39 75 0.84
39 76 1.34
39 77 1.51
39 78 1.41
39 79 1.27
39 80 1.39
39 81 1.33
39 82 1.29
39 83 1.2
39 84 1.09
39 85 1.07
39 86 1.14
39 87 0.99
39 88 1.09
39 89 0.92
39 90 0.92
39 91 0.97
39 92 1.25
39 93 1.36
39 94 1.22
39 95 1.17
39 96 1.18
39 97 1.15
39 98 0.98
39 99 1.02
39 100 1.2
40 41 0.03
40 42 0.05
40 43 0.08
40 44 0.05
40 45 0.08
40 46 0.08
40 47 0.1
40 48 0.11
40 49 0.14
40 50 0.15
40 51 0.18
40 52 0.18
40 53 0.42
40 54 0.32
40 55 0.27
40 56 0.42
40 57 0.27
40 58 0.37
40 59 0.23
40 60 0.37
40 61 0.25
40 62 0.24
40 63 0.26
40 64 0.21
40 65 0.25
40 66 0.2
40 67 0.25
40 68 0.15
40 69 0.16
40 70 0.89
40 71 1.11
40 72 0.28
40 73 0.83
40 74 0.32
40 75 0.55
40 76 0.9
40 77 0.84
40 78 0.82
40 79 0.88
40 80 0.77
40 81 0.72
40 82 0.69
40 83 0.75
40 84 0.75
40 85 0.7
40 86 0.57
40 87 0.62
40 88 0.71
40 89 0.58
40 90 0.57
40 91 0.62
40 92 1.04
40 93 1.03
40 94 0.96
40 95 0.96
40 96 0.9
40 97 0.95
40 98 0.82
40 99 0.79
40 100 1.01
41 42 0.04
41 43 0.06
41 44 0.05
41 45 0.08
41 46 0.09
41 47 0.09
41 48 0.12
41 49 0.12
41 50 0.15
41 51 0.16
41 52 0.18
41 53 0.49
41 54 0.4
41 55 0.28
41 56 0.45
41 57 0.27
41 58 0.39
41 59 0.28
41 60 0.44
41 61 0.25
41 62 0.23
41 63 0.29
41 64 0.22
41 65 0.27
41 66 0.19
41 67 0.23
41 68 0.16
41 69 0.16
41 70 0.97
41 71 1
41 72 0.28
41 73 0.83
41 74 0.29
41 75 0.59
41 76 0.9
41 77 0.81
41 78 0.81
41 79 0.89
41 80 0.79
41 81 0.84
41 82 0.69
41 83 0.7
41 84 0.74
41 85 0.66
41 86 0.66
41 87 0.61
41 88 0.62
41 89 0.61
41 90 0.49
41 91 0.6
41 92 0.98
41 93 1.02
41 94 1
41 95 0.85
41 96 0.82
41 97 0.87
41 98 0.76
41 99 0.86
41 100 0.9
42 43 0.05
42 44 0.04
42 45 0.05
42 46 0.05
42 47 0.07
42 48 0.08
42 49 0.09
42 50 0.11
42 51 0.14
42 52 0.15
42 53 0.47
42 54 0.35
42 55 0.33
42 56 0.46
42 57 0.28
42 58 0.41
42 59 0.27
42 60 0.42
42 61 0.28
42 62 0.27
42 63 0.29
42 64 0.22
42 65 0.28
42 66 0.2
42 67 0.26
42 68 0.2
42 69 0.19
42 70 1.09
42 71 1.03
42 72 0.29
42 73 1
42 74 0.36
42 75 0.5
42 76 0.96
42 77 0.89
42 78 0.97
42 79 0.87
42 80 0.82
42 81 0.94
42 82 0.79
42 83 0.71
42 84 0.7
42 85 0.69
42 86 0.65
42 87 0.6
42 88 0.73
42 89 0.64
42 90 0.58
42 91 0.63
42 92 1
42 93 1.06
42 94 0.89
42 95 0.85
42 96 0.83
42 97 0.86
42 98 0.73
42 99 0.78
42 100 0.91
43 44 0.09
43 45 0.1
43 46 0.08
43 47 0.04
43 48 0.11
43 49 0.08
43 50 0.12
43 51 0.15
43 52 0.12
43 53 0.49
43 54 0.44
43 55 0.35
43 56 0.5
43 57 0.34
43 58 0.48
43 59 0.35
43 60 0.45
43 61 0.28
43 62 0.26
43 63 0.27
43 64 0.26
43 65 0.24
43 66 0.22
43 67 0.25
43 68 0.22
43 69 0.18
43 70 1.07
43 71 0.96
43 72 0.31
43 73 1.06
43 74 0.32
43 75 0.54
43 76 0.85
43 77 0.79
43 78 0.95
43 79 0.78
43 80 0.85
43 81 0.79
43 82 0.76
43 83 0.76
43 84 0.72
43 85 0.68
43 86 0.63
43 87 0.62
43 88 0.72
43 89 0.62
43 90 0.51
43 91 0.56
43 92 0.9
43 93 0.91
43 94 0.85
43 95 0.8
43 96 0.86
43 97 0.87
43 98 0.7
43 99 0.84
43 100 0.9
44 45 0.03
44 46 0.05
44 47 0.08
44 48 0.07
44 49 0.11
44 50 0.11
44 51 0.11
44 52 0.13
44 53 0.4
44 54 0.36
44 55 0.31
44 56 0.39
44 57 0.28
44 58 0.43
44 59 0.24
44 60 0.44
44 61 0.29
44 62 0.32
44 63 0.35
44 64 0.25
44 65 0.32
44 66 0.25
44 67 0.32
44 68 0.21
44 69 0.21
44 70 0.91
44 71 1.07
44 72 0.32
44 73 0.84
44 74 0.37
44 75 0.64
44 76 0.83
44 77 0.83
44 78 0.94
44 79 0.94
44 80 0.81
44 81 0.91
44 82 0.73
44 83 0.77
44 84 0.73
44 85 0.75
44 86 0.68
44 87 0.61
44 88 0.74
44 89 0.63
44 90 0.59
44 91 0.61
44 92 0.91
44 93 0.96
44 94 1.05
44 95 1.03
44 96 0.83
44 97 0.94
44 98 0.8
44 99 0.95
44 100 0.94
45 46 0.03
45 47 0.09
45 48 0.03
45 49 0.08
45 50 0.07
45 51 0.08
45 52 0.12
45 53 0.42
45 54 0.38
45 55 0.3
45 56 0.45
45 57 0.3
45 58 0.37
45 59 0.25
45 60 0.42
45 61 0.29
45 62 0.34
45 63 0.35
45 64 0.32
45 65 0.32
45 66 0.31
45 67 0.3
45 68 0.24
45 69 0.26
45 70 0.97
45 71 0.93
45 72 0.36
45 73 0.92
45 74 0.36
45 75 0.59
45 76 1.01
45 77 0.91
45 78 0.9
45 79 0.99
45 80 0.84
45 81 0.9
45 82 0.85
45 83 0.81
45 84 0.84
45 85 0.75
45 86 0.68
45 87 0.73
45 88 0.66
45 89 0.72
45 90 0.61
45 91 0.67
45 92 1.06
45 93 1.03
45 94 0.96
45 95 0.93
45 96 0.93
45 97 1.09
45 98 0.89
45 99 0.86
45 100 1
46 47 0.04
46 48 0.05
46 49 0.05
46 50 0.07
46 51 0.09
46 52 0.09
46 53 0.5
46 54 0.4
46 55 0.35
46 56 0.49
46 57 0.29
46 58 0.4
46 59 0.28
46 60 0.44
46 61 0.3
46 62 0.31
46 63 0.35
46 64 0.28
46 65 0.31
46 66 0.29
46 67 0.32
46 68 0.23
46 69 0.25
46 70 0.95
46 71 1.01
46 72 0.35
46 73 0.95
46 74 0.4
46 75 0.57
46 76 1
46 77 1.01
46 78 0.94
46 79 1.02
46 80 0.92
46 81 0.85
46 82 0.86
46 83 0.67
46 84 0.7
46 85 0.85
46 86 0.71
46 87 0.72
46 88 0.66
46 89 0.66
46 90 0.68
46 91 0.63
46 92 1.05
46 93 0.92
46 94 0.88
46 95 0.88
46 96 0.95
46 97 1.06
46 98 0.81
46 99 0.95
46 100 0.85
47 48 0.08
47 49 0.04
47 50 0.07
47 51 0.11
47 52 0.07
47 53 0.52
47 54 0.4
47 55 0.36
47 56 0.48
47 57 0.36
47 58 0.52
47 59 0.34
47 60 0.47
47 61 0.35
47 62 0.34
47 63 0.33
47 64 0.29
47 65 0.28
47 66 0.29
47 67 0.29
47 68 0.24
47 69 0.23
47 70 0.96
47 71 1.14
47 72 0.39
47 73 1.06
47 74 0.37
47 75 0.59
47 76 1.02
47 77 0.86
47 78 0.87
47 79 0.94
47 80 0.85
47 81 0.84
47 82 0.7
47 83 0.74
47 84 0.67
47 85 0.79
47 86 0.6
47 87 0.65
47 88 0.66
47 89 0.62
47 90 0.55
47 91 0.6
47 92 1.05
47 93 1.03
47 94 0.94
47 95 0.88
47 96 0.81
47 97 0.88
47 98 0.72
47 99 0.82
47 100 0.82
48 49 0.07
48 50 0.05
48 51 0.04
48 52 0.09
48 53 0.46
48 54 0.39
48 55 0.35
48 56 0.49
48 57 0.32
48 58 0.47
48 59 0.28
48 60 0.42
48 61 0.34
48 62 0.34
48 63 0.4
48 64 0.3
48 65 0.39
48 66 0.31
48 67 0.37
48 68 0.28
48 69 0.27
48 70 1.04
48 71 1.11
48 72 0.41
48 73 1.01
48 74 0.43
48 75 0.63
48 76 0.96
48 77 0.98
48 78 0.87
48 79 0.91
48 80 0.91
48 81 0.86
48 82 0.83
48 83 0.83
48 84 0.85
48 85 0.73
48 86 0.73
48 87 0.63
48 88 0.75
48 89 0.75
48 90 0.6
48 91 0.72
48 92 1.15
48 93 0.97
48 94 0.98
48 95 1.02
48 96 0.99
48 97 0.99
48 98 0.96
48 99 0.9
48 100 1.02
49 50 0.06
49 51 0.11
49 52 0.05
49 53 0.56
49 54 0.43
49 55 0.36
49 56 0.55
49 57 0.34
49 58 0.52
49 59 0.35
49 60 0.52
49 61 0.37
49 62 0.31
49 63 0.39
49 64 0.32
49 65 0.31
49 66 0.27
49 67 0.3
49 68 0.25
49 69 0.28
49 70 1.02
49 71 1.16
49 72 0.4
49 73 1.05
49 74 0.39
49 75 0.51
49 76 0.98
49 77 0.89
49 78 0.9
49 79 1
49 80 0.97
49 81 0.9
49 82 0.73
49 83 0.7
49 84 0.76
49 85 0.77
49 86 0.67
49 87 0.71
49 88 0.69
49 89 0.7
49 90 0.62
49 91 0.6
49 92 1.02
49 93 0.93
49 94 0.86
49 95 0.94
49 96 0.93
49 97 0.96
49 98 0.86
49 99 0.79
49 100 0.88
50 51 0.04
50 52 0.06
50 53 0.56
50 54 0.41
50 55 0.36
50 56 0.53
50 57 0.34
50 58 0.43
50 59 0.33
50 60 0.5
50 61 0.36
50 62 0.34
50 63 0.41
50 64 0.32
50 65 0.34
50 66 0.35
50 67 0.32
50 68 0.28
50 69 0.3
50 70 1.02
50 71 1.18
50 72 0.39
50 73 1.12
50 74 0.4
50 75 0.56
50 76 0.99
50 77 1.01
50 78 1.06
50 79 0.97
50 80 0.97
50 81 0.97
50 82 0.86
50 83 0.79
50 84 0.82
50 85 0.82
50 86 0.82
50 87 0.78
50 88 0.73
50 89 0.78
50 90 0.68
50 91 0.73
50 92 1
50 93 1.1
50 94 0.99
50 95 1.07
50 96 0.97
50 97 0.98
50 98 0.77
50 99 0.9
50 100 1.09
51 52 0.08
51 53 0.45
51 54 0.45
51 55 0.33
51 56 0.49
51 57 0.31
51 58 0.49
51 59 0.3
51 60 0.48
51 61 0.38
51 62 0.37
51 63 0.44
51 64 0.41
51 65 0.4
51 66 0.41
51 67 0.38
51 68 0.31
51 69 0.34
51 70 1.19
51 71 1.04
51 72 0.45
51 73 1.15
51 74 0.46
51 75 0.66
51 76 1.06
51 77 1.09
51 78 0.93
51 79 0.98
51 80 0.86
51 81 0.97
51 82 0.97
51 83 0.9
51 84 0.81
51 85 0.83
51 86 0.8
51 87 0.7
51 88 0.75
51 89 0.76
51 90 0.7
51 91 0.7
51 92 1.18
51 93 1.07
51 94 1.06
51 95 1.09
51 96 1.09
51 97 1.09
51 98 0.88
51 99 0.97
51 100 1.01
52 53 0.6
52 54 0.48
52 55 0.42
52 56 0.57
52 57 0.37
52 58 0.55
52 59 0.39
52 60 0.51
52 61 0.4
52 62 0.4
52 63 0.39
52 64 0.36
52 65 0.35
52 66 0.33
52 67 0.39
52 68 0.32
52 69 0.31
52 70 1.03
52 71 1.12
52 72 0.43
52 73 1.14
52 74 0.44
52 75 0.55
52 76 0.96
52 77 0.92
52 78 1.04
52 79 1.01
52 80 1.08
52 81 0.88
52 82 0.86
52 83 0.73
52 84 0.78
52 85 0.79
52 86 0.72
52 87 0.73
52 88 0.74
52 89 0.74
52 90 0.59
52 91 0.65
52 92 1.08
52 93 0.94
52 94 1.01
52 95 0.91
52 96 0.91
52 97 0.89
52 98 0.75
52 99 0.81
52 100 0.92
53 54 0.08
53 55 0.16
53 56 0.06
53 57 0.18
53 58 0.1
53 59 0.17
53 60 0.14
53 61 0.38
53 62 0.5
53 63 0.6
53 64 0.42
53 65 0.6
53 66 0.44
53 67 0.57
53 68 0.38
53 69 0.48
53 70 0.93
53 71 0.93
53 72 0.48
53 73 0.89
53 74 0.55
53 75 0.91
53 76 0.86
53 77 0.84
53 78 0.93
53 79 0.73
53 80 0.7
53 81 0.89
53 82 0.88
53 83 1.01
53 84 0.9
53 85 1
53 86 0.82
53 87 0.84
53 88 1.03
53 89 0.94
53 90 0.79
53 91 0.95
53 92 1.34
53 93 1.25
53 94 1.23
53 95 1.26
53 96 1.34
53 97 1.33
53 98 1.02
53 99 1.19
53 100 1.22
54 55 0.08
54 56 0.08
54 57 0.09
54 58 0.1
54 59 0.1
54 60 0.13
54 61 0.31
54 62 0.42
54 63 0.45
54 64 0.37
54 65 0.52
54 66 0.39
54 67 0.5
54 68 0.35
54 69 0.38
54 70 0.91
54 71 0.99
54 72 0.39
54 73 0.94
54 74 0.46
54 75 0.84
54 76 0.9
54 77 0.8
54 78 0.78
54 79 0.71
54 80 0.66
54 81 0.74
54 82 0.87
54 83 0.87
54 84 0.84
54 85 0.86
54 86 0.84
54 87 0.76
54 88 0.85
54 89 0.78
54 90 0.79
54 91 0.79
54 92 1.18
54 93 1.13
54 94 1.29
54 95 1.18
54 96 1.12
54 97 1.2
54 98 0.99
54 99 1.26
54 100 1.11
55 56 0.18
55 57 0.03
55 58 0.19
55 59 0.06
55 60 0.21
55 61 0.28
55 62 0.32
55 63 0.38
55 64 0.26
55 65 0.44
55 66 0.34
55 67 0.39
55 68 0.27
55 69 0.3
55 70 0.83
55 71 0.93
55 72 0.29
55 73 0.87
55 74 0.35
55 75 0.79
55 76 0.76
55 77 0.71
55 78 0.84
55 79 0.74
55 80 0.7
55 81 0.71
55 82 0.84
55 83 0.78
55 84 0.74
55 85 0.83
55 86 0.72
55 87 0.79
55 88 0.83
55 89 0.76
55 90 0.73
55 91 0.68
55 92 1.21
55 93 1.07
55 94 1.13
55 95 0.99
55 96 0.97
55 97 1.11
55 98 1.07
55 99 1.07
55 100 1.16
56 57 0.16
56 58 0.03
56 59 0.15
56 60 0.08
56 61 0.41
56 62 0.52
56 63 0.53
56 64 0.37
56 65 0.63
56 66 0.5
56 67 0.56
56 68 0.4
56 69 0.47
56 70 1.03
56 71 1.03
56 72 0.44
56 73 0.94
56 74 0.53
56 75 0.94
56 76 0.89
56 77 0.87
56 78 0.9
56 79 0.94
56 80 0.83
56 81 0.93
56 82 0.9
56 83 0.86
56 84 0.93
56 85 1.07
56 86 0.94
56 87 0.91
56 88 0.94
56 89 0.89
56 90 0.9
56 91 0.85
56 92 1.36
56 93 1.35
56 94 1.3
56 95 1.37
56 96 1.25
56 97 1.27
56 98 1.06
56 99 1.2
56 100 1.3
57 58 0.17
57 59 0.03
57 60 0.19
57 61 0.29
57 62 0.38
57 63 0.47
57 64 0.27
57 65 0.41
57 66 0.35
57 67 0.41
57 68 0.25
57 69 0.3
57 70 0.82
57 71 0.95
57 72 0.31
57 73 0.78
57 74 0.35
57 75 0.83
57 76 0.83
57 77 0.9
57 78 0.88
57 79 0.73
57 80 0.67
57 81 0.85
57 82 0.81
57 83 0.79
57 84 0.86
57 85 0.89
57 86 0.79
57 87 0.77
57 88 0.9
57 89 0.73
57 90 0.69
57 91 0.74
57 92 1.12
57 93 1.18
57 94 1.15
57 95 1.11
57 96 1.25
57 97 1.2
57 98 1.01
57 99 1.02
57 100 1.14
58 59 0.15
58 60 0.04
58 61 0.4
58 62 0.49
58 63 0.61
58 64 0.43
58 65 0.57
58 66 0.46
58 67 0.55
58 68 0.43
58 69 0.49
58 70 1.06
58 71 1
58 72 0.47
58 73 0.89
58 74 0.5
58 75 0.98
58 76 1.08
58 77 0.85
58 78 0.93
58 79 0.87
58 80 0.87
58 81 0.82
58 82 1.14
58 83 0.89
58 84 1.03
58 85 0.91
58 86 0.86
58 87 0.94
58 88 1.01
58 89 0.86
58 90 0.93
58 91 0.99
58 92 1.3
58 93 1.44
58 94 1.22
58 95 1.26
58 96 1.23
58 97 1.34
58 98 1.13
58 99 1.12
58 100 1.47
59 60 0.18
59 61 0.27
59 62 0.4
59 63 0.47
59 64 0.29
59 65 0.48
59 66 0.33
59 67 0.44
59 68 0.28
59 69 0.37
59 70 0.91
59 71 0.96
59 72 0.31
59 73 0.84
59 74 0.42
59 75 0.75
59 76 0.97
59 77 0.87
59 78 0.86
59 79 0.81
59 80 0.79
59 81 0.8
59 82 0.82
59 83 0.82
59 84 0.78
59 85 0.89
59 86 0.77
59 87 0.89
59 88 0.87
59 89 0.83
59 90 0.77
59 91 0.79
59 92 1.17
59 93 1.24
59 94 1.09
59 95 1.03
59 96 1.07
59 97 1.15
59 98 0.99
59 99 1.02
59 100 1.22
60 61 0.5
60 62 0.51
60 63 0.64
60 64 0.45
60 65 0.54
60 66 0.54
60 67 0.57
60 68 0.38
60 69 0.55
60 70 0.98
60 71 1.13
60 72 0.47
60 73 0.94
60 74 0.55
60 75 1.01
60 76 0.93
60 77 1.01
60 78 1.03
60 79 0.85
60 80 0.89
60 81 0.98
60 82 0.91
60 83 1.03
60 84 1.02
60 85 0.91
60 86 0.97
60 87 0.91
60 88 1.01
60 89 0.86
60 90 0.96
60 91 1.03
60 92 1.28
60 93 1.34
60 94 1.23
60 95 1.3
60 96 1.21
60 97 1.49
60 98 1.28
60 99 1.1
60 100 1.24
61 62 0.08
61 63 0.16
61 64 0.03
61 65 0.15
61 66 0.1
61 67 0.17
61 68 0.08
61 69 0.12
61 70 0.75
61 71 0.69
61 72 0.05
61 73 0.62
61 74 0.1
61 75 0.56
61 76 0.58
61 77 0.67
61 78 0.62
61 79 0.58
61 80 0.55
61 81 0.51
61 82 0.64
61 83 0.56
61 84 0.55
61 85 0.56
61 86 0.51
61 87 0.41
61 88 0.51
61 89 0.5
61 90 0.47
61 91 0.57
61 92 0.84
61 93 0.85
61 94 0.86
61 95 0.86
61 96 0.82
61 97 0.87
61 98 0.73
61 99 0.78
61 100 0.9
62 63 0.08
62 64 0.08
62 65 0.08
62 66 0.04
62 67 0.09
62 68 0.1
62 69 0.09
62 70 0.73
62 71 0.74
62 72 0.08
62 73 0.63
62 74 0.05
62 75 0.48
62 76 0.67
62 77 0.59
62 78 0.58
62 79 0.59
62 80 0.58
62 81 0.51
62 82 0.53
62 83 0.46
62 84 0.44
62 85 0.53
62 86 0.45
62 87 0.41
62 88 0.47
62 89 0.44
62 90 0.37
62 91 0.46
62 92 0.88
62 93 0.82
62 94 0.79
62 95 0.77
62 96 0.7
62 97 0.8
62 98 0.68
62 99 0.71
62 100 0.75
63 64 0.19
63 65 0.03
63 66 0.09
63 67 0.05
63 68 0.18
63 69 0.11
63 70 0.73
63 71 0.73
63 72 0.16
63 73 0.72
63 74 0.09
63 75 0.41
63 76 0.64
63 77 0.61
63 78 0.59
63 79 0.6
63 80 0.63
63 81 0.59
63 82 0.49
63 83 0.38
63 84 0.45
63 85 0.46
63 86 0.37
63 87 0.32
63 88 0.38
63 89 0.35
63 90 0.28
63 91 0.37
63 92 0.81
63 93 0.76
63 94 0.73
63 95 0.61
63 96 0.68
63 97 0.71
63 98 0.61
63 99 0.63
63 100 0.65
64 65 0.16
64 66 0.09
64 67 0.17
64 68 0.05
64 69 0.09
64 70 0.79
64 71 0.69
64 72 0.07
64 73 0.69
64 74 0.1
64 75 0.56
64 76 0.71
64 77 0.72
64 78 0.62
64 79 0.6
64 80 0.54
64 81 0.56
64 82 0.62
64 83 0.5
64 84 0.62
64 85 0.61
64 86 0.49
64 87 0.45
64 88 0.61
64 89 0.54
64 90 0.45
64 91 0.53
64 92 1
64 93 0.88
64 94 0.93
64 95 0.83
64 96 0.81
64 97 0.84
64 98 0.75
64 99 0.73
64 100 0.82
65 66 0.08
65 67 0.02
65 68 0.15
65 69 0.09
65 70 0.7
65 71 0.83
65 72 0.18
65 73 0.66
65 74 0.12
65 75 0.4
65 76 0.67
65 77 0.7
65 78 0.66
65 79 0.66
65 80 0.63
65 81 0.6
65 82 0.51
65 83 0.42
65 84 0.43
65 85 0.41
65 86 0.38
65 87 0.33
65 88 0.4
65 89 0.38
65 90 0.32
65 91 0.39
65 92 0.87
65 93 0.73
65 94 0.8
65 95 0.71
65 96 0.65
65 97 0.72
65 98 0.56
65 99 0.59
65 100 0.7
66 67 0.08
66 68 0.09
66 69 0.03
66 70 0.68
66 71 0.83
66 72 0.12
66 73 0.68
66 74 0.09
66 75 0.46
66 76 0.68
66 77 0.71
66 78 0.71
66 79 0.68
66 80 0.65
66 81 0.6
66 82 0.52
66 83 0.5
66 84 0.55
66 85 0.57
66 86 0.46
66 87 0.46
66 88 0.46
66 89 0.48
66 90 0.36
66 91 0.45
66 92 0.94
66 93 0.86
66 94 0.82
66 95 0.73
66 96 0.75
66 97 0.87
66 98 0.59
66 99 0.71
66 100 0.81
67 68 0.15
67 69 0.09
67 70 0.74
67 71 0.75
67 72 0.2
67 73 0.73
67 74 0.14
67 75 0.38
67 76 0.77
67 77 0.63
67 78 0.66
67 79 0.63
67 80 0.62
67 81 0.7
67 82 0.54
67 83 0.46
67 84 0.48
67 85 0.45
67 86 0.36
67 87 0.34
67 88 0.41
67 89 0.37
67 90 0.3
67 91 0.38
67 92 0.74
67 93 0.79
67 94 0.8
67 95 0.63
67 96 0.72
67 97 0.65
67 98 0.62
67 99 0.61
67 100 0.72
68 69 0.07
68 70 0.82
68 71 0.82
68 72 0.12
68 73 0.72
68 74 0.14
68 75 0.57
68 76 0.67
68 77 0.66
68 78 0.65
68 79 0.62
68 80 0.64
68 81 0.57
68 82 0.6
68 83 0.64
68 84 0.66
68 85 0.59
68 86 0.54
68 87 0.55
68 88 0.56
68 89 0.58
68 90 0.44
68 91 0.57
68 92 0.91
68 93 0.92
68 94 0.78
68 95 0.9
68 96 0.75
68 97 0.93
68 98 0.85
68 99 0.82
68 100 1
69 70 0.75
69 71 0.8
69 72 0.16
69 73 0.8
69 74 0.13
69 75 0.52
69 76 0.77
69 77 0.69
69 78 0.76
69 79 0.74
69 80 0.61
69 81 0.7
69 82 0.58
69 83 0.53
69 84 0.49
69 85 0.49
69 86 0.5
69 87 0.5
69 88 0.47
69 89 0.51
69 90 0.37
69 91 0.46
69 92 0.85
69 93 0.81
69 94 0.89
69 95 0.75
69 96 0.73
69 97 0.76
69 98 0.68
69 99 0.78
69 100 0.76
70 71 0.09
70 72 0.62
70 73 0.05
70 74 0.68
70 75 0.91
70 76 0.12
70 77 0.11
70 78 0.14
70 79 0.14
70 80 0.18
70 81 0.16
70 82 0.53
70 83 0.57
70 84 0.67
70 85 0.62
70 86 0.56
70 87 0.67
70 88 0.78
70 89 0.69
70 90 0.64
70 91 0.78
70 92 0.95
70 93 0.96
70 94 0.96
70 95 0.9
70 96 0.94
70 97 0.97
70 98 0.98
70 99 1.14
70 100 1.07
71 72 0.62
71 73 0.09
71 74 0.67
71 75 0.93
71 76 0.08
71 77 0.15
71 78 0.11
71 79 0.16
71 80 0.21
71 81 0.15
71 82 0.46
71 83 0.45
71 84 0.58
71 85 0.65
71 86 0.56
71 87 0.57
71 88 0.71
71 89 0.64
71 90 0.63
71 91 0.61
71 92 0.85
71 93 0.96
71 94 0.95
71 95 0.81
71 96 0.92
71 97 0.97
71 98 0.93
71 99 0.98
71 100 1.05
72 73 0.65
72 74 0.08
72 75 0.54
72 76 0.62
72 77 0.55
72 78 0.59
72 79 0.54
72 80 0.47
72 81 0.48
72 82 0.53
72 83 0.46
72 84 0.5
72 85 0.55
72 86 0.42
72 87 0.46
72 88 0.55
72 89 0.43
72 90 0.46
72 91 0.46
72 92 0.87
72 93 0.82
72 94 0.9
72 95 0.74
72 96 0.79
72 97 0.97
72 98 0.75
72 99 0.75
72 100 0.87
73 74 0.71
73 75 1.05
73 76 0.1
73 77 0.06
73 78 0.1
73 79 0.07
73 80 0.13
73 81 0.12
73 82 0.49
73 83 0.5
73 84 0.51
73 85 0.61
73 86 0.62
73 87 0.64
73 88 0.63
73 89 0.61
73 90 0.71
73 91 0.65
73 92 0.96
73 93 0.99
73 94 0.92
73 95 0.96
73 96 0.97
73 97 0.98
73 98 0.81
73 99 0.9
73 100 0.96
74 75 0.48
74 76 0.55
74 77 0.55
74 78 0.56
74 79 0.54
74 80 0.57
74 81 0.49
74 82 0.43
74 83 0.46
74 84 0.52
74 85 0.48
74 86 0.42
74 87 0.38
74 88 0.42
74 89 0.36
74 90 0.31
74 91 0.44
74 92 0.77
74 93 0.84
74 94 0.76
74 95 0.73
74 96 0.73
74 97 0.71
74 98 0.66
74 99 0.7
74 100 0.86
75 76 0.86
75 77 0.84
75 78 0.9
75 79 0.8
75 80 0.86
75 81 0.76
75 82 0.46
75 83 0.48
75 84 0.41
75 85 0.37
75 86 0.39
75 87 0.37
75 88 0.35
75 89 0.28
75 90 0.28
75 91 0.28
75 92 0.46
75 93 0.42
75 94 0.39
75 95 0.38
75 96 0.32
75 97 0.41
75 98 0.24
75 99 0.28
75 100 0.35
76 77 0.09
76 78 0.04
76 79 0.1
76 80 0.18
76 81 0.08
76 82 0.42
76 83 0.43
76 84 0.47
76 85 0.49
76 86 0.52
76 87 0.49
76 88 0.56
76 89 0.56
76 90 0.59
76 91 0.55
76 92 0.86
76 93 0.94
76 94 0.85
76 95 0.84
76 96 0.78
76 97 0.98
76 98 0.81
76 99 0.95
76 100 0.95
77 78 0.08
77 79 0.02
77 80 0.1
77 81 0.08
77 82 0.46
77 83 0.49
77 84 0.55
77 85 0.61
77 86 0.56
77 87 0.55
77 88 0.66
77 89 0.63
77 90 0.59
77 91 0.72
77 92 1
77 93 0.88
77 94 0.95
77 95 0.84
77 96 1.01
77 97 1.06
77 98 0.86
77 99 1.02
77 100 1.07
78 79 0.09
78 80 0.16
78 81 0.05
78 82 0.38
78 83 0.39
78 84 0.41
78 85 0.53
78 86 0.5
78 87 0.45
78 88 0.51
78 89 0.56
78 90 0.56
78 91 0.62
78 92 0.78
78 93 0.91
78 94 0.87
78 95 0.84
78 96 0.83
78 97 0.84
78 98 0.73
78 99 0.93
78 100 0.98
79 80 0.09
79 81 0.1
79 82 0.42
79 83 0.48
79 84 0.52
79 85 0.56
79 86 0.59
79 87 0.52
79 88 0.58
79 89 0.59
79 90 0.6
79 91 0.68
79 92 1.02
79 93 0.93
79 94 0.92
79 95 0.86
79 96 0.92
79 97 0.94
79 98 0.94
79 99 0.97
79 100 1.05
80 81 0.15
80 82 0.46
80 83 0.53
80 84 0.62
80 85 0.68
80 86 0.57
80 87 0.59
80 88 0.67
80 89 0.6
80 90 0.64
80 91 0.65
80 92 0.97
80 93 1
80 94 0.89
80 95 0.89
80 96 0.97
80 97 1.12
80 98 0.96
80 99 0.99
80 100 1.08
81 82 0.38
81 83 0.37
81 84 0.4
81 85 0.49
81 86 0.45
81 87 0.45
81 88 0.51
81 89 0.46
81 90 0.55
81 91 0.55
81 92 0.89
81 93 0.9
81 94 0.89
81 95 0.81
81 96 0.73
81 97 0.96
81 98 0.72
81 99 0.79
81 100 1.03
82 83 0.04
82 84 0.1
82 85 0.14
82 86 0.15
82 87 0.15
82 88 0.19
82 89 0.2
82 90 0.21
82 91 0.24
82 92 0.47
82 93 0.45
82 94 0.44
82 95 0.46
82 96 0.51
82 97 0.49
82 98 0.41
82 99 0.53
82 100 0.56
83 84 0.06
83 85 0.11
83 86 0.1
83 87 0.1
83 88 0.14
83 89 0.15
83 90 0.2
83 91 0.23
83 92 0.52
83 93 0.51
83 94 0.39
83 95 0.48
83 96 0.42
83 97 0.48
83 98 0.43
83 99 0.46
83 100 0.51
84 85 0.04
84 86 0.08
84 87 0.08
84 88 0.09
84 89 0.12
84 90 0.16
84 91 0.17
84 92 0.41
84 93 0.39
84 94 0.41
84 95 0.42
84 96 0.39
84 97 0.41
84 98 0.33
84 99 0.42
84 100 0.57
85 86 0.09
85 87 0.09
85 88 0.05
85 89 0.08
85 90 0.15
85 91 0.12
85 92 0.4
85 93 0.38
85 94 0.38
85 95 0.35
85 96 0.33
85 97 0.37
85 98 0.27
85 99 0.43
85 100 0.47
86 87 0.02
86 88 0.07
86 89 0.07
86 90 0.1
86 91 0.14
86 92 0.53
86 93 0.51
86 94 0.43
86 95 0.43
86 96 0.44
86 97 0.51
86 98 0.37
86 99 0.44
86 100 0.5
87 88 0.08
87 89 0.06
87 90 0.07
87 91 0.12
87 92 0.51
87 93 0.47
87 94 0.39
87 95 0.38
87 96 0.4
87 97 0.52
87 98 0.33
87 99 0.47
87 100 0.47
88 89 0.04
88 90 0.11
88 91 0.07
88 92 0.38
88 93 0.4
88 94 0.33
88 95 0.3
88 96 0.31
88 97 0.39
88 98 0.24
88 99 0.36
88 100 0.41
89 90 0.06
89 91 0.05
89 92 0.43
89 93 0.4
89 94 0.38
89 95 0.35
89 96 0.35
89 97 0.38
89 98 0.27
89 99 0.34
89 100 0.42
90 91 0.07
90 92 0.44
90 93 0.54
90 94 0.48
90 95 0.37
90 96 0.43
90 97 0.49
90 98 0.33
90 99 0.46
90 100 0.52
91 92 0.46
91 93 0.38
91 94 0.38
91 95 0.31
91 96 0.3
91 97 0.38
91 98 0.23
91 99 0.3
91 100 0.37
92 93 0.03
92 94 0.06
92 95 0.11
92 96 0.14
92 97 0.1
92 98 0.21
92 99 0.22
92 100 0.19
93 94 0.05
93 95 0.09
93 96 0.11
93 97 0.09
93 98 0.19
93 99 0.18
93 100 0.16
94 95 0.05
94 96 0.08
94 97 0.09
94 98 0.14
94 99 0.15
94 100 0.19
95 96 0.03
95 97 0.08
95 98 0.09
95 99 0.12
95 100 0.12
96 97 0.09
96 98 0.08
96 99 0.08
96 100 0.1
97 98 0.15
97 99 0.1
97 100 0.08
98 99 0.1
98 100 0.17
99 100 0.08
