0 1 0.41
0 2 0.37
0 3 0.46
0 4 0.47
0 5 0.5
0 6 0.54
0 7 0.6
0 8 0.69
0 9 0.59
0 10 0.58
0 11 0.55
0 12 0.81
0 13 0.58
0 14 0.6
0 15 0.51
0 16 1.1
0 17 1.1
0 18 0.68
0 19 1.32
0 20 1.08
0 21 1.16
0 22 1.16
0 23 1.15
0 24 1.3
0 25 1.35
0 26 1.29
0 27 1.18
0 28 1.38
0 29 1.48
0 30 1.46
0 31 1.36
0 32 1.27
0 33 1.46
0 34 1.5
0 35 1.27
0 36 1.28
0 37 1.67
0 38 1.49
0 39 1.47
0 40 1.63
0 41 1.51
0 42 1.51
0 43 1.67
0 44 1.63
0 45 1.76
0 46 1.48
0 47 1.64
0 48 1.62
0 49 1.59
0 50 1.95
0 51 1.69
0 52 1.71
0 53 1.87
0 54 1.9
0 55 2.06
0 56 2.03
0 57 1.71
0 58 2.19
0 59 1.8
0 60 2
0 61 1.93
0 62 1.78
0 63 2.33
0 64 1.96
0 65 1.97
0 66 2.02
0 67 1.37
0 68 1.39
0 69 1.54
0 70 1.43
0 71 1.58
0 72 1.54
0 73 1.61
0 74 1.47
0 75 1.59
0 76 1.67
0 77 1.59
0 78 1.63
0 79 1.53
0 80 1.57
0 81 0.54
0 82 0.67
0 83 0.58
0 84 0.64
0 85 0.65
0 86 0.74
0 87 0.71
0 88 0.71
0 89 0.74
0 90 0.64
0 91 0.73
0 92 0.69
0 93 0.71
0 94 0.76
0 95 0.74
0 96 0.81
0 97 0.84
0 98 1.03
0 99 0.9
0 100 0.81
0 101 0.82
0 102 0.74
0 103 0.96
0 104 0.9
0 105 0.77
0 106 0.91
0 107 0.87
0 108 0.62
0 109 0.75
0 110 1
0 111 0.75
0 112 0.66
0 113 0.6
0 114 0.69
0 115 0.85
0 116 0.92
0 117 0.55
0 118 0.66
0 119 0.67
0 120 0.72
1 2 0.03
1 3 0.11
1 4 0.15
1 5 0.14
1 6 0.16
1 7 0.21
1 8 0.34
1 9 0.19
1 10 0.17
1 11 0.16
1 12 0.34
1 13 0.23
1 14 0.22
1 15 0.16
1 16 0.74
1 17 0.75
1 18 0.53
1 19 0.9
1 20 0.77
1 21 0.87
1 22 0.9
1 23 0.81
1 24 0.91
1 25 0.89
1 26 0.85
1 27 0.88
1 28 1.04
1 29 1.11
1 30 0.95
1 31 0.96
1 32 0.96
1 33 1
1 34 0.94
1 35 1
1 36 1.03
1 37 1.25
1 38 1.13
1 39 1.14
1 40 1.28
1 41 1.28
1 42 1.12
1 43 1.31
1 44 1.27
1 45 1.39
1 46 1.31
1 47 1.23
1 48 1.35
1 49 1.21
1 50 1.26
1 51 1.52
1 52 1.61
1 53 1.61
1 54 1.74
1 55 1.79
1 56 1.72
1 57 1.66
1 58 1.63
1 59 1.65
1 60 1.7
1 61 1.71
1 62 1.73
1 63 1.75
1 64 1.7
1 65 1.55
1 66 1.75
1 67 1.24
1 68 1.36
1 69 1.36
1 70 1.39
1 71 1.43
1 72 1.43
1 73 1.24
1 74 1.47
1 75 1.43
1 76 1.37
1 77 1.45
1 78 1.45
1 79 1.3
1 80 1.35
1 81 0.56
1 82 0.75
1 83 0.45
1 84 0.56
1 85 0.56
1 86 0.67
1 87 0.62
1 88 0.7
1 89 0.65
1 90 0.63
1 91 0.58
1 92 0.66
1 93 0.62
1 94 0.7
1 95 0.78
1 96 0.65
1 97 0.69
1 98 0.87
1 99 0.89
1 100 0.77
1 101 0.73
1 102 0.71
1 103 0.83
1 104 0.8
1 105 0.82
1 106 0.9
1 107 0.89
1 108 0.48
1 109 0.61
1 110 0.77
1 111 0.63
1 112 0.54
1 113 0.55
1 114 0.59
1 115 0.67
1 116 0.75
1 117 0.57
1 118 0.5
1 119 0.79
1 120 0.98
2 3 0.1
2 4 0.11
2 5 0.11
2 6 0.14
2 7 0.15
2 8 0.33
2 9 0.16
2 10 0.15
2 11 0.16
2 12 0.37
2 13 0.22
2 14 0.23
2 15 0.18
2 16 0.79
2 17 0.78
2 18 0.56
2 19 0.77
2 20 0.77
2 21 0.85
2 22 0.87
2 23 0.83
2 24 0.78
2 25 0.94
2 26 0.91
2 27 0.96
2 28 0.89
2 29 1.04
2 30 1.05
2 31 1.02
2 32 0.88
2 33 0.89
2 34 1.08
2 35 0.87
2 36 1
2 37 1.2
2 38 1.08
2 39 1.27
2 40 1.26
2 41 1.26
2 42 1.19
2 43 1.36
2 44 1.3
2 45 1.36
2 46 1.25
2 47 1.22
2 48 1.43
2 49 1.25
2 50 1.29
2 51 1.37
2 52 1.52
2 53 1.56
2 54 1.54
2 55 1.64
2 56 1.61
2 57 1.67
2 58 1.51
2 59 1.57
2 60 1.76
2 61 1.78
2 62 1.68
2 63 1.8
2 64 1.51
2 65 1.55
2 66 1.75
2 67 1.33
2 68 1.26
2 69 1.37
2 70 1.56
2 71 1.39
2 72 1.35
2 73 1.37
2 74 1.46
2 75 1.44
2 76 1.24
2 77 1.5
2 78 1.46
2 79 1.34
2 80 1.49
2 81 0.57
2 82 0.64
2 83 0.43
2 84 0.49
2 85 0.53
2 86 0.62
2 87 0.63
2 88 0.7
2 89 0.61
2 90 0.52
2 91 0.64
2 92 0.63
2 93 0.67
2 94 0.69
2 95 0.73
2 96 0.69
2 97 0.62
2 98 0.81
2 99 0.7
2 100 0.79
2 101 0.81
2 102 0.7
2 103 0.75
2 104 0.84
2 105 0.77
2 106 0.82
2 107 0.81
2 108 0.45
2 109 0.52
2 110 0.81
2 111 0.58
2 112 0.58
2 113 0.45
2 114 0.54
2 115 0.77
2 116 0.8
2 117 0.47
2 118 0.57
2 119 0.72
2 120 0.8
3 4 0.02
3 5 0.03
3 6 0.07
3 7 0.09
3 8 0.27
3 9 0.07
3 10 0.06
3 11 0.06
3 12 0.27
3 13 0.14
3 14 0.12
3 15 0.09
3 16 0.66
3 17 0.69
3 18 0.53
3 19 0.66
3 20 0.75
3 21 0.73
3 22 0.8
3 23 0.72
3 24 0.69
3 25 0.79
3 26 0.71
3 27 0.81
3 28 0.75
3 29 1
3 30 0.81
3 31 0.89
3 32 0.81
3 33 0.95
3 34 0.89
3 35 0.87
3 36 0.83
3 37 1.19
3 38 0.97
3 39 1.04
3 40 1.08
3 41 1.17
3 42 1.24
3 43 1.11
3 44 1.06
3 45 1.08
3 46 1.29
3 47 1.15
3 48 1.31
3 49 1.25
3 50 1.19
3 51 1.25
3 52 1.43
3 53 1.47
3 54 1.43
3 55 1.48
3 56 1.7
3 57 1.53
3 58 1.56
3 59 1.39
3 60 1.59
3 61 1.44
3 62 1.62
3 63 1.58
3 64 1.57
3 65 1.46
3 66 1.74
3 67 1.36
3 68 1.3
3 69 1.17
3 70 1.23
3 71 1.22
3 72 1.21
3 73 1.24
3 74 1.34
3 75 1.19
3 76 1.3
3 77 1.17
3 78 1.31
3 79 1.32
3 80 1.27
3 81 0.58
3 82 0.67
3 83 0.44
3 84 0.51
3 85 0.61
3 86 0.71
3 87 0.6
3 88 0.73
3 89 0.53
3 90 0.57
3 91 0.55
3 92 0.57
3 93 0.59
3 94 0.59
3 95 0.65
3 96 0.7
3 97 0.63
3 98 0.77
3 99 0.77
3 100 0.78
3 101 0.71
3 102 0.69
3 103 0.84
3 104 0.72
3 105 0.78
3 106 0.79
3 107 0.84
3 108 0.49
3 109 0.53
3 110 0.75
3 111 0.66
3 112 0.54
3 113 0.49
3 114 0.5
3 115 0.62
3 116 0.77
3 117 0.51
3 118 0.49
3 119 0.76
3 120 0.86
4 5 0.04
4 6 0.07
4 7 0.07
4 8 0.23
4 9 0.06
4 10 0.04
4 11 0.05
4 12 0.26
4 13 0.12
4 14 0.12
4 15 0.07
4 16 0.7
4 17 0.62
4 18 0.53
4 19 0.73
4 20 0.65
4 21 0.63
4 22 0.74
4 23 0.74
4 24 0.7
4 25 0.72
4 26 0.7
4 27 0.81
4 28 0.77
4 29 0.92
4 30 0.81
4 31 0.89
4 32 0.86
4 33 0.81
4 34 0.96
4 35 0.85
4 36 0.96
4 37 0.97
4 38 0.94
4 39 1.16
4 40 1.18
4 41 1.06
4 42 1.05
4 43 1.2
4 44 1.09
4 45 1.24
4 46 1.1
4 47 1.12
4 48 1.18
4 49 1.26
4 50 1.19
4 51 1.45
4 52 1.58
4 53 1.69
4 54 1.4
4 55 1.4
4 56 1.55
4 57 1.48
4 58 1.55
4 59 1.38
4 60 1.64
4 61 1.56
4 62 1.48
4 63 1.74
4 64 1.57
4 65 1.55
4 66 1.62
4 67 1.34
4 68 1.13
4 69 1.33
4 70 1.32
4 71 1.32
4 72 1.46
4 73 1.32
4 74 1.47
4 75 1.35
4 76 1.41
4 77 1.4
4 78 1.42
4 79 1.3
4 80 1.31
4 81 0.6
4 82 0.66
4 83 0.47
4 84 0.51
4 85 0.57
4 86 0.57
4 87 0.63
4 88 0.73
4 89 0.57
4 90 0.58
4 91 0.64
4 92 0.59
4 93 0.61
4 94 0.61
4 95 0.74
4 96 0.7
4 97 0.67
4 98 0.79
4 99 0.71
4 100 0.86
4 101 0.74
4 102 0.79
4 103 0.81
4 104 0.77
4 105 0.8
4 106 0.85
4 107 0.82
4 108 0.46
4 109 0.51
4 110 0.68
4 111 0.67
4 112 0.57
4 113 0.43
4 114 0.46
4 115 0.64
4 116 0.72
4 117 0.53
4 118 0.49
4 119 0.67
4 120 0.91
5 6 0.04
5 7 0.07
5 8 0.23
5 9 0.06
5 10 0.06
5 11 0.08
5 12 0.24
5 13 0.16
5 14 0.15
5 15 0.1
5 16 0.68
5 17 0.67
5 18 0.48
5 19 0.68
5 20 0.73
5 21 0.73
5 22 0.71
5 23 0.68
5 24 0.82
5 25 0.79
5 26 0.75
5 27 0.8
5 28 0.83
5 29 0.87
5 30 0.83
5 31 0.78
5 32 0.85
5 33 0.91
5 34 0.92
5 35 0.85
5 36 0.84
5 37 1.1
5 38 0.97
5 39 1.18
5 40 1.21
5 41 1.01
5 42 1.23
5 43 1.19
5 44 1.05
5 45 1.31
5 46 1.1
5 47 1.22
5 48 1.06
5 49 1.18
5 50 1.34
5 51 1.27
5 52 1.42
5 53 1.54
5 54 1.42
5 55 1.65
5 56 1.61
5 57 1.44
5 58 1.46
5 59 1.43
5 60 1.58
5 61 1.43
5 62 1.49
5 63 1.62
5 64 1.53
5 65 1.42
5 66 1.64
5 67 1.23
5 68 1.32
5 69 1.31
5 70 1.2
5 71 1.17
5 72 1.31
5 73 1.36
5 74 1.3
5 75 1.31
5 76 1.14
5 77 1.42
5 78 1.31
5 79 1.29
5 80 1.38
5 81 0.53
5 82 0.66
5 83 0.4
5 84 0.46
5 85 0.53
5 86 0.63
5 87 0.6
5 88 0.7
5 89 0.56
5 90 0.53
5 91 0.58
5 92 0.53
5 93 0.66
5 94 0.61
5 95 0.75
5 96 0.6
5 97 0.58
5 98 0.81
5 99 0.78
5 100 0.7
5 101 0.67
5 102 0.76
5 103 0.85
5 104 0.73
5 105 0.72
5 106 0.73
5 107 0.85
5 108 0.39
5 109 0.46
5 110 0.66
5 111 0.52
5 112 0.51
5 113 0.44
5 114 0.54
5 115 0.63
5 116 0.68
5 117 0.49
5 118 0.46
5 119 0.63
5 120 0.72
6 7 0.03
6 8 0.23
6 9 0.06
6 10 0.05
6 11 0.07
6 12 0.27
6 13 0.15
6 14 0.14
6 15 0.12
6 16 0.68
6 17 0.61
6 18 0.47
6 19 0.73
6 20 0.73
6 21 0.74
6 22 0.68
6 23 0.71
6 24 0.76
6 25 0.72
6 26 0.79
6 27 0.88
6 28 0.85
6 29 0.9
6 30 0.77
6 31 0.77
6 32 0.8
6 33 0.9
6 34 0.86
6 35 0.93
6 36 0.92
6 37 0.92
6 38 0.9
6 39 1.13
6 40 1.04
6 41 1.14
6 42 1.11
6 43 1.23
6 44 1.08
6 45 1.11
6 46 1.01
6 47 1.1
6 48 1.08
6 49 1.19
6 50 1.28
6 51 1.29
6 52 1.3
6 53 1.41
6 54 1.32
6 55 1.53
6 56 1.53
6 57 1.42
6 58 1.55
6 59 1.5
6 60 1.57
6 61 1.49
6 62 1.72
6 63 1.63
6 64 1.68
6 65 1.48
6 66 1.57
6 67 1.21
6 68 1.08
6 69 1.2
6 70 1.37
6 71 1.13
6 72 1.35
6 73 1.2
6 74 1.29
6 75 1.24
6 76 1.1
6 77 1.12
6 78 1.35
6 79 1.21
6 80 1.35
6 81 0.53
6 82 0.65
6 83 0.44
6 84 0.45
6 85 0.5
6 86 0.61
6 87 0.63
6 88 0.57
6 89 0.51
6 90 0.52
6 91 0.55
6 92 0.57
6 93 0.57
6 94 0.59
6 95 0.68
6 96 0.54
6 97 0.56
6 98 0.73
6 99 0.7
6 100 0.74
6 101 0.63
6 102 0.63
6 103 0.72
6 104 0.7
6 105 0.65
6 106 0.74
6 107 0.75
6 108 0.36
6 109 0.46
6 110 0.59
6 111 0.62
6 112 0.49
6 113 0.38
6 114 0.5
6 115 0.6
6 116 0.65
6 117 0.48
6 118 0.45
6 119 0.64
6 120 0.77
7 8 0.19
7 9 0.03
7 10 0.04
7 11 0.07
7 12 0.21
7 13 0.11
7 14 0.12
7 15 0.1
7 16 0.68
7 17 0.71
7 18 0.41
7 19 0.64
7 20 0.72
7 21 0.68
7 22 0.66
7 23 0.68
7 24 0.7
7 25 0.75
7 26 0.66
7 27 0.7
7 28 0.71
7 29 0.92
7 30 0.87
7 31 0.73
7 32 0.75
7 33 0.73
7 34 0.85
7 35 0.78
7 36 0.86
7 37 0.94
7 38 1.1
7 39 0.98
7 40 1.14
7 41 1.17
7 42 1.13
7 43 1.16
7 44 1.14
7 45 1.16
7 46 1.15
7 47 1.02
7 48 1.13
7 49 1.14
7 50 1.16
7 51 1.24
7 52 1.59
7 53 1.44
7 54 1.48
7 55 1.62
7 56 1.4
7 57 1.51
7 58 1.48
7 59 1.48
7 60 1.57
7 61 1.54
7 62 1.4
7 63 1.65
7 64 1.55
7 65 1.52
7 66 1.52
7 67 1.34
7 68 1.11
7 69 1.25
7 70 1.34
7 71 1.25
7 72 1.25
7 73 1.26
7 74 1.24
7 75 1.13
7 76 1.17
7 77 1.39
7 78 1.24
7 79 1.23
7 80 1.36
7 81 0.56
7 82 0.6
7 83 0.48
7 84 0.54
7 85 0.61
7 86 0.62
7 87 0.63
7 88 0.62
7 89 0.63
7 90 0.56
7 91 0.5
7 92 0.57
7 93 0.59
7 94 0.6
7 95 0.7
7 96 0.59
7 97 0.63
7 98 0.69
7 99 0.73
7 100 0.67
7 101 0.74
7 102 0.69
7 103 0.85
7 104 0.77
7 105 0.75
7 106 0.66
7 107 0.69
7 108 0.4
7 109 0.41
7 110 0.62
7 111 0.57
7 112 0.53
7 113 0.45
7 114 0.48
7 115 0.61
7 116 0.68
7 117 0.46
7 118 0.45
7 119 0.75
7 120 0.7
8 9 0.18
8 10 0.18
8 11 0.19
8 12 0.05
8 13 0.13
8 14 0.14
8 15 0.21
8 16 0.42
8 17 0.38
8 18 0.52
8 19 0.46
8 20 0.51
8 21 0.44
8 22 0.54
8 23 0.55
8 24 0.52
8 25 0.48
8 26 0.52
8 27 0.58
8 28 0.59
8 29 0.77
8 30 0.61
8 31 0.58
8 32 0.65
8 33 0.59
8 34 0.62
8 35 0.72
8 36 0.7
8 37 0.78
8 38 0.8
8 39 0.91
8 40 1.06
8 41 0.96
8 42 0.91
8 43 1.03
8 44 0.87
8 45 1.05
8 46 0.93
8 47 0.88
8 48 0.92
8 49 0.95
8 50 1
8 51 1.18
8 52 1.26
8 53 1.31
8 54 1.3
8 55 1.29
8 56 1.41
8 57 1.23
8 58 1.48
8 59 1.22
8 60 1.33
8 61 1.43
8 62 1.36
8 63 1.36
8 64 1.4
8 65 1.35
8 66 1.62
8 67 1.06
8 68 1.22
8 69 1.11
8 70 1.15
8 71 1.3
8 72 1.19
8 73 1.24
8 74 1.3
8 75 1.28
8 76 1.28
8 77 1.12
8 78 1.22
8 79 1.19
8 80 1.33
8 81 0.68
8 82 0.73
8 83 0.52
8 84 0.61
8 85 0.67
8 86 0.81
8 87 0.75
8 88 0.84
8 89 0.73
8 90 0.57
8 91 0.63
8 92 0.67
8 93 0.71
8 94 0.6
8 95 0.7
8 96 0.69
8 97 0.72
8 98 0.81
8 99 0.86
8 100 0.72
8 101 0.73
8 102 0.85
8 103 0.88
8 104 0.88
8 105 0.81
8 106 0.74
8 107 0.91
8 108 0.49
8 109 0.47
8 110 0.71
8 111 0.65
8 112 0.64
8 113 0.53
8 114 0.62
8 115 0.63
8 116 0.69
8 117 0.62
8 118 0.53
8 119 0.76
8 120 0.84
9 10 0.02
9 11 0.03
9 12 0.2
9 13 0.09
9 14 0.1
9 15 0.06
9 16 0.65
9 17 0.63
9 18 0.53
9 19 0.63
9 20 0.69
9 21 0.6
9 22 0.66
9 23 0.74
9 24 0.71
9 25 0.72
9 26 0.68
9 27 0.69
9 28 0.8
9 29 0.81
9 30 0.72
9 31 0.76
9 32 0.86
9 33 0.76
9 34 0.75
9 35 0.79
9 36 0.79
9 37 0.89
9 38 1.03
9 39 0.95
9 40 1.1
9 41 1.03
9 42 1.09
9 43 1
9 44 1.2
9 45 1.27
9 46 1.2
9 47 1.09
9 48 1.19
9 49 1.05
9 50 1.16
9 51 1.12
9 52 1.32
9 53 1.47
9 54 1.32
9 55 1.5
9 56 1.47
9 57 1.4
9 58 1.37
9 59 1.4
9 60 1.55
9 61 1.61
9 62 1.6
9 63 1.56
9 64 1.55
9 65 1.34
9 66 1.78
9 67 1.2
9 68 1.27
9 69 1.38
9 70 1.34
9 71 1.16
9 72 1.3
9 73 1.14
9 74 1.21
9 75 1.5
9 76 1.34
9 77 1.28
9 78 1.39
9 79 1.25
9 80 1.44
9 81 0.55
9 82 0.64
9 83 0.45
9 84 0.58
9 85 0.61
9 86 0.65
9 87 0.62
9 88 0.64
9 89 0.54
9 90 0.52
9 91 0.58
9 92 0.62
9 93 0.65
9 94 0.65
9 95 0.75
9 96 0.7
9 97 0.59
9 98 0.77
9 99 0.66
9 100 0.74
9 101 0.72
9 102 0.73
9 103 0.73
9 104 0.85
9 105 0.77
9 106 0.8
9 107 0.77
9 108 0.41
9 109 0.52
9 110 0.69
9 111 0.56
9 112 0.56
9 113 0.49
9 114 0.53
9 115 0.65
9 116 0.72
9 117 0.52
9 118 0.5
9 119 0.64
9 120 0.79
10 11 0.02
10 12 0.2
10 13 0.09
10 14 0.1
10 15 0.05
10 16 0.64
10 17 0.62
10 18 0.52
10 19 0.64
10 20 0.67
10 21 0.68
10 22 0.75
10 23 0.74
10 24 0.71
10 25 0.76
10 26 0.81
10 27 0.81
10 28 0.78
10 29 0.98
10 30 0.74
10 31 0.74
10 32 0.76
10 33 0.8
10 34 0.95
10 35 0.86
10 36 0.82
10 37 0.93
10 38 1.07
10 39 1.11
10 40 1.18
10 41 1.09
10 42 1.22
10 43 1.14
10 44 1.15
10 45 1.18
10 46 1.17
10 47 1.12
10 48 1.12
10 49 1.22
10 50 1.3
10 51 1.24
10 52 1.35
10 53 1.37
10 54 1.44
10 55 1.43
10 56 1.48
10 57 1.38
10 58 1.47
10 59 1.61
10 60 1.74
10 61 1.64
10 62 1.75
10 63 1.49
10 64 1.67
10 65 1.46
10 66 1.56
10 67 1.15
10 68 1.3
10 69 1.18
10 70 1.4
10 71 1.26
10 72 1.28
10 73 1.17
10 74 1.28
10 75 1.42
10 76 1.21
10 77 1.39
10 78 1.31
10 79 1.46
10 80 1.52
10 81 0.57
10 82 0.68
10 83 0.44
10 84 0.53
10 85 0.52
10 86 0.62
10 87 0.65
10 88 0.63
10 89 0.62
10 90 0.54
10 91 0.56
10 92 0.59
10 93 0.67
10 94 0.65
10 95 0.66
10 96 0.64
10 97 0.69
10 98 0.7
10 99 0.83
10 100 0.7
10 101 0.69
10 102 0.77
10 103 0.77
10 104 0.72
10 105 0.71
10 106 0.77
10 107 0.91
10 108 0.41
10 109 0.53
10 110 0.68
10 111 0.68
10 112 0.53
10 113 0.42
10 114 0.54
10 115 0.65
10 116 0.8
10 117 0.5
10 118 0.47
10 119 0.64
10 120 0.75
11 12 0.18
11 13 0.07
11 14 0.08
11 15 0.03
11 16 0.61
11 17 0.61
11 18 0.56
11 19 0.71
11 20 0.7
11 21 0.62
11 22 0.65
11 23 0.69
11 24 0.77
11 25 0.71
11 26 0.69
11 27 0.72
11 28 0.73
11 29 0.9
11 30 0.7
11 31 0.81
11 32 0.81
11 33 0.81
11 34 0.88
11 35 0.78
11 36 0.85
11 37 1.1
11 38 1.02
11 39 1.1
11 40 1.06
11 41 0.96
11 42 1.07
11 43 1.13
11 44 1.16
11 45 1.1
11 46 1.11
11 47 1.16
11 48 1.23
11 49 1.1
11 50 1.16
11 51 1.16
11 52 1.45
11 53 1.41
11 54 1.41
11 55 1.41
11 56 1.65
11 57 1.52
11 58 1.55
11 59 1.33
11 60 1.7
11 61 1.7
11 62 1.39
11 63 1.8
11 64 1.74
11 65 1.47
11 66 1.79
11 67 1.26
11 68 1.29
11 69 1.39
11 70 1.31
11 71 1.35
11 72 1.33
11 73 1.2
11 74 1.27
11 75 1.36
11 76 1.25
11 77 1.47
11 78 1.27
11 79 1.21
11 80 1.33
11 81 0.64
11 82 0.63
11 83 0.44
11 84 0.56
11 85 0.57
11 86 0.68
11 87 0.7
11 88 0.71
11 89 0.62
11 90 0.53
11 91 0.59
11 92 0.68
11 93 0.71
11 94 0.68
11 95 0.76
11 96 0.67
11 97 0.59
11 98 0.77
11 99 0.73
11 100 0.75
11 101 0.75
11 102 0.74
11 103 0.94
11 104 0.79
11 105 0.84
11 106 0.78
11 107 0.91
11 108 0.48
11 109 0.51
11 110 0.68
11 111 0.61
11 112 0.63
11 113 0.45
11 114 0.52
11 115 0.68
11 116 0.75
11 117 0.57
11 118 0.55
11 119 0.65
11 120 0.85
12 13 0.13
12 14 0.13
12 15 0.17
12 16 0.4
12 17 0.38
12 18 0.62
12 19 0.44
12 20 0.45
12 21 0.52
12 22 0.46
12 23 0.53
12 24 0.46
12 25 0.58
12 26 0.53
12 27 0.52
12 28 0.55
12 29 0.67
12 30 0.57
12 31 0.65
12 32 0.55
12 33 0.57
12 34 0.71
12 35 0.65
12 36 0.6
12 37 0.75
12 38 0.81
12 39 0.83
12 40 0.96
12 41 0.87
12 42 0.86
12 43 1.05
12 44 1
12 45 0.95
12 46 0.99
12 47 1.1
12 48 0.96
12 49 0.9
12 50 1.12
12 51 1.18
12 52 1.46
12 53 1.3
12 54 1.19
12 55 1.4
12 56 1.54
12 57 1.32
12 58 1.34
12 59 1.37
12 60 1.5
12 61 1.55
12 62 1.47
12 63 1.4
12 64 1.43
12 65 1.41
12 66 1.69
12 67 1.33
12 68 1.29
12 69 1.15
12 70 1.19
12 71 1.22
12 72 1.27
12 73 1.26
12 74 1.25
12 75 1.24
12 76 1.34
12 77 1.14
12 78 1.22
12 79 1.34
12 80 1.3
12 81 0.72
12 82 0.74
12 83 0.59
12 84 0.64
12 85 0.68
12 86 0.77
12 87 0.73
12 88 0.78
12 89 0.67
12 90 0.71
12 91 0.67
12 92 0.68
12 93 0.8
12 94 0.74
12 95 0.78
12 96 0.72
12 97 0.63
12 98 0.75
12 99 0.85
12 100 0.86
12 101 0.77
12 102 0.8
12 103 0.89
12 104 0.85
12 105 0.87
12 106 0.93
12 107 0.96
12 108 0.57
12 109 0.54
12 110 0.78
12 111 0.69
12 112 0.67
12 113 0.6
12 114 0.6
12 115 0.68
12 116 0.93
12 117 0.68
12 118 0.57
12 119 0.92
12 120 0.98
13 14 0.03
13 15 0.08
13 16 0.53
13 17 0.49
13 18 0.53
13 19 0.56
13 20 0.6
13 21 0.56
13 22 0.64
13 23 0.56
13 24 0.56
13 25 0.63
13 26 0.6
13 27 0.77
13 28 0.66
13 29 0.85
13 30 0.67
13 31 0.71
13 32 0.66
13 33 0.73
13 34 0.77
13 35 0.67
13 36 0.67
13 37 0.95
13 38 0.91
13 39 0.99
13 40 1.02
13 41 1.04
13 42 1.07
13 43 1.09
13 44 1.03
13 45 1.09
13 46 1.09
13 47 0.99
13 48 1.12
13 49 1.09
13 50 1.16
13 51 1.15
13 52 1.44
13 53 1.38
13 54 1.45
13 55 1.65
13 56 1.33
13 57 1.56
13 58 1.55
13 59 1.37
13 60 1.56
13 61 1.53
13 62 1.42
13 63 1.56
13 64 1.43
13 65 1.48
13 66 1.66
13 67 1.17
13 68 1.15
13 69 1.31
13 70 1.25
13 71 1.45
13 72 1.27
13 73 1.2
13 74 1.19
13 75 1.45
13 76 1.34
13 77 1.36
13 78 1.23
13 79 1.48
13 80 1.53
13 81 0.68
13 82 0.77
13 83 0.49
13 84 0.63
13 85 0.69
13 86 0.67
13 87 0.69
13 88 0.69
13 89 0.59
13 90 0.62
13 91 0.7
13 92 0.71
13 93 0.74
13 94 0.64
13 95 0.76
13 96 0.76
13 97 0.7
13 98 0.79
13 99 0.79
13 100 0.76
13 101 0.81
13 102 0.77
13 103 0.81
13 104 0.77
13 105 0.89
13 106 0.85
13 107 0.85
13 108 0.44
13 109 0.49
13 110 0.75
13 111 0.7
13 112 0.67
13 113 0.52
13 114 0.54
13 115 0.72
13 116 0.85
13 117 0.66
13 118 0.55
13 119 0.88
13 120 0.99
14 15 0.05
14 16 0.5
14 17 0.51
14 18 0.62
14 19 0.58
14 20 0.6
14 21 0.6
14 22 0.62
14 23 0.55
14 24 0.69
14 25 0.65
14 26 0.67
14 27 0.69
14 28 0.71
14 29 0.79
14 30 0.71
14 31 0.72
14 32 0.69
14 33 0.77
14 34 0.78
14 35 0.81
14 36 0.72
14 37 0.88
14 38 1.08
14 39 0.95
14 40 1.11
14 41 0.96
14 42 1.04
14 43 1.25
14 44 1.01
14 45 1.27
14 46 1.1
14 47 1.11
14 48 1.11
14 49 1.23
14 50 1.24
14 51 1.14
14 52 1.46
14 53 1.36
14 54 1.56
14 55 1.51
14 56 1.46
14 57 1.6
14 58 1.39
14 59 1.34
14 60 1.48
14 61 1.43
14 62 1.62
14 63 1.88
14 64 1.66
14 65 1.4
14 66 1.75
14 67 1.3
14 68 1.23
14 69 1.48
14 70 1.43
14 71 1.38
14 72 1.36
14 73 1.17
14 74 1.46
14 75 1.28
14 76 1.25
14 77 1.43
14 78 1.38
14 79 1.28
14 80 1.4
14 81 0.7
14 82 0.76
14 83 0.5
14 84 0.67
14 85 0.7
14 86 0.8
14 87 0.69
14 88 0.73
14 89 0.63
14 90 0.57
14 91 0.65
14 92 0.75
14 93 0.7
14 94 0.7
14 95 0.73
14 96 0.73
14 97 0.73
14 98 0.9
14 99 0.84
14 100 0.79
14 101 0.86
14 102 0.76
14 103 0.87
14 104 0.86
14 105 0.81
14 106 0.92
14 107 0.89
14 108 0.48
14 109 0.52
14 110 0.84
14 111 0.72
14 112 0.65
14 113 0.58
14 114 0.56
14 115 0.69
14 116 0.73
14 117 0.6
14 118 0.54
14 119 0.79
14 120 0.83
15 16 0.56
15 17 0.59
15 18 0.53
15 19 0.62
15 20 0.74
15 21 0.66
15 22 0.63
15 23 0.63
15 24 0.76
15 25 0.63
15 26 0.78
15 27 0.74
15 28 0.79
15 29 0.9
15 30 0.8
15 31 0.77
15 32 0.74
15 33 0.77
15 34 0.72
15 35 0.75
15 36 0.79
15 37 1.03
15 38 0.91
15 39 1.17
15 40 1.14
15 41 1.12
15 42 1.1
15 43 1.11
15 44 1.19
15 45 1.14
15 46 1.12
15 47 1.22
15 48 1.13
15 49 1.02
15 50 1.21
15 51 1.39
15 52 1.47
15 53 1.5
15 54 1.36
15 55 1.45
15 56 1.56
15 57 1.43
15 58 1.68
15 59 1.55
15 60 1.72
15 61 1.65
15 62 1.51
15 63 1.47
15 64 1.6
15 65 1.59
15 66 1.58
15 67 1.25
15 68 1.16
15 69 1.4
15 70 1.45
15 71 1.48
15 72 1.3
15 73 1.3
15 74 1.38
15 75 1.6
15 76 1.37
15 77 1.25
15 78 1.43
15 79 1.34
15 80 1.41
15 81 0.64
15 82 0.7
15 83 0.57
15 84 0.55
15 85 0.71
15 86 0.67
15 87 0.67
15 88 0.76
15 89 0.68
15 90 0.64
15 91 0.64
15 92 0.78
15 93 0.79
15 94 0.77
15 95 0.73
15 96 0.77
15 97 0.71
15 98 0.91
15 99 0.82
15 100 0.83
15 101 0.74
15 102 0.79
15 103 0.83
15 104 0.95
15 105 0.86
15 106 0.84
15 107 0.83
15 108 0.48
15 109 0.56
15 110 0.78
15 111 0.77
15 112 0.6
15 113 0.51
15 114 0.53
15 115 0.65
15 116 0.74
15 117 0.58
15 118 0.54
15 119 0.81
15 120 0.92
16 17 0.03
16 18 0.88
16 19 0.05
16 20 0.07
16 21 0.13
16 22 0.09
16 23 0.1
16 24 0.1
16 25 0.09
16 26 0.12
16 27 0.16
16 28 0.15
16 29 0.32
16 30 0.16
16 31 0.19
16 32 0.17
16 33 0.2
16 34 0.24
16 35 0.21
16 36 0.23
16 37 0.62
16 38 0.67
16 39 0.65
16 40 0.72
16 41 0.61
16 42 0.65
16 43 0.7
16 44 0.71
16 45 0.72
16 46 0.7
16 47 0.65
16 48 0.73
16 49 0.65
16 50 0.72
16 51 0.88
16 52 1.13
16 53 1.38
16 54 1.22
16 55 1.18
16 56 1.28
16 57 1.18
16 58 1.39
16 59 1.09
16 60 1.37
16 61 1.44
16 62 1.32
16 63 1.52
16 64 1.45
16 65 1.13
16 66 1.44
16 67 1.32
16 68 1.22
16 69 1.35
16 70 1.34
16 71 1.38
16 72 1.52
16 73 1.2
16 74 1.24
16 75 1.41
16 76 1.36
16 77 1.21
16 78 1.3
16 79 1.44
16 80 1.25
16 81 1.21
16 82 1.17
16 83 1.05
16 84 1.08
16 85 0.97
16 86 1
16 87 1.06
16 88 1.08
16 89 0.99
16 90 1.06
16 91 1.08
16 92 0.98
16 93 0.99
16 94 1.01
16 95 1.09
16 96 0.99
16 97 0.95
16 98 1.08
16 99 1.1
16 100 1.17
16 101 1.09
16 102 1.12
16 103 1.19
16 104 1.23
16 105 1.07
16 106 1.19
16 107 1.2
16 108 0.83
16 109 0.81
16 110 0.92
16 111 1.15
16 112 0.99
16 113 0.88
16 114 0.84
16 115 0.87
16 116 1.09
16 117 0.96
16 118 0.93
16 119 1.21
16 120 1.26
17 18 0.99
17 19 0.07
17 20 0.05
17 21 0.09
17 22 0.12
17 23 0.08
17 24 0.11
17 25 0.12
17 26 0.11
17 27 0.16
17 28 0.14
17 29 0.31
17 30 0.2
17 31 0.18
17 32 0.19
17 33 0.24
17 34 0.24
17 35 0.19
17 36 0.22
17 37 0.54
17 38 0.58
17 39 0.62
17 40 0.76
17 41 0.61
17 42 0.65
17 43 0.83
17 44 0.69
17 45 0.83
17 46 0.58
17 47 0.74
17 48 0.68
17 49 0.71
17 50 0.77
17 51 0.81
17 52 1.04
17 53 1.24
17 54 1.22
17 55 1.32
17 56 1.25
17 57 1.26
17 58 1.17
17 59 1.08
17 60 1.41
17 61 1.28
17 62 1.21
17 63 1.3
17 64 1.14
17 65 1.12
17 66 1.51
17 67 1.45
17 68 1.19
17 69 1.44
17 70 1.36
17 71 1.36
17 72 1.4
17 73 1.32
17 74 1.31
17 75 1.42
17 76 1.3
17 77 1.2
17 78 1.35
17 79 1.32
17 80 1.49
17 81 1.09
17 82 1.04
17 83 0.86
17 84 0.96
17 85 1.04
17 86 1.12
17 87 1.17
17 88 1.19
17 89 0.96
17 90 1.09
17 91 0.89
17 92 0.95
17 93 1
17 94 0.92
17 95 1.1
17 96 1.07
17 97 1.06
17 98 1.02
17 99 1.01
17 100 1.04
17 101 1.14
17 102 1.19
17 103 1.06
17 104 1.09
17 105 1.12
17 106 1.1
17 107 1.12
17 108 0.77
17 109 0.86
17 110 1.06
17 111 1.02
17 112 0.99
17 113 0.99
17 114 0.89
17 115 0.84
17 116 0.97
17 117 0.92
17 118 0.85
17 119 1.21
17 120 1.27
18 19 0.85
18 20 0.97
18 21 0.97
18 22 1.11
18 23 0.89
18 24 0.94
18 25 1.04
18 26 0.9
18 27 1.08
18 28 1.11
18 29 1.04
18 30 1.04
18 31 0.99
18 32 0.99
18 33 1.13
18 34 1.07
18 35 0.99
18 36 1.24
18 37 0.94
18 38 1.01
18 39 1.01
18 40 1.03
18 41 1
18 42 1.07
18 43 1.11
18 44 1.02
18 45 1.19
18 46 1.14
18 47 1.03
18 48 1.1
18 49 1.28
18 50 1.11
18 51 1.28
18 52 1.11
18 53 1.17
18 54 1.2
18 55 1.17
18 56 1.39
18 57 1.31
18 58 1.23
18 59 1.26
18 60 1.27
18 61 1.36
18 62 1.33
18 63 1.28
18 64 1.35
18 65 1.22
18 66 1.52
18 67 0.69
18 68 0.87
18 69 0.75
18 70 0.86
18 71 0.88
18 72 0.98
18 73 0.79
18 74 0.92
18 75 1.02
18 76 0.79
18 77 0.84
18 78 0.97
18 79 0.91
18 80 1.02
18 81 0.24
18 82 0.22
18 83 0.13
18 84 0.11
18 85 0.12
18 86 0.17
18 87 0.16
18 88 0.22
18 89 0.1
18 90 0.07
18 91 0.08
18 92 0.14
18 93 0.14
18 94 0.13
18 95 0.2
18 96 0.17
18 97 0.14
18 98 0.3
18 99 0.26
18 100 0.23
18 101 0.23
18 102 0.25
18 103 0.3
18 104 0.29
18 105 0.29
18 106 0.28
18 107 0.29
18 108 0.08
18 109 0.14
18 110 0.26
18 111 0.2
18 112 0.14
18 113 0.12
18 114 0.02
18 115 0.2
18 116 0.26
18 117 0.15
18 118 0.02
18 119 0.33
18 120 0.36
19 20 0.07
19 21 0.12
19 22 0.05
19 23 0.06
19 24 0.07
19 25 0.05
19 26 0.1
19 27 0.1
19 28 0.1
19 29 0.26
19 30 0.14
19 31 0.12
19 32 0.16
19 33 0.16
19 34 0.17
19 35 0.15
19 36 0.19
19 37 0.57
19 38 0.67
19 39 0.63
19 40 0.8
19 41 0.67
19 42 0.63
19 43 0.77
19 44 0.6
19 45 0.77
19 46 0.67
19 47 0.68
19 48 0.77
19 49 0.64
19 50 0.72
19 51 0.73
19 52 1.17
19 53 1.34
19 54 1.23
19 55 1.18
19 56 1.35
19 57 1.29
19 58 1.23
19 59 1.24
19 60 1.23
19 61 1.25
19 62 1.19
19 63 1.25
19 64 1.16
19 65 1.15
19 66 1.49
19 67 1.55
19 68 1.21
19 69 1.3
19 70 1.58
19 71 1.27
19 72 1.55
19 73 1.44
19 74 1.27
19 75 1.52
19 76 1.41
19 77 1.4
19 78 1.53
19 79 1.24
19 80 1.36
19 81 1.18
19 82 1.22
19 83 0.95
19 84 1.17
19 85 1.09
19 86 1.16
19 87 1.11
19 88 1.21
19 89 1.01
19 90 1.04
19 91 1.09
19 92 1.06
19 93 1.16
19 94 1.01
19 95 1.18
19 96 1.06
19 97 1.04
19 98 0.98
19 99 1.18
19 100 1.2
19 101 1.18
19 102 1.11
19 103 1.15
19 104 1.11
19 105 1.21
19 106 1.29
19 107 1.17
19 108 0.91
19 109 0.92
19 110 1.05
19 111 1.27
19 112 0.99
19 113 1.01
19 114 0.85
19 115 0.96
19 116 1.03
19 117 1
19 118 0.95
19 119 1.25
19 120 1.39
20 21 0.05
20 22 0.12
20 23 0.04
20 24 0.12
20 25 0.09
20 26 0.05
20 27 0.15
20 28 0.11
20 29 0.22
20 30 0.18
20 31 0.16
20 32 0.13
20 33 0.19
20 34 0.19
20 35 0.15
20 36 0.19
20 37 0.53
20 38 0.61
20 39 0.61
20 40 0.72
20 41 0.57
20 42 0.63
20 43 0.74
20 44 0.58
20 45 0.77
20 46 0.63
20 47 0.63
20 48 0.65
20 49 0.59
20 50 0.72
20 51 0.7
20 52 1.11
20 53 1.2
20 54 1.07
20 55 1.19
20 56 1.39
20 57 1.08
20 58 1.28
20 59 1.09
20 60 1.16
20 61 1.12
20 62 1.11
20 63 1.33
20 64 1.27
20 65 1.14
20 66 1.18
20 67 1.22
20 68 1.29
20 69 1.4
20 70 1.3
20 71 1.37
20 72 1.31
20 73 1.23
20 74 1.24
20 75 1.33
20 76 1.25
20 77 1.32
20 78 1.18
20 79 1.25
20 80 1.32
20 81 1.16
20 82 1.13
20 83 0.97
20 84 0.93
20 85 1
20 86 1.18
20 87 1.08
20 88 1.19
20 89 0.96
20 90 0.9
20 91 1
20 92 1.06
20 93 1.14
20 94 0.97
20 95 1.03
20 96 1.05
20 97 1.01
20 98 0.99
20 99 1.17
20 100 1.19
20 101 1.1
20 102 1.06
20 103 1.17
20 104 1.03
20 105 1.3
20 106 1.08
20 107 1.24
20 108 0.8
20 109 0.92
20 110 1.01
20 111 1.12
20 112 1
20 113 0.95
20 114 0.9
20 115 0.87
20 116 1.01
20 117 1.16
20 118 0.85
20 119 1.38
20 120 1.31
21 22 0.15
21 23 0.07
21 24 0.15
21 25 0.14
21 26 0.06
21 27 0.18
21 28 0.14
21 29 0.21
21 30 0.2
21 31 0.17
21 32 0.14
21 33 0.22
21 34 0.24
21 35 0.15
21 36 0.2
21 37 0.51
21 38 0.51
21 39 0.57
21 40 0.68
21 41 0.53
21 42 0.53
21 43 0.62
21 44 0.55
21 45 0.69
21 46 0.56
21 47 0.62
21 48 0.67
21 49 0.59
21 50 0.68
21 51 0.63
21 52 0.99
21 53 1.13
21 54 1.07
21 55 1.13
21 56 1.34
21 57 1.07
21 58 1.1
21 59 1.17
21 60 1.22
21 61 1.2
21 62 1.05
21 63 1.29
21 64 1.11
21 65 1.16
21 66 1.36
21 67 1.23
21 68 1.22
21 69 1.21
21 70 1.25
21 71 1.27
21 72 1.36
21 73 1.13
21 74 1.24
21 75 1.38
21 76 1.11
21 77 1.16
21 78 1.27
21 79 1.26
21 80 1.32
21 81 1.12
21 82 1.18
21 83 1.08
21 84 0.91
21 85 1.05
21 86 1.11
21 87 1.1
21 88 1.07
21 89 1.09
21 90 1.04
21 91 0.91
21 92 1.06
21 93 1.05
21 94 0.96
21 95 1.07
21 96 1.11
21 97 1.03
21 98 0.94
21 99 1.16
21 100 1.17
21 101 1.16
21 102 1.22
21 103 1.21
21 104 1.07
21 105 1.07
21 106 1.06
21 107 1.08
21 108 0.85
21 109 0.78
21 110 0.88
21 111 1.02
21 112 1
21 113 0.97
21 114 0.92
21 115 0.99
21 116 1.07
21 117 0.95
21 118 0.95
21 119 1.15
21 120 1.25
22 23 0.09
22 24 0.02
22 25 0.04
22 26 0.14
22 27 0.06
22 28 0.1
22 29 0.26
22 30 0.09
22 31 0.1
22 32 0.12
22 33 0.13
22 34 0.14
22 35 0.14
22 36 0.18
22 37 0.66
22 38 0.64
22 39 0.66
22 40 0.84
22 41 0.71
22 42 0.71
22 43 0.74
22 44 0.63
22 45 0.8
22 46 0.7
22 47 0.68
22 48 0.76
22 49 0.72
22 50 0.79
22 51 0.72
22 52 1.31
22 53 1.3
22 54 1.14
22 55 1.25
22 56 1.32
22 57 1.15
22 58 1.32
22 59 1.26
22 60 1.57
22 61 1.31
22 62 1.39
22 63 1.48
22 64 1.21
22 65 1.24
22 66 1.33
22 67 1.55
22 68 1.21
22 69 1.57
22 70 1.42
22 71 1.53
22 72 1.53
22 73 1.33
22 74 1.31
22 75 1.39
22 76 1.45
22 77 1.31
22 78 1.51
22 79 1.44
22 80 1.4
22 81 1.35
22 82 1.21
22 83 0.94
22 84 1.1
22 85 1.09
22 86 1.1
22 87 1.19
22 88 1.14
22 89 1.1
22 90 1.03
22 91 1.18
22 92 1.27
22 93 1.15
22 94 1.29
22 95 1.33
22 96 1.22
22 97 1.11
22 98 1.04
22 99 1.19
22 100 1.17
22 101 1.18
22 102 1.23
22 103 1.35
22 104 1.27
22 105 1.37
22 106 1.36
22 107 1.47
22 108 0.88
22 109 0.98
22 110 1.1
22 111 1.28
22 112 1.16
22 113 1.03
22 114 1.02
22 115 1.17
22 116 1.09
22 117 1.07
22 118 1.01
22 119 1.37
22 120 1.25
23 24 0.09
23 25 0.06
23 26 0.04
23 27 0.11
23 28 0.07
23 29 0.2
23 30 0.15
23 31 0.11
23 32 0.09
23 33 0.18
23 34 0.16
23 35 0.1
23 36 0.15
23 37 0.54
23 38 0.52
23 39 0.55
23 40 0.77
23 41 0.6
23 42 0.66
23 43 0.76
23 44 0.58
23 45 0.68
23 46 0.63
23 47 0.66
23 48 0.77
23 49 0.58
23 50 0.67
23 51 0.73
23 52 1.15
23 53 1.18
23 54 1.15
23 55 1.34
23 56 1.31
23 57 1.2
23 58 1.36
23 59 1.08
23 60 1.35
23 61 1.1
23 62 1.3
23 63 1.36
23 64 1.27
23 65 1.09
23 66 1.21
23 67 1.3
23 68 1.24
23 69 1.27
23 70 1.39
23 71 1.47
23 72 1.29
23 73 1.45
23 74 1.32
23 75 1.26
23 76 1.31
23 77 1.33
23 78 1.26
23 79 1.35
23 80 1.33
23 81 1.14
23 82 1.13
23 83 1
23 84 1.05
23 85 0.97
23 86 1.01
23 87 1.18
23 88 1.2
23 89 0.99
23 90 1.13
23 91 0.98
23 92 1.18
23 93 1.06
23 94 1.01
23 95 1.07
23 96 1.13
23 97 0.96
23 98 1
23 99 1.06
23 100 1.19
23 101 1.24
23 102 1.14
23 103 1.12
23 104 1.12
23 105 1.19
23 106 1.25
23 107 1.13
23 108 0.84
23 109 0.83
23 110 0.99
23 111 1.11
23 112 1.22
23 113 1.11
23 114 1.07
23 115 1.01
23 116 1.09
23 117 1.11
23 118 0.91
23 119 1.19
23 120 1.31
24 25 0.03
24 26 0.13
24 27 0.05
24 28 0.08
24 29 0.27
24 30 0.07
24 31 0.08
24 32 0.14
24 33 0.09
24 34 0.13
24 35 0.13
24 36 0.16
24 37 0.57
24 38 0.66
24 39 0.68
24 40 0.82
24 41 0.69
24 42 0.7
24 43 0.79
24 44 0.68
24 45 0.82
24 46 0.68
24 47 0.72
24 48 0.81
24 49 0.63
24 50 0.79
24 51 0.83
24 52 1.23
24 53 1.26
24 54 1.2
24 55 1.38
24 56 1.41
24 57 1.22
24 58 1.22
24 59 1.28
24 60 1.31
24 61 1.23
24 62 1.33
24 63 1.38
24 64 1.42
24 65 1.44
24 66 1.51
24 67 1.36
24 68 1.26
24 69 1.43
24 70 1.54
24 71 1.54
24 72 1.38
24 73 1.44
24 74 1.32
24 75 1.55
24 76 1.37
24 77 1.44
24 78 1.25
24 79 1.26
24 80 1.46
24 81 1.17
24 82 1.19
24 83 1.14
24 84 1.11
24 85 1.1
24 86 1.24
24 87 1.14
24 88 1.35
24 89 1.18
24 90 1.09
24 91 1.06
24 92 1.26
24 93 1.06
24 94 1.12
24 95 1.3
24 96 1.08
24 97 1.02
24 98 1.07
24 99 1.27
24 100 1.25
24 101 1.11
24 102 1.13
24 103 1.15
24 104 1.16
24 105 1.27
24 106 1.36
24 107 1.39
24 108 0.99
24 109 0.88
24 110 1.02
24 111 1.17
24 112 1.27
24 113 1
24 114 1.05
24 115 1.06
24 116 1.11
24 117 1.08
24 118 0.95
24 119 1.24
24 120 1.51
25 26 0.1
25 27 0.06
25 28 0.06
25 29 0.26
25 30 0.08
25 31 0.09
25 32 0.11
25 33 0.11
25 34 0.12
25 35 0.12
25 36 0.13
25 37 0.54
25 38 0.57
25 39 0.75
25 40 0.78
25 41 0.58
25 42 0.69
25 43 0.71
25 44 0.62
25 45 0.82
25 46 0.57
25 47 0.61
25 48 0.73
25 49 0.62
25 50 0.72
25 51 0.73
25 52 1.23
25 53 1.36
25 54 1.09
25 55 1.33
25 56 1.29
25 57 1.29
25 58 1.28
25 59 1.12
25 60 1.18
25 61 1.36
25 62 1.17
25 63 1.44
25 64 1.24
25 65 1.14
25 66 1.46
25 67 1.46
25 68 1.41
25 69 1.42
25 70 1.48
25 71 1.4
25 72 1.45
25 73 1.25
25 74 1.38
25 75 1.44
25 76 1.31
25 77 1.3
25 78 1.27
25 79 1.37
25 80 1.54
25 81 1.16
25 82 1.21
25 83 1.01
25 84 0.98
25 85 1.21
25 86 1.07
25 87 1.22
25 88 1.39
25 89 1.16
25 90 1.08
25 91 1.14
25 92 1.1
25 93 1.18
25 94 0.98
25 95 1.36
25 96 1.18
25 97 1.15
25 98 1.05
25 99 1.16
25 100 1.19
25 101 1.17
25 102 1.3
25 103 1.15
25 104 1.22
25 105 1.19
25 106 1.28
25 107 1.4
25 108 0.95
25 109 0.81
25 110 1.01
25 111 1.33
25 112 1.26
25 113 1.11
25 114 1.03
25 115 1.07
25 116 1.26
25 117 1.17
25 118 0.9
25 119 1.22
25 120 1.4
26 27 0.12
26 28 0.07
26 29 0.18
26 30 0.15
26 31 0.12
26 32 0.08
26 33 0.19
26 34 0.17
26 35 0.11
26 36 0.14
26 37 0.47
26 38 0.5
26 39 0.57
26 40 0.74
26 41 0.57
26 42 0.6
26 43 0.63
26 44 0.53
26 45 0.67
26 46 0.56
26 47 0.58
26 48 0.65
26 49 0.62
26 50 0.68
26 51 0.73
26 52 1.1
26 53 1.22
26 54 1.01
26 55 1.28
26 56 1.39
26 57 1.19
26 58 1.24
26 59 1.11
26 60 1.39
26 61 1.21
26 62 1.31
26 63 1.31
26 64 1.13
26 65 1.15
26 66 1.37
26 67 1.3
26 68 1.15
26 69 1.48
26 70 1.49
26 71 1.19
26 72 1.46
26 73 1.26
26 74 1.3
26 75 1.2
26 76 1.24
26 77 1.46
26 78 1.18
26 79 1.36
26 80 1.26
26 81 1.14
26 82 1.14
26 83 1.12
26 84 0.95
26 85 1.01
26 86 1.26
26 87 1.22
26 88 1.21
26 89 1.06
26 90 0.96
26 91 0.97
26 92 0.98
26 93 1.14
26 94 1.06
26 95 1.16
26 96 1.1
26 97 0.98
26 98 1.03
26 99 1.07
26 100 1.04
26 101 1.03
26 102 1.19
26 103 1.26
26 104 1.23
26 105 1.36
26 106 1.13
26 107 1.25
26 108 0.83
26 109 0.91
26 110 1
26 111 1.11
26 112 1.1
26 113 0.95
26 114 0.91
26 115 0.9
26 116 1.09
26 117 1.14
26 118 1.02
26 119 1.3
26 120 1.46
27 28 0.06
27 29 0.24
27 30 0.03
27 31 0.05
27 32 0.11
27 33 0.05
27 34 0.09
27 35 0.09
27 36 0.1
27 37 0.57
27 38 0.61
27 39 0.62
27 40 0.78
27 41 0.7
27 42 0.73
27 43 0.8
27 44 0.62
27 45 0.74
27 46 0.6
27 47 0.69
27 48 0.71
27 49 0.64
27 50 0.76
27 51 0.75
27 52 1.16
27 53 1.38
27 54 1.38
27 55 1.27
27 56 1.3
27 57 1.25
27 58 1.49
27 59 1.13
27 60 1.49
27 61 1.33
27 62 1.33
27 63 1.36
27 64 1.36
27 65 1.24
27 66 1.55
27 67 1.43
27 68 1.33
27 69 1.6
27 70 1.56
27 71 1.51
27 72 1.3
27 73 1.41
27 74 1.56
27 75 1.47
27 76 1.46
27 77 1.55
27 78 1.4
27 79 1.53
27 80 1.4
27 81 1.3
27 82 1.28
27 83 1.17
27 84 1.16
27 85 1.19
27 86 1.33
27 87 1.22
27 88 1.28
27 89 1.05
27 90 1.16
27 91 1.1
27 92 1.2
27 93 1.36
27 94 1.07
27 95 1.21
27 96 1.14
27 97 1.2
27 98 1.1
27 99 1.17
27 100 1.31
27 101 1.15
27 102 1.36
27 103 1.23
27 104 1.21
27 105 1.51
27 106 1.26
27 107 1.27
27 108 1.06
27 109 0.89
27 110 1.02
27 111 1.18
27 112 1.09
27 113 1.02
27 114 1.05
27 115 1.16
27 116 1.22
27 117 1.15
27 118 1.03
27 119 1.25
27 120 1.57
28 29 0.17
28 30 0.07
28 31 0.05
28 32 0.05
28 33 0.12
28 34 0.08
28 35 0.05
28 36 0.08
28 37 0.48
28 38 0.56
28 39 0.59
28 40 0.86
28 41 0.55
28 42 0.57
28 43 0.78
28 44 0.57
28 45 0.67
28 46 0.61
28 47 0.67
28 48 0.77
28 49 0.59
28 50 0.71
28 51 0.67
28 52 1.09
28 53 1.29
28 54 1.18
28 55 1.29
28 56 1.32
28 57 1.08
28 58 1.26
28 59 1.1
28 60 1.2
28 61 1.32
28 62 1.28
28 63 1.28
28 64 1.46
28 65 1.21
28 66 1.26
28 67 1.46
28 68 1.21
28 69 1.47
28 70 1.48
28 71 1.43
28 72 1.46
28 73 1.24
28 74 1.29
28 75 1.56
28 76 1.2
28 77 1.3
28 78 1.34
28 79 1.25
28 80 1.47
28 81 1.34
28 82 1.35
28 83 1.01
28 84 1.22
28 85 1.13
28 86 1.19
28 87 1.24
28 88 1.17
28 89 1.06
28 90 1.03
28 91 1.05
28 92 1.19
28 93 1.2
28 94 1.17
28 95 1.16
28 96 1.04
28 97 1.05
28 98 1.06
28 99 1.3
28 100 1.26
28 101 1.27
28 102 1.35
28 103 1.4
28 104 1.37
28 105 1.34
28 106 1.33
28 107 1.16
28 108 0.92
28 109 0.94
28 110 1.07
28 111 1.25
28 112 1.13
28 113 1.22
28 114 0.96
28 115 1.02
28 116 1.21
28 117 1.07
28 118 0.96
28 119 1.29
28 120 1.35
29 30 0.19
29 31 0.17
29 32 0.13
29 33 0.22
29 34 0.19
29 35 0.15
29 36 0.13
29 37 0.4
29 38 0.43
29 39 0.51
29 40 0.65
29 41 0.46
29 42 0.48
29 43 0.66
29 44 0.47
29 45 0.56
29 46 0.43
29 47 0.47
29 48 0.55
29 49 0.4
29 50 0.5
29 51 0.54
29 52 0.99
29 53 0.99
29 54 1.03
29 55 1.14
29 56 1.23
29 57 1.12
29 58 1.08
29 59 0.89
29 60 1.13
29 61 1.1
29 62 1.22
29 63 1.09
29 64 1.19
29 65 1.12
29 66 1.2
29 67 1.27
29 68 1.22
29 69 1.41
29 70 1.43
29 71 1.21
29 72 1.3
29 73 1.16
29 74 1.27
29 75 1.32
29 76 1.23
29 77 1.34
29 78 1.4
29 79 1.41
29 80 1.24
29 81 1.22
29 82 1.35
29 83 1.14
29 84 1.08
29 85 1.23
29 86 1.29
29 87 1.25
29 88 1.29
29 89 1.16
29 90 1.16
29 91 1.28
29 92 1.18
29 93 1.3
29 94 1.31
29 95 1.16
29 96 1.09
29 97 1.02
29 98 1.23
29 99 1.25
29 100 1.22
29 101 1.22
29 102 1.43
29 103 1.33
29 104 1.35
29 105 1.26
29 106 1.26
29 107 1.29
29 108 0.99
29 109 0.97
29 110 1.03
29 111 1.42
29 112 1.11
29 113 1.14
29 114 1.12
29 115 1.11
29 116 1.12
29 117 1.21
29 118 1
29 119 1.33
29 120 1.49
30 31 0.03
30 32 0.1
30 33 0.04
30 34 0.05
30 35 0.08
30 36 0.08
30 37 0.58
30 38 0.7
30 39 0.7
30 40 0.72
30 41 0.67
30 42 0.65
30 43 0.77
30 44 0.65
30 45 0.8
30 46 0.64
30 47 0.62
30 48 0.77
30 49 0.67
30 50 0.78
30 51 0.74
30 52 1.21
30 53 1.28
30 54 1.4
30 55 1.43
30 56 1.37
30 57 1.18
30 58 1.43
30 59 1.32
30 60 1.21
30 61 1.24
30 62 1.34
30 63 1.41
30 64 1.42
30 65 1.24
30 66 1.53
30 67 1.41
30 68 1.41
30 69 1.55
30 70 1.69
30 71 1.53
30 72 1.39
30 73 1.31
30 74 1.52
30 75 1.52
30 76 1.43
30 77 1.34
30 78 1.49
30 79 1.6
30 80 1.42
30 81 1.26
30 82 1.42
30 83 1.1
30 84 1.12
30 85 1.2
30 86 1.36
30 87 1.32
30 88 1.22
30 89 1.06
30 90 1.09
30 91 1.23
30 92 1.12
30 93 1.07
30 94 1.19
30 95 1.37
30 96 1.15
30 97 1.3
30 98 1.09
30 99 1.25
30 100 1.19
30 101 1.25
30 102 1.38
30 103 1.32
30 104 1.37
30 105 1.36
30 106 1.28
30 107 1.4
30 108 0.99
30 109 0.89
30 110 1.28
30 111 1.28
30 112 1.29
30 113 1.2
30 114 1.05
30 115 1.06
30 116 1.28
30 117 1.17
30 118 1.02
30 119 1.46
30 120 1.35
31 32 0.06
31 33 0.07
31 34 0.05
31 35 0.05
31 36 0.06
31 37 0.54
31 38 0.69
31 39 0.62
31 40 0.76
31 41 0.62
31 42 0.74
31 43 0.7
31 44 0.61
31 45 0.79
31 46 0.55
31 47 0.59
31 48 0.75
31 49 0.62
31 50 0.67
31 51 0.76
31 52 1.23
31 53 1.42
31 54 1.35
31 55 1.24
31 56 1.28
31 57 1.29
31 58 1.33
31 59 1.16
31 60 1.28
31 61 1.25
31 62 1.3
31 63 1.36
31 64 1.31
31 65 1.14
31 66 1.3
31 67 1.36
31 68 1.33
31 69 1.38
31 70 1.5
31 71 1.53
31 72 1.34
31 73 1.55
31 74 1.47
31 75 1.5
31 76 1.32
31 77 1.55
31 78 1.34
31 79 1.25
31 80 1.4
31 81 1.33
31 82 1.15
31 83 1.07
31 84 1.16
31 85 1.26
31 86 1.22
31 87 1.19
31 88 1.25
31 89 1.25
31 90 1.04
31 91 1.26
31 92 1.3
31 93 1.14
31 94 1.11
31 95 1.33
31 96 1.2
31 97 1.16
31 98 1.17
31 99 1.26
31 100 1.11
31 101 1.14
31 102 1.25
31 103 1.26
31 104 1.21
31 105 1.16
31 106 1.33
31 107 1.26
31 108 0.97
31 109 0.86
31 110 1.16
31 111 1.29
31 112 1.14
31 113 1.1
31 114 0.93
31 115 1.08
31 116 1.23
31 117 1.24
31 118 1.15
31 119 1.44
31 120 1.49
32 33 0.14
32 34 0.08
32 35 0.02
32 36 0.05
32 37 0.55
32 38 0.52
32 39 0.6
32 40 0.73
32 41 0.56
32 42 0.64
32 43 0.64
32 44 0.6
32 45 0.7
32 46 0.55
32 47 0.57
32 48 0.6
32 49 0.54
32 50 0.66
32 51 0.7
32 52 1.23
32 53 1.11
32 54 1.02
32 55 1.33
32 56 1.31
32 57 1.04
32 58 1.35
32 59 0.99
32 60 1.19
32 61 1.21
32 62 1.2
32 63 1.38
32 64 1.23
32 65 1.19
32 66 1.36
32 67 1.29
32 68 1.26
32 69 1.33
32 70 1.57
32 71 1.34
32 72 1.43
32 73 1.25
32 74 1.44
32 75 1.52
32 76 1.23
32 77 1.28
32 78 1.34
32 79 1.26
32 80 1.27
32 81 1.26
32 82 1.21
32 83 1
32 84 1.1
32 85 1.19
32 86 1.28
32 87 1.19
32 88 1.23
32 89 1.32
32 90 1.02
32 91 1.13
32 92 1.26
32 93 1.15
32 94 1.15
32 95 1.27
32 96 1.17
32 97 1.24
32 98 1.15
32 99 1.34
32 100 1.14
32 101 1.22
32 102 1.29
32 103 1.37
32 104 1.39
32 105 1.24
32 106 1.32
32 107 1.27
32 108 1.05
32 109 0.95
32 110 0.96
32 111 1.18
32 112 1.1
32 113 1.21
32 114 0.96
32 115 1
32 116 1.22
32 117 1.15
32 118 1.05
32 119 1.37
32 120 1.34
33 34 0.07
33 35 0.11
33 36 0.1
33 37 0.62
33 38 0.7
33 39 0.66
33 40 0.88
33 41 0.62
33 42 0.84
33 43 0.89
33 44 0.59
33 45 0.81
33 46 0.69
33 47 0.65
33 48 0.74
33 49 0.66
33 50 0.8
33 51 0.88
33 52 1.27
33 53 1.21
33 54 1.41
33 55 1.26
33 56 1.34
33 57 1.18
33 58 1.37
33 59 1.27
33 60 1.29
33 61 1.34
33 62 1.36
33 63 1.38
33 64 1.37
33 65 1.25
33 66 1.44
33 67 1.34
33 68 1.49
33 69 1.66
33 70 1.57
33 71 1.61
33 72 1.44
33 73 1.54
33 74 1.55
33 75 1.63
33 76 1.46
33 77 1.55
33 78 1.67
33 79 1.44
33 80 1.54
33 81 1.37
33 82 1.48
33 83 1.04
33 84 1.16
33 85 1.36
33 86 1.24
33 87 1.25
33 88 1.26
33 89 1.11
33 90 1.03
33 91 1.32
33 92 1.37
33 93 1.1
33 94 1.22
33 95 1.29
33 96 1.31
33 97 1.17
33 98 1.28
33 99 1.23
33 100 1.28
33 101 1.27
33 102 1.44
33 103 1.34
33 104 1.21
33 105 1.39
33 106 1.42
33 107 1.27
33 108 1.02
33 109 1.03
33 110 1.07
33 111 1.39
33 112 1.3
33 113 1.27
33 114 1.11
33 115 1.15
33 116 1.21
33 117 1.12
33 118 1.07
33 119 1.53
33 120 1.36
34 35 0.05
34 36 0.03
34 37 0.55
34 38 0.64
34 39 0.63
34 40 0.75
34 41 0.56
34 42 0.64
34 43 0.79
34 44 0.63
34 45 0.75
34 46 0.66
34 47 0.73
34 48 0.67
34 49 0.57
34 50 0.74
34 51 0.7
34 52 1.22
34 53 1.15
34 54 1.25
34 55 1.31
34 56 1.51
34 57 1.1
34 58 1.36
34 59 1.07
34 60 1.42
34 61 1.2
34 62 1.24
34 63 1.26
34 64 1.19
34 65 1.33
34 66 1.4
34 67 1.64
34 68 1.31
34 69 1.44
34 70 1.46
34 71 1.45
34 72 1.56
34 73 1.44
34 74 1.48
34 75 1.51
34 76 1.46
34 77 1.48
34 78 1.45
34 79 1.46
34 80 1.55
34 81 1.28
34 82 1.39
34 83 1.27
34 84 1.1
34 85 1.16
34 86 1.4
34 87 1.32
34 88 1.4
34 89 1.32
34 90 1.17
34 91 1.26
34 92 1.32
34 93 1.17
34 94 1.11
34 95 1.33
34 96 1.12
34 97 1.2
34 98 1.18
34 99 1.27
34 100 1.26
34 101 1.31
34 102 1.27
34 103 1.34
34 104 1.32
34 105 1.38
34 106 1.34
34 107 1.38
34 108 1.05
34 109 0.94
34 110 1.02
34 111 1.33
34 112 1.15
34 113 1.21
34 114 1.16
34 115 1.14
34 116 1.34
34 117 1.22
34 118 1.11
34 119 1.51
34 120 1.55
35 36 0.03
35 37 0.53
35 38 0.54
35 39 0.64
35 40 0.74
35 41 0.62
35 42 0.64
35 43 0.72
35 44 0.55
35 45 0.65
35 46 0.63
35 47 0.55
35 48 0.68
35 49 0.56
35 50 0.69
35 51 0.71
35 52 1.12
35 53 1.25
35 54 1.19
35 55 1.19
35 56 1.23
35 57 1.24
35 58 1.15
35 59 1.15
35 60 1.28
35 61 1.23
35 62 1.15
35 63 1.29
35 64 1.26
35 65 1.22
35 66 1.34
35 67 1.35
35 68 1.38
35 69 1.62
35 70 1.52
35 71 1.31
35 72 1.44
35 73 1.39
35 74 1.46
35 75 1.57
35 76 1.26
35 77 1.34
35 78 1.5
35 79 1.24
35 80 1.27
35 81 1.2
35 82 1.31
35 83 1.16
35 84 1.13
35 85 1.32
35 86 1.3
35 87 1.28
35 88 1.39
35 89 1.19
35 90 1.07
35 91 1.2
35 92 1.09
35 93 1.08
35 94 1.1
35 95 1.44
35 96 1.34
35 97 1.17
35 98 1.32
35 99 1.32
35 100 1.24
35 101 1.32
35 102 1.19
35 103 1.3
35 104 1.18
35 105 1.42
35 106 1.43
35 107 1.38
35 108 1.05
35 109 0.99
35 110 1.11
35 111 1.23
35 112 1.23
35 113 1.1
35 114 1.03
35 115 1.02
35 116 1.27
35 117 1.13
35 118 1.11
35 119 1.29
35 120 1.29
36 37 0.54
36 38 0.61
36 39 0.62
36 40 0.81
36 41 0.6
36 42 0.61
36 43 0.71
36 44 0.58
36 45 0.76
36 46 0.56
36 47 0.6
36 48 0.73
36 49 0.53
36 50 0.72
36 51 0.72
36 52 1.08
36 53 1.17
36 54 1.35
36 55 1.11
36 56 1.38
36 57 1.19
36 58 1.32
36 59 1.2
36 60 1.21
36 61 1.2
36 62 1.13
36 63 1.23
36 64 1.21
36 65 1.09
36 66 1.3
36 67 1.46
36 68 1.21
36 69 1.5
36 70 1.48
36 71 1.51
36 72 1.47
36 73 1.58
36 74 1.45
36 75 1.51
36 76 1.29
36 77 1.31
36 78 1.35
36 79 1.23
36 80 1.37
36 81 1.33
36 82 1.31
36 83 1.1
36 84 1.29
36 85 1.3
36 86 1.18
36 87 1.17
36 88 1.25
36 89 1.13
36 90 1.21
36 91 1.28
36 92 1.11
36 93 1.31
36 94 1.32
36 95 1.41
36 96 1.13
36 97 1.1
36 98 1.33
36 99 1.24
36 100 1.16
36 101 1.26
36 102 1.26
36 103 1.27
36 104 1.4
36 105 1.25
36 106 1.46
36 107 1.41
36 108 1.02
36 109 1.05
36 110 1.17
36 111 1.21
36 112 1.17
36 113 1.15
36 114 1.18
36 115 1.02
36 116 1.12
36 117 1.14
36 118 1.03
36 119 1.26
36 120 1.38
37 38 0.04
37 39 0.08
37 40 0.2
37 41 0.05
37 42 0.09
37 43 0.17
37 44 0.09
37 45 0.21
37 46 0.12
37 47 0.15
37 48 0.17
37 49 0.15
37 50 0.22
37 51 0.27
37 52 0.67
37 53 0.71
37 54 0.57
37 55 0.75
37 56 0.77
37 57 0.6
37 58 0.66
37 59 0.57
37 60 0.78
37 61 0.63
37 62 0.63
37 63 0.74
37 64 0.8
37 65 0.61
37 66 0.75
37 67 1.09
37 68 0.85
37 69 1
37 70 1.21
37 71 1.08
37 72 0.94
37 73 0.85
37 74 0.98
37 75 0.93
37 76 0.89
37 77 0.85
37 78 0.82
37 79 0.92
37 80 0.92
37 81 1.07
37 82 1.2
37 83 1.09
37 84 1.02
37 85 1.16
37 86 1.17
37 87 1.19
37 88 1.3
37 89 1.05
37 90 0.99
37 91 0.99
37 92 1.09
37 93 1.1
37 94 1.01
37 95 1.1
37 96 1.12
37 97 0.87
37 98 0.96
37 99 1.09
37 100 1.04
37 101 1.08
37 102 1.07
37 103 1.18
37 104 1.17
37 105 1.08
37 106 1.07
37 107 1.16
37 108 0.89
37 109 0.79
37 110 0.85
37 111 1.14
37 112 1.23
37 113 1.15
37 114 1.06
37 115 1
37 116 0.95
37 117 1.16
37 118 0.87
37 119 1.22
37 120 1.33
38 39 0.03
38 40 0.16
38 41 0.05
38 42 0.06
38 43 0.14
38 44 0.11
38 45 0.17
38 46 0.13
38 47 0.12
38 48 0.15
38 49 0.17
38 50 0.2
38 51 0.2
38 52 0.61
38 53 0.6
38 54 0.58
38 55 0.59
38 56 0.73
38 57 0.57
38 58 0.61
38 59 0.58
38 60 0.73
38 61 0.6
38 62 0.65
38 63 0.77
38 64 0.69
38 65 0.6
38 66 0.77
38 67 1.04
38 68 0.84
38 69 1.08
38 70 1.13
38 71 0.97
38 72 0.91
38 73 0.92
38 74 0.87
38 75 1.01
38 76 0.87
38 77 0.86
38 78 0.88
38 79 0.86
38 80 0.91
38 81 1.15
38 82 1.12
38 83 1.17
38 84 1.12
38 85 1.12
38 86 1.27
38 87 1.23
38 88 1.11
38 89 1.11
38 90 0.99
38 91 1.14
38 92 1.01
38 93 1.09
38 94 0.94
38 95 1.01
38 96 0.96
38 97 0.87
38 98 0.85
38 99 1.08
38 100 0.9
38 101 1.11
38 102 1.18
38 103 1.05
38 104 1.16
38 105 1.22
38 106 1.09
38 107 1.1
38 108 0.9
38 109 0.86
38 110 0.9
38 111 1.19
38 112 1.18
38 113 1.14
38 114 1.09
38 115 0.94
38 116 0.88
38 117 1.17
38 118 0.94
38 119 1.22
38 120 1.24
39 40 0.15
39 41 0.07
39 42 0.05
39 43 0.11
39 44 0.11
39 45 0.13
39 46 0.14
39 47 0.13
39 48 0.13
39 49 0.18
39 50 0.19
39 51 0.21
39 52 0.59
39 53 0.6
39 54 0.55
39 55 0.64
39 56 0.7
39 57 0.61
39 58 0.72
39 59 0.46
39 60 0.61
39 61 0.56
39 62 0.67
39 63 0.69
39 64 0.67
39 65 0.58
39 66 0.79
39 67 1.01
39 68 0.85
39 69 1.06
39 70 1.03
39 71 0.98
39 72 1.03
39 73 0.94
39 74 0.83
39 75 0.92
39 76 0.9
39 77 0.87
39 78 0.87
39 79 0.84
39 80 0.78
39 81 1.23
39 82 1.11
39 83 1.08
39 84 1.04
39 85 0.99
39 86 1.2
39 87 1.06
39 88 1.07
39 89 1.01
39 90 0.91
39 91 1.03
39 92 1.03
39 93 1.09
39 94 1.09
39 95 1.12
39 96 1.1
39 97 0.93
39 98 0.8
39 99 0.98
39 100 1.12
39 101 1.17
39 102 1.06
39 103 1.07
39 104 1.06
39 105 1.13
39 106 1.12
39 107 1.06
39 108 0.99
39 109 0.89
39 110 0.81
39 111 1.14
39 112 1.22
39 113 1.14
39 114 1.02
39 115 0.84
39 116 1.07
39 117 1.04
39 118 0.94
39 119 1.22
39 120 1.28
40 41 0.21
40 42 0.15
40 43 0.07
40 44 0.24
40 45 0.14
40 46 0.27
40 47 0.24
40 48 0.17
40 49 0.26
40 50 0.25
40 51 0.23
40 52 0.39
40 53 0.44
40 54 0.43
40 55 0.47
40 56 0.49
40 57 0.39
40 58 0.47
40 59 0.37
40 60 0.46
40 61 0.5
40 62 0.49
40 63 0.6
40 64 0.52
40 65 0.43
40 66 0.64
40 67 0.92
40 68 0.67
40 69 0.91
40 70 0.89
40 71 0.89
40 72 0.88
40 73 0.75
40 74 0.9
40 75 0.81
40 76 0.75
40 77 0.7
40 78 0.83
40 79 0.73
40 80 0.75
40 81 1.31
40 82 1.22
40 83 1.21
40 84 1.26
40 85 1.07
40 86 1.14
40 87 1.23
40 88 1.11
40 89 1.05
40 90 1.03
40 91 1.12
40 92 1.1
40 93 1.18
40 94 1.01
40 95 1.05
40 96 1.01
40 97 0.92
40 98 0.91
40 99 0.96
40 100 1.06
40 101 1.09
40 102 1.1
40 103 1.08
40 104 1.12
40 105 1.09
40 106 1.21
40 107 1.09
40 108 0.92
40 109 0.79
40 110 0.85
40 111 1.16
40 112 1.11
40 113 1.13
40 114 0.89
40 115 0.91
40 116 0.93
40 117 1.14
40 118 0.95
40 119 1.18
40 120 1.24
41 42 0.05
41 43 0.14
41 44 0.05
41 45 0.15
41 46 0.08
41 47 0.08
41 48 0.12
41 49 0.11
41 50 0.15
41 51 0.2
41 52 0.63
41 53 0.68
41 54 0.57
41 55 0.71
41 56 0.7
41 57 0.58
41 58 0.63
41 59 0.58
41 60 0.72
41 61 0.64
41 62 0.64
41 63 0.73
41 64 0.62
41 65 0.58
41 66 0.7
41 67 1
41 68 0.91
41 69 1.06
41 70 1.17
41 71 1.06
41 72 1
41 73 0.98
41 74 1.02
41 75 0.94
41 76 0.9
41 77 1.04
41 78 1.08
41 79 0.89
41 80 0.87
41 81 1.39
41 82 1.12
41 83 1.14
41 84 1.2
41 85 1.19
41 86 1.18
41 87 1.14
41 88 1.32
41 89 1.13
41 90 1.01
41 91 1.11
41 92 1.23
41 93 1.21
41 94 1.02
41 95 1.16
41 96 1.24
41 97 1.05
41 98 1.03
41 99 1.11
41 100 1.24
41 101 1.2
41 102 1.29
41 103 1.13
41 104 1.09
41 105 1.09
41 106 1.29
41 107 1.08
41 108 0.93
41 109 0.92
41 110 1
41 111 1.28
41 112 1.16
41 113 1.26
41 114 1
41 115 1
41 116 0.99
41 117 1.09
41 118 1.07
41 119 1.33
41 120 1.45
42 43 0.1
42 44 0.07
42 45 0.1
42 46 0.1
42 47 0.08
42 48 0.08
42 49 0.13
42 50 0.17
42 51 0.16
42 52 0.5
42 53 0.57
42 54 0.51
42 55 0.56
42 56 0.69
42 57 0.58
42 58 0.69
42 59 0.44
42 60 0.69
42 61 0.55
42 62 0.61
42 63 0.6
42 64 0.67
42 65 0.54
42 66 0.67
42 67 0.9
42 68 0.8
42 69 1.16
42 70 1.11
42 71 0.92
42 72 1.04
42 73 0.99
42 74 1.06
42 75 0.87
42 76 0.96
42 77 0.81
42 78 0.95
42 79 0.85
42 80 0.88
42 81 1.22
42 82 1.24
42 83 1.19
42 84 1.08
42 85 1.13
42 86 1.15
42 87 1.1
42 88 1.41
42 89 1.06
42 90 1.06
42 91 1.17
42 92 1.07
42 93 1.06
42 94 1.01
42 95 1.09
42 96 1.1
42 97 1.11
42 98 0.94
42 99 1.14
42 100 1.07
42 101 1.23
42 102 1.18
42 103 1.01
42 104 1.18
42 105 1.26
42 106 1.18
42 107 1.1
42 108 1.05
42 109 0.8
42 110 0.95
42 111 1.16
42 112 1.29
42 113 1.1
42 114 1.02
42 115 0.9
42 116 1.08
42 117 1.06
42 118 1.03
42 119 1.42
42 120 1.42
43 44 0.16
43 45 0.05
43 46 0.17
43 47 0.15
43 48 0.09
43 49 0.17
43 50 0.18
43 51 0.16
43 52 0.44
43 53 0.52
43 54 0.49
43 55 0.49
43 56 0.65
43 57 0.41
43 58 0.54
43 59 0.42
43 60 0.53
43 61 0.48
43 62 0.49
43 63 0.57
43 64 0.54
43 65 0.46
43 66 0.65
43 67 0.87
43 68 0.81
43 69 1.02
43 70 0.99
43 71 0.84
43 72 0.83
43 73 0.84
43 74 0.93
43 75 0.92
43 76 0.9
43 77 0.73
43 78 0.81
43 79 0.8
43 80 0.78
43 81 1.3
43 82 1.14
43 83 1.18
43 84 1.28
43 85 1.08
43 86 1.31
43 87 1.09
43 88 1.21
43 89 1.15
43 90 1.02
43 91 1.04
43 92 1.12
43 93 1.04
43 94 1.06
43 95 1.09
43 96 1.2
43 97 0.98
43 98 0.95
43 99 1.15
43 100 1.03
43 101 1.09
43 102 1.21
43 103 1.23
43 104 1.01
43 105 1.16
43 106 1.11
43 107 1.26
43 108 1.18
43 109 0.87
43 110 0.87
43 111 1.2
43 112 1.26
43 113 1.15
43 114 1.03
43 115 0.92
43 116 1.13
43 117 1.1
43 118 1.1
43 119 1.31
43 120 1.43
44 45 0.15
44 46 0.04
44 47 0.04
44 48 0.1
44 49 0.06
44 50 0.13
44 51 0.18
44 52 0.6
44 53 0.65
44 54 0.66
44 55 0.74
44 56 0.7
44 57 0.62
44 58 0.79
44 59 0.63
44 60 0.67
44 61 0.63
44 62 0.67
44 63 0.75
44 64 0.73
44 65 0.56
44 66 0.76
44 67 1.16
44 68 0.82
44 69 1.12
44 70 1.04
44 71 0.91
44 72 1.12
44 73 1.07
44 74 0.96
44 75 1
44 76 0.9
44 77 1
44 78 0.98
44 79 0.87
44 80 0.94
44 81 1.24
44 82 1.39
44 83 1.24
44 84 1.25
44 85 1.18
44 86 1.19
44 87 1.2
44 88 1.27
44 89 1.21
44 90 1.17
44 91 1.17
44 92 1.13
44 93 1.16
44 94 1.13
44 95 1.16
44 96 1.23
44 97 0.97
44 98 1.08
44 99 1.29
44 100 1.15
44 101 1.16
44 102 1.21
44 103 1.08
44 104 1.2
44 105 1.33
44 106 1.14
44 107 1.25
44 108 1.14
44 109 0.98
44 110 1.07
44 111 1.15
44 112 1.15
44 113 1.19
44 114 1.13
44 115 1.07
44 116 1.18
44 117 1.17
44 118 1.05
44 119 1.51
44 120 1.29
45 46 0.16
45 47 0.14
45 48 0.07
45 49 0.18
45 50 0.15
45 51 0.12
45 52 0.44
45 53 0.47
45 54 0.43
45 55 0.5
45 56 0.66
45 57 0.48
45 58 0.55
45 59 0.42
45 60 0.51
45 61 0.44
45 62 0.56
45 63 0.54
45 64 0.52
45 65 0.44
45 66 0.62
45 67 0.95
45 68 0.75
45 69 1.02
45 70 1.13
45 71 0.88
45 72 0.86
45 73 0.8
45 74 0.9
45 75 1.02
45 76 0.82
45 77 0.93
45 78 0.9
45 79 0.79
45 80 0.79
45 81 1.32
45 82 1.39
45 83 1.23
45 84 1.29
45 85 1.34
45 86 1.17
45 87 1.18
45 88 1.37
45 89 1.09
45 90 1.23
45 91 1.15
45 92 1.09
45 93 1.29
45 94 1.18
45 95 1.18
45 96 1.03
45 97 1.12
45 98 1.03
45 99 1.15
45 100 1.04
45 101 1.12
45 102 1.23
45 103 1.11
45 104 1.27
45 105 1.13
45 106 1.31
45 107 1.24
45 108 1.01
45 109 0.94
45 110 1.06
45 111 1.32
45 112 1.3
45 113 1.26
45 114 1.04
45 115 0.94
45 116 1.06
45 117 1.29
45 118 1.09
45 119 1.36
45 120 1.34
46 47 0.03
46 48 0.09
46 49 0.03
46 50 0.1
46 51 0.14
46 52 0.64
46 53 0.77
46 54 0.65
46 55 0.76
46 56 0.78
46 57 0.6
46 58 0.7
46 59 0.51
46 60 0.67
46 61 0.64
46 62 0.68
46 63 0.79
46 64 0.73
46 65 0.57
46 66 0.74
46 67 1.17
46 68 0.98
46 69 1.19
46 70 1.21
46 71 1.04
46 72 1.06
46 73 1.04
46 74 0.98
46 75 1.1
46 76 1.03
46 77 1.06
46 78 1.06
46 79 0.91
46 80 1.05
46 81 1.37
46 82 1.24
46 83 1.3
46 84 1.36
46 85 1.21
46 86 1.29
46 87 1.2
46 88 1.19
46 89 1.24
46 90 1.28
46 91 1.27
46 92 1.22
46 93 1.13
46 94 1.13
46 95 1.16
46 96 1.27
46 97 1.09
46 98 1.01
46 99 1.17
46 100 1.11
46 101 1.28
46 102 1.32
46 103 1.24
46 104 1.14
46 105 1.19
46 106 1.4
46 107 1.33
46 108 1.09
46 109 0.88
46 110 1.04
46 111 1.4
46 112 1.21
46 113 1.28
46 114 1.07
46 115 1.05
46 116 1.17
46 117 1.3
46 118 1.07
46 119 1.44
46 120 1.41
47 48 0.06
47 49 0.04
47 50 0.08
47 51 0.13
47 52 0.69
47 53 0.68
47 54 0.54
47 55 0.72
47 56 0.74
47 57 0.6
47 58 0.75
47 59 0.53
47 60 0.79
47 61 0.63
47 62 0.58
47 63 0.7
47 64 0.68
47 65 0.53
47 66 0.71
47 67 1.12
47 68 0.87
47 69 1.25
47 70 1.13
47 71 1.08
47 72 0.98
47 73 0.93
47 74 1.03
47 75 0.97
47 76 1.09
47 77 1.04
47 78 1.08
47 79 1
47 80 0.92
47 81 1.31
47 82 1.41
47 83 1.32
47 84 1.26
47 85 1.2
47 86 1.45
47 87 1.31
47 88 1.26
47 89 1.14
47 90 1.07
47 91 1.21
47 92 1.19
47 93 1.3
47 94 1.14
47 95 1.26
47 96 1.08
47 97 1.16
47 98 1.08
47 99 1.12
47 100 1.19
47 101 1.09
47 102 1.11
47 103 1.12
47 104 1.13
47 105 1.43
47 106 1.28
47 107 1.27
47 108 1.11
47 109 0.99
47 110 1.12
47 111 1.34
47 112 1.32
47 113 1.35
47 114 1.18
47 115 0.97
47 116 0.98
47 117 1.3
47 118 1.09
47 119 1.3
47 120 1.59
48 49 0.11
48 50 0.08
48 51 0.08
48 52 0.5
48 53 0.52
48 54 0.57
48 55 0.58
48 56 0.65
48 57 0.48
48 58 0.58
48 59 0.46
48 60 0.69
48 61 0.48
48 62 0.54
48 63 0.59
48 64 0.59
48 65 0.56
48 66 0.69
48 67 1.15
48 68 0.84
48 69 1.16
48 70 1.21
48 71 1.08
48 72 0.94
48 73 0.89
48 74 0.98
48 75 1.1
48 76 0.89
48 77 0.86
48 78 0.95
48 79 0.85
48 80 0.87
48 81 1.43
48 82 1.43
48 83 1.17
48 84 1.31
48 85 1.29
48 86 1.25
48 87 1.29
48 88 1.44
48 89 1.12
48 90 1.29
48 91 1.15
48 92 1.1
48 93 1.09
48 94 1.19
48 95 1.3
48 96 1.19
48 97 0.99
48 98 1.03
48 99 1.14
48 100 1.2
48 101 1.24
48 102 1.2
48 103 1.29
48 104 1.28
48 105 1.11
48 106 1.19
48 107 1.37
48 108 1.2
48 109 0.88
48 110 0.95
48 111 1.36
48 112 1.42
48 113 1.33
48 114 1.03
48 115 0.96
48 116 1.12
48 117 1.24
48 118 1.07
48 119 1.48
48 120 1.41
49 50 0.08
49 51 0.14
49 52 0.64
49 53 0.61
49 54 0.61
49 55 0.79
49 56 0.75
49 57 0.63
49 58 0.67
49 59 0.59
49 60 0.78
49 61 0.63
49 62 0.69
49 63 0.75
49 64 0.76
49 65 0.59
49 66 0.83
49 67 1.1
49 68 0.87
49 69 1.21
49 70 1.13
49 71 1.16
49 72 1.13
49 73 1.05
49 74 1.13
49 75 1.13
49 76 1.04
49 77 1.03
49 78 0.97
49 79 1.01
49 80 0.95
49 81 1.29
49 82 1.34
49 83 1.35
49 84 1.29
49 85 1.22
49 86 1.28
49 87 1.29
49 88 1.28
49 89 1.17
49 90 1.23
49 91 1.2
49 92 1.27
49 93 1.18
49 94 1.23
49 95 1.34
49 96 1.22
49 97 1.21
49 98 1.11
49 99 1.23
49 100 1.31
49 101 1.25
49 102 1.34
49 103 1.27
49 104 1.18
49 105 1.37
49 106 1.27
49 107 1.18
49 108 1.17
49 109 0.99
49 110 1.02
49 111 1.28
49 112 1.18
49 113 1.36
49 114 1.05
49 115 0.96
49 116 1.13
49 117 1.18
49 118 1.03
49 119 1.52
49 120 1.63
50 51 0.07
50 52 0.63
50 53 0.59
50 54 0.6
50 55 0.73
50 56 0.74
50 57 0.52
50 58 0.7
50 59 0.51
50 60 0.66
50 61 0.56
50 62 0.59
50 63 0.68
50 64 0.67
50 65 0.5
50 66 0.63
50 67 1.06
50 68 0.98
50 69 1.16
50 70 1.15
50 71 1.18
50 72 0.99
50 73 0.95
50 74 1.02
50 75 1.09
50 76 1.02
50 77 0.96
50 78 1.12
50 79 0.91
50 80 1.02
50 81 1.52
50 82 1.5
50 83 1.37
50 84 1.26
50 85 1.4
50 86 1.45
50 87 1.27
50 88 1.28
50 89 1.43
50 90 1.26
50 91 1.18
50 92 1.45
50 93 1.13
50 94 1.28
50 95 1.44
50 96 1.25
50 97 1.21
50 98 1.14
50 99 1.22
50 100 1.17
50 101 1.41
50 102 1.47
50 103 1.33
50 104 1.41
50 105 1.4
50 106 1.43
50 107 1.34
50 108 1.1
50 109 1.05
50 110 1.21
50 111 1.31
50 112 1.38
50 113 1.4
50 114 1.21
50 115 1
50 116 1.2
50 117 1.3
50 118 1.2
50 119 1.7
50 120 1.48
51 52 0.53
51 53 0.62
51 54 0.55
51 55 0.58
51 56 0.73
51 57 0.46
51 58 0.64
51 59 0.42
51 60 0.66
51 61 0.51
51 62 0.55
51 63 0.62
51 64 0.63
51 65 0.47
51 66 0.58
51 67 1.15
51 68 0.95
51 69 1.13
51 70 1.09
51 71 1.01
51 72 1.06
51 73 1.02
51 74 1
51 75 1.09
51 76 0.89
51 77 0.99
51 78 1.06
51 79 0.93
51 80 1.06
51 81 1.43
51 82 1.39
51 83 1.38
51 84 1.24
51 85 1.24
51 86 1.47
51 87 1.34
51 88 1.4
51 89 1.19
51 90 1.16
51 91 1.24
51 92 1.42
51 93 1.26
51 94 1.27
51 95 1.42
51 96 1.23
51 97 1.21
51 98 1.23
51 99 1.21
51 100 1.15
51 101 1.29
51 102 1.25
51 103 1.22
51 104 1.29
51 105 1.4
51 106 1.23
51 107 1.24
51 108 1.09
51 109 1.02
51 110 1.02
51 111 1.35
51 112 1.3
51 113 1.38
51 114 1.14
51 115 1.13
51 116 1.09
51 117 1.42
51 118 1.11
51 119 1.37
51 120 1.56
52 53 0.05
52 54 0.03
52 55 0.08
52 56 0.13
52 57 0.07
52 58 0.13
52 59 0.11
52 60 0.17
52 61 0.18
52 62 0.18
52 63 0.22
52 64 0.19
52 65 0.18
52 66 0.26
52 67 0.75
52 68 0.53
52 69 0.83
52 70 0.7
52 71 0.6
52 72 0.64
52 73 0.59
52 74 0.6
52 75 0.58
52 76 0.56
52 77 0.5
52 78 0.5
52 79 0.5
52 80 0.5
52 81 1.56
52 82 1.42
52 83 1.27
52 84 1.25
52 85 1.31
52 86 1.19
52 87 1.36
52 88 1.33
52 89 1.31
52 90 1.26
52 91 1.27
52 92 1.3
52 93 1.14
52 94 1.16
52 95 1.1
52 96 1.25
52 97 1.06
52 98 0.85
52 99 1.11
52 100 1.1
52 101 1.19
52 102 1.21
52 103 1.02
52 104 1.2
52 105 1.17
52 106 1.14
52 107 1.12
52 108 1.26
52 109 1.03
52 110 0.95
52 111 1.22
52 112 1.42
52 113 1.2
52 114 1.18
52 115 0.9
52 116 0.9
52 117 1.24
52 118 1.21
52 119 1.39
52 120 1.27
53 54 0.04
53 55 0.05
53 56 0.1
53 57 0.08
53 58 0.08
53 59 0.15
53 60 0.13
53 61 0.15
53 62 0.17
53 63 0.19
53 64 0.19
53 65 0.2
53 66 0.25
53 67 0.74
53 68 0.51
53 69 0.72
53 70 0.86
53 71 0.63
53 72 0.58
53 73 0.53
53 74 0.64
53 75 0.66
53 76 0.53
53 77 0.53
53 78 0.58
53 79 0.45
53 80 0.5
53 81 1.4
53 82 1.31
53 83 1.29
53 84 1.22
53 85 1.28
53 86 1.22
53 87 1.22
53 88 1.21
53 89 1.27
53 90 1.23
53 91 1.12
53 92 1.2
53 93 1.25
53 94 1.28
53 95 1.18
53 96 1.1
53 97 1.09
53 98 0.9
53 99 1.24
53 100 1.09
53 101 1.17
53 102 1.19
53 103 1.01
53 104 1.12
53 105 1.23
53 106 1.33
53 107 1.11
53 108 1.15
53 109 1.11
53 110 0.95
53 111 1.28
53 112 1.31
53 113 1.27
53 114 1.26
53 115 1.07
53 116 1.15
53 117 1.33
53 118 1.16
53 119 1.47
53 120 1.49
54 55 0.07
54 56 0.14
54 57 0.04
54 58 0.09
54 59 0.1
54 60 0.12
54 61 0.13
54 62 0.13
54 63 0.18
54 64 0.17
54 65 0.17
54 66 0.23
54 67 0.72
54 68 0.51
54 69 0.75
54 70 0.83
54 71 0.65
54 72 0.6
54 73 0.59
54 74 0.67
54 75 0.66
54 76 0.57
54 77 0.51
54 78 0.63
54 79 0.48
54 80 0.5
54 81 1.35
54 82 1.27
54 83 1.19
54 84 1.42
54 85 1.4
54 86 1.19
54 87 1.2
54 88 1.28
54 89 1.24
54 90 1.24
54 91 1.27
54 92 1.31
54 93 1.23
54 94 1.27
54 95 1.19
54 96 1.25
54 97 1.06
54 98 0.9
54 99 1.15
54 100 1.19
54 101 1.18
54 102 1.31
54 103 1.16
54 104 1.05
54 105 1.16
54 106 1.17
54 107 1.1
54 108 1.2
54 109 1.05
54 110 1.08
54 111 1.4
54 112 1.41
54 113 1.4
54 114 1.17
54 115 1.09
54 116 1.02
54 117 1.22
54 118 1.26
54 119 1.39
54 120 1.38
55 56 0.06
55 57 0.09
55 58 0.04
55 59 0.16
55 60 0.1
55 61 0.13
55 62 0.14
55 63 0.14
55 64 0.14
55 65 0.19
55 66 0.22
55 67 0.81
55 68 0.59
55 69 0.74
55 70 0.85
55 71 0.66
55 72 0.59
55 73 0.68
55 74 0.61
55 75 0.64
55 76 0.55
55 77 0.52
55 78 0.58
55 79 0.49
55 80 0.49
55 81 1.3
55 82 1.34
55 83 1.25
55 84 1.26
55 85 1.4
55 86 1.31
55 87 1.34
55 88 1.37
55 89 1.21
55 90 1.25
55 91 1.15
55 92 1.2
55 93 1.3
55 94 1.29
55 95 1.28
55 96 1.29
55 97 1.07
55 98 1.07
55 99 1.07
55 100 1.14
55 101 1.29
55 102 1.18
55 103 1.2
55 104 1.24
55 105 1.23
55 106 1.17
55 107 1.32
55 108 1.25
55 109 1.23
55 110 0.99
55 111 1.34
55 112 1.33
55 113 1.32
55 114 1.12
55 115 1.12
55 116 1.02
55 117 1.41
55 118 1.27
55 119 1.55
55 120 1.34
56 57 0.14
56 58 0.05
56 59 0.19
56 60 0.09
56 61 0.17
56 62 0.15
56 63 0.12
56 64 0.16
56 65 0.22
56 66 0.23
56 67 0.75
56 68 0.59
56 69 0.81
56 70 0.87
56 71 0.64
56 72 0.59
56 73 0.65
56 74 0.62
56 75 0.62
56 76 0.66
56 77 0.55
56 78 0.51
56 79 0.52
56 80 0.5
56 81 1.43
56 82 1.44
56 83 1.51
56 84 1.35
56 85 1.46
56 86 1.32
56 87 1.46
56 88 1.35
56 89 1.18
56 90 1.19
56 91 1.3
56 92 1.28
56 93 1.34
56 94 1.18
56 95 1.22
56 96 1.27
56 97 1.16
56 98 1.05
56 99 1.22
56 100 1.16
56 101 1.15
56 102 1.33
56 103 1.29
56 104 1.27
56 105 1.26
56 106 1.31
56 107 1.15
56 108 1.25
56 109 1.06
56 110 1.1
56 111 1.45
56 112 1.25
56 113 1.27
56 114 1.22
56 115 1.05
56 116 1.12
56 117 1.3
56 118 1.19
56 119 1.5
56 120 1.44
57 58 0.1
57 59 0.06
57 60 0.15
57 61 0.11
57 62 0.11
57 63 0.17
57 64 0.15
57 65 0.13
57 66 0.23
57 67 0.76
57 68 0.62
57 69 0.87
57 70 0.89
57 71 0.65
57 72 0.69
57 73 0.61
57 74 0.7
57 75 0.63
57 76 0.58
57 77 0.61
57 78 0.6
57 79 0.5
57 80 0.52
57 81 1.32
57 82 1.34
57 83 1.41
57 84 1.26
57 85 1.34
57 86 1.47
57 87 1.31
57 88 1.32
57 89 1.34
57 90 1.28
57 91 1.35
57 92 1.26
57 93 1.16
57 94 1.18
57 95 1.35
57 96 1.15
57 97 1.1
57 98 0.95
57 99 1.02
57 100 1.02
57 101 1.24
57 102 1.22
57 103 1.19
57 104 1.19
57 105 1.29
57 106 1.32
57 107 1.11
57 108 1.15
57 109 1.19
57 110 1.02
57 111 1.4
57 112 1.44
57 113 1.38
57 114 1.27
57 115 1.01
57 116 1.04
57 117 1.44
57 118 1.3
57 119 1.59
57 120 1.39
58 59 0.14
58 60 0.06
58 61 0.13
58 62 0.09
58 63 0.11
58 64 0.11
58 65 0.17
58 66 0.17
58 67 0.83
58 68 0.64
58 69 0.79
58 70 0.85
58 71 0.7
58 72 0.69
58 73 0.66
58 74 0.62
58 75 0.65
58 76 0.64
58 77 0.63
58 78 0.6
58 79 0.55
58 80 0.56
58 81 1.49
58 82 1.57
58 83 1.39
58 84 1.44
58 85 1.3
58 86 1.45
58 87 1.36
58 88 1.35
58 89 1.4
58 90 1.31
58 91 1.22
58 92 1.32
58 93 1.29
58 94 1.21
58 95 1.3
58 96 1.18
58 97 1.35
58 98 0.98
58 99 1.23
58 100 1.22
58 101 1.29
58 102 1.3
58 103 1.18
58 104 1.33
58 105 1.17
58 106 1.16
58 107 1.11
58 108 1.25
58 109 1.05
58 110 1.14
58 111 1.37
58 112 1.34
58 113 1.66
58 114 1.3
58 115 1.11
58 116 1.07
58 117 1.29
58 118 1.31
58 119 1.43
58 120 1.49
59 60 0.17
59 61 0.1
59 62 0.11
59 63 0.18
59 64 0.17
59 65 0.09
59 66 0.25
59 67 0.84
59 68 0.69
59 69 0.9
59 70 0.92
59 71 0.74
59 72 0.72
59 73 0.67
59 74 0.76
59 75 0.75
59 76 0.65
59 77 0.61
59 78 0.61
59 79 0.59
59 80 0.66
59 81 1.43
59 82 1.31
59 83 1.33
59 84 1.25
59 85 1.31
59 86 1.28
59 87 1.24
59 88 1.31
59 89 1.28
59 90 1.21
59 91 1.24
59 92 1.36
59 93 1.12
59 94 1.1
59 95 1.22
59 96 1.28
59 97 1.16
59 98 1.02
59 99 1.31
59 100 1.08
59 101 1.26
59 102 1.4
59 103 1.15
59 104 1.14
59 105 1.37
59 106 1.18
59 107 1.18
59 108 1.33
59 109 1.16
59 110 1.12
59 111 1.29
59 112 1.37
59 113 1.35
59 114 1.32
59 115 1.04
59 116 1.14
59 117 1.51
59 118 1.29
59 119 1.53
59 120 1.4
60 61 0.1
60 62 0.08
60 63 0.05
60 64 0.07
60 65 0.14
60 66 0.14
60 67 0.86
60 68 0.71
60 69 0.92
60 70 0.88
60 71 0.72
60 72 0.82
60 73 0.69
60 74 0.71
60 75 0.76
60 76 0.74
60 77 0.61
60 78 0.57
60 79 0.54
60 80 0.58
60 81 1.43
60 82 1.6
60 83 1.31
60 84 1.44
60 85 1.37
60 86 1.44
60 87 1.41
60 88 1.45
60 89 1.42
60 90 1.32
60 91 1.29
60 92 1.29
60 93 1.33
60 94 1.42
60 95 1.36
60 96 1.23
60 97 1.3
60 98 1.08
60 99 1.32
60 100 1.16
60 101 1.2
60 102 1.38
60 103 1.29
60 104 1.35
60 105 1.32
60 106 1.45
60 107 1.47
60 108 1.25
60 109 1.27
60 110 1.02
60 111 1.37
60 112 1.49
60 113 1.36
60 114 1.27
60 115 1.24
60 116 1.22
60 117 1.41
60 118 1.38
60 119 1.56
60 120 1.41
61 62 0.03
61 63 0.11
61 64 0.07
61 65 0.04
61 66 0.17
61 67 0.87
61 68 0.75
61 69 0.87
61 70 0.93
61 71 0.77
61 72 0.73
61 73 0.7
61 74 0.75
61 75 0.77
61 76 0.79
61 77 0.73
61 78 0.68
61 79 0.6
61 80 0.66
61 81 1.41
61 82 1.46
61 83 1.53
61 84 1.34
61 85 1.34
61 86 1.39
61 87 1.35
61 88 1.44
61 89 1.25
61 90 1.44
61 91 1.25
61 92 1.32
61 93 1.28
61 94 1.21
61 95 1.27
61 96 1.41
61 97 1.21
61 98 1.06
61 99 1.22
61 100 1.2
61 101 1.23
61 102 1.41
61 103 1.32
61 104 1.21
61 105 1.35
61 106 1.34
61 107 1.34
61 108 1.22
61 109 1.38
61 110 1.31
61 111 1.43
61 112 1.38
61 113 1.48
61 114 1.2
61 115 1.05
61 116 1.2
61 117 1.4
61 118 1.36
61 119 1.52
61 120 1.43
62 63 0.08
62 64 0.03
62 65 0.07
62 66 0.13
62 67 0.94
62 68 0.72
62 69 0.95
62 70 0.94
62 71 0.72
62 72 0.83
62 73 0.68
62 74 0.72
62 75 0.8
62 76 0.74
62 77 0.74
62 78 0.65
62 79 0.66
62 80 0.62
62 81 1.58
62 82 1.47
62 83 1.51
62 84 1.34
62 85 1.43
62 86 1.61
62 87 1.38
62 88 1.39
62 89 1.45
62 90 1.33
62 91 1.34
62 92 1.42
62 93 1.27
62 94 1.35
62 95 1.31
62 96 1.33
62 97 1.2
62 98 1.05
62 99 1.2
62 100 1.22
62 101 1.26
62 102 1.28
62 103 1.18
62 104 1.34
62 105 1.21
62 106 1.28
62 107 1.35
62 108 1.42
62 109 1.14
62 110 1.04
62 111 1.48
62 112 1.59
62 113 1.52
62 114 1.26
62 115 1.25
62 116 1.22
62 117 1.49
62 118 1.43
62 119 1.69
62 120 1.48
63 64 0.05
63 65 0.17
63 66 0.1
63 67 0.93
63 68 0.65
63 69 0.91
63 70 0.89
63 71 0.74
63 72 0.69
63 73 0.74
63 74 0.82
63 75 0.79
63 76 0.66
63 77 0.72
63 78 0.64
63 79 0.62
63 80 0.59
63 81 1.64
63 82 1.4
63 83 1.61
63 84 1.7
63 85 1.48
63 86 1.63
63 87 1.42
63 88 1.39
63 89 1.43
63 90 1.41
63 91 1.29
63 92 1.49
63 93 1.34
63 94 1.35
63 95 1.48
63 96 1.31
63 97 1.33
63 98 1.21
63 99 1.26
63 100 1.13
63 101 1.34
63 102 1.5
63 103 1.18
63 104 1.35
63 105 1.28
63 106 1.32
63 107 1.41
63 108 1.36
63 109 1.23
63 110 1.29
63 111 1.44
63 112 1.34
63 113 1.41
63 114 1.23
63 115 1.19
63 116 1.16
63 117 1.51
63 118 1.54
63 119 1.47
63 120 1.68
64 65 0.09
64 66 0.09
64 67 0.94
64 68 0.71
64 69 0.89
64 70 0.93
64 71 0.85
64 72 0.69
64 73 0.75
64 74 0.77
64 75 0.74
64 76 0.76
64 77 0.73
64 78 0.65
64 79 0.62
64 80 0.61
64 81 1.44
64 82 1.39
64 83 1.52
64 84 1.35
64 85 1.41
64 86 1.37
64 87 1.59
64 88 1.42
64 89 1.42
64 90 1.29
64 91 1.25
64 92 1.44
64 93 1.3
64 94 1.49
64 95 1.53
64 96 1.36
64 97 1.34
64 98 1.05
64 99 1.43
64 100 1.38
64 101 1.38
64 102 1.3
64 103 1.24
64 104 1.33
64 105 1.3
64 106 1.29
64 107 1.53
64 108 1.28
64 109 1.37
64 110 1.05
64 111 1.62
64 112 1.6
64 113 1.49
64 114 1.29
64 115 1.23
64 116 1.25
64 117 1.42
64 118 1.22
64 119 1.72
64 120 1.71
65 66 0.15
65 67 0.91
65 68 0.67
65 69 0.99
65 70 0.87
65 71 0.76
65 72 0.84
65 73 0.82
65 74 0.84
65 75 0.84
65 76 0.69
65 77 0.77
65 78 0.73
65 79 0.68
65 80 0.66
65 81 1.54
65 82 1.67
65 83 1.42
65 84 1.52
65 85 1.5
65 86 1.41
65 87 1.35
65 88 1.47
65 89 1.31
65 90 1.34
65 91 1.31
65 92 1.38
65 93 1.18
65 94 1.2
65 95 1.25
65 96 1.22
65 97 1.18
65 98 1.22
65 99 1.26
65 100 1.27
65 101 1.3
65 102 1.36
65 103 1.27
65 104 1.21
65 105 1.35
65 106 1.35
65 107 1.34
65 108 1.29
65 109 1.2
65 110 1.07
65 111 1.39
65 112 1.32
65 113 1.61
65 114 1.33
65 115 1.15
65 116 1.08
65 117 1.35
65 118 1.36
65 119 1.67
65 120 1.5
66 67 1.06
66 68 0.78
66 69 1.1
66 70 0.95
66 71 0.9
66 72 0.82
66 73 0.9
66 74 0.92
66 75 0.91
66 76 0.78
66 77 0.73
66 78 0.79
66 79 0.67
66 80 0.66
66 81 1.53
66 82 1.71
66 83 1.63
66 84 1.51
66 85 1.44
66 86 1.47
66 87 1.63
66 88 1.51
66 89 1.46
66 90 1.41
66 91 1.39
66 92 1.65
66 93 1.35
66 94 1.38
66 95 1.47
66 96 1.44
66 97 1.28
66 98 1.27
66 99 1.55
66 100 1.5
66 101 1.36
66 102 1.41
66 103 1.26
66 104 1.29
66 105 1.38
66 106 1.39
66 107 1.49
66 108 1.61
66 109 1.34
66 110 1.33
66 111 1.68
66 112 1.58
66 113 1.63
66 114 1.61
66 115 1.19
66 116 1.41
66 117 1.54
66 118 1.37
66 119 1.54
66 120 1.7
67 68 0.23
67 69 0.04
67 70 0.07
67 71 0.11
67 72 0.18
67 73 0.14
67 74 0.15
67 75 0.17
67 76 0.17
67 77 0.2
67 78 0.22
67 79 0.29
67 80 0.29
67 81 0.89
67 82 0.82
67 83 0.97
67 84 0.91
67 85 0.85
67 86 0.85
67 87 0.77
67 88 0.74
67 89 0.69
67 90 0.73
67 91 0.72
67 92 0.76
67 93 0.7
67 94 0.67
67 95 0.73
67 96 0.74
67 97 0.6
67 98 0.48
67 99 0.56
67 100 0.56
67 101 0.62
67 102 0.65
67 103 0.53
67 104 0.59
67 105 0.67
67 106 0.58
67 107 0.57
67 108 0.81
67 109 0.77
67 110 0.52
67 111 0.87
67 112 0.83
67 113 0.92
67 114 0.77
67 115 0.57
67 116 0.52
67 117 0.91
67 118 0.79
67 119 0.81
67 120 0.7
68 69 0.24
68 70 0.29
68 71 0.14
68 72 0.14
68 73 0.08
68 74 0.13
68 75 0.15
68 76 0.06
68 77 0.08
68 78 0.12
68 79 0.1
68 80 0.16
68 81 0.93
68 82 0.94
68 83 0.89
68 84 0.94
68 85 0.78
68 86 0.89
68 87 0.82
68 88 0.95
68 89 0.74
68 90 0.76
68 91 0.82
68 92 0.78
68 93 0.81
68 94 0.71
68 95 0.7
68 96 0.73
68 97 0.71
68 98 0.55
68 99 0.7
68 100 0.62
68 101 0.77
68 102 0.75
68 103 0.68
68 104 0.67
68 105 0.73
68 106 0.68
68 107 0.74
68 108 0.91
68 109 0.66
68 110 0.56
68 111 0.93
68 112 0.86
68 113 0.98
68 114 0.82
68 115 0.58
68 116 0.6
68 117 1
68 118 0.84
68 119 0.87
68 120 0.85
69 70 0.04
69 71 0.16
69 72 0.18
69 73 0.17
69 74 0.16
69 75 0.18
69 76 0.19
69 77 0.22
69 78 0.24
69 79 0.27
69 80 0.32
69 81 0.86
69 82 0.93
69 83 0.89
69 84 0.83
69 85 0.81
69 86 0.82
69 87 0.8
69 88 0.75
69 89 0.7
69 90 0.77
69 91 0.8
69 92 0.71
69 93 0.68
69 94 0.65
69 95 0.66
69 96 0.72
69 97 0.6
69 98 0.51
69 99 0.6
69 100 0.57
69 101 0.66
69 102 0.68
69 103 0.51
69 104 0.61
69 105 0.64
69 106 0.67
69 107 0.53
69 108 0.85
69 109 0.77
69 110 0.59
69 111 0.82
69 112 0.87
69 113 0.86
69 114 0.71
69 115 0.62
69 116 0.53
69 117 0.91
69 118 0.8
69 119 0.92
69 120 0.75
70 71 0.14
70 72 0.17
70 73 0.19
70 74 0.16
70 75 0.18
70 76 0.22
70 77 0.25
70 78 0.23
70 79 0.3
70 80 0.31
70 81 0.87
70 82 0.89
70 83 1.07
70 84 0.78
70 85 0.87
70 86 0.78
70 87 0.69
70 88 0.74
70 89 0.78
70 90 0.77
70 91 0.75
70 92 0.69
70 93 0.67
70 94 0.72
70 95 0.69
70 96 0.72
70 97 0.66
70 98 0.48
70 99 0.71
70 100 0.69
70 101 0.6
70 102 0.65
70 103 0.59
70 104 0.56
70 105 0.62
70 106 0.69
70 107 0.65
70 108 0.78
70 109 0.77
70 110 0.58
70 111 0.82
70 112 0.79
70 113 1.01
70 114 0.78
70 115 0.71
70 116 0.6
70 117 0.89
70 118 0.84
70 119 0.88
70 120 0.73
71 72 0.05
71 73 0.06
71 74 0.04
71 75 0.05
71 76 0.08
71 77 0.1
71 78 0.1
71 79 0.16
71 80 0.17
71 81 1
71 82 0.98
71 83 1.05
71 84 0.9
71 85 0.91
71 86 0.8
71 87 0.78
71 88 0.93
71 89 0.89
71 90 0.75
71 91 0.83
71 92 0.88
71 93 0.75
71 94 0.75
71 95 0.74
71 96 0.8
71 97 0.66
71 98 0.48
71 99 0.7
71 100 0.67
71 101 0.73
71 102 0.82
71 103 0.6
71 104 0.62
71 105 0.74
71 106 0.65
71 107 0.64
71 108 0.96
71 109 0.8
71 110 0.6
71 111 0.83
71 112 0.87
71 113 1.02
71 114 0.91
71 115 0.67
71 116 0.69
71 117 0.95
71 118 0.94
71 119 0.97
71 120 0.86
72 73 0.1
72 74 0.03
72 75 0
72 76 0.1
72 77 0.09
72 78 0.06
72 79 0.13
72 80 0.12
72 81 0.93
72 82 0.92
72 83 0.99
72 84 1
72 85 0.91
72 86 0.99
72 87 0.82
72 88 0.91
72 89 0.92
72 90 0.98
72 91 0.9
72 92 0.87
72 93 0.86
72 94 0.78
72 95 0.78
72 96 0.83
72 97 0.77
72 98 0.59
72 99 0.68
72 100 0.71
72 101 0.8
72 102 0.84
72 103 0.64
72 104 0.72
72 105 0.78
72 106 0.71
72 107 0.72
72 108 1.06
72 109 0.83
72 110 0.61
72 111 0.94
72 112 0.96
72 113 0.93
72 114 0.87
72 115 0.71
72 116 0.71
72 117 1.02
72 118 0.95
72 119 0.96
72 120 0.95
73 74 0.07
73 75 0.1
73 76 0.03
73 77 0.08
73 78 0.1
73 79 0.13
73 80 0.16
73 81 1.03
73 82 0.88
73 83 1.06
73 84 0.86
73 85 0.95
73 86 0.77
73 87 0.78
73 88 0.84
73 89 0.77
73 90 0.73
73 91 0.77
73 92 0.8
73 93 0.76
73 94 0.76
73 95 0.86
73 96 0.77
73 97 0.65
73 98 0.49
73 99 0.6
73 100 0.67
73 101 0.67
73 102 0.81
73 103 0.59
73 104 0.63
73 105 0.69
73 106 0.66
73 107 0.66
73 108 0.89
73 109 0.68
73 110 0.57
73 111 0.99
73 112 1.02
73 113 0.82
73 114 0.82
73 115 0.62
73 116 0.55
73 117 0.94
73 118 0.88
73 119 0.91
73 120 0.8
74 75 0.03
74 76 0.08
74 77 0.07
74 78 0.06
74 79 0.12
74 80 0.13
74 81 1.13
74 82 1.02
74 83 0.98
74 84 0.89
74 85 0.84
74 86 0.95
74 87 0.97
74 88 0.86
74 89 0.81
74 90 0.86
74 91 0.9
74 92 0.88
74 93 0.85
74 94 0.76
74 95 0.8
74 96 0.76
74 97 0.79
74 98 0.55
74 99 0.75
74 100 0.77
74 101 0.72
74 102 0.82
74 103 0.61
74 104 0.68
74 105 0.85
74 106 0.78
74 107 0.77
74 108 0.86
74 109 0.86
74 110 0.62
74 111 0.92
74 112 0.91
74 113 0.98
74 114 0.84
74 115 0.74
74 116 0.61
74 117 0.92
74 118 0.92
74 119 0.91
74 120 0.84
75 76 0.11
75 77 0.1
75 78 0.06
75 79 0.14
75 80 0.13
75 81 1
75 82 1.05
75 83 0.99
75 84 0.9
75 85 1.03
75 86 0.96
75 87 0.98
75 88 0.92
75 89 0.91
75 90 0.85
75 91 0.97
75 92 0.87
75 93 0.84
75 94 0.83
75 95 0.74
75 96 0.84
75 97 0.83
75 98 0.64
75 99 0.73
75 100 0.65
75 101 0.73
75 102 0.79
75 103 0.64
75 104 0.76
75 105 0.76
75 106 0.72
75 107 0.71
75 108 0.9
75 109 0.8
75 110 0.68
75 111 0.99
75 112 1.01
75 113 1
75 114 0.92
75 115 0.76
75 116 0.65
75 117 1.04
75 118 0.88
75 119 1.05
75 120 0.87
76 77 0.04
76 78 0.08
76 79 0.1
76 80 0.15
76 81 1.06
76 82 0.92
76 83 0.97
76 84 0.96
76 85 0.84
76 86 0.95
76 87 0.8
76 88 0.8
76 89 0.84
76 90 0.78
76 91 0.87
76 92 0.74
76 93 0.8
76 94 0.75
76 95 0.84
76 96 0.7
76 97 0.78
76 98 0.51
76 99 0.67
76 100 0.61
76 101 0.66
76 102 0.76
76 103 0.7
76 104 0.67
76 105 0.78
76 106 0.73
76 107 0.69
76 108 0.87
76 109 0.76
76 110 0.62
76 111 0.8
76 112 0.88
76 113 0.9
76 114 0.81
76 115 0.65
76 116 0.63
76 117 0.91
76 118 0.85
76 119 1.02
76 120 0.94
77 78 0.05
77 79 0.07
77 80 0.1
77 81 1.05
77 82 1.01
77 83 0.98
77 84 0.9
77 85 0.95
77 86 0.84
77 87 0.9
77 88 0.83
77 89 0.94
77 90 0.9
77 91 0.81
77 92 0.95
77 93 0.89
77 94 0.75
77 95 0.79
77 96 0.74
77 97 0.79
77 98 0.61
77 99 0.77
77 100 0.73
77 101 0.75
77 102 0.77
77 103 0.68
77 104 0.8
77 105 0.8
77 106 0.72
77 107 0.73
77 108 0.94
77 109 0.8
77 110 0.66
77 111 1.01
77 112 0.93
77 113 1.02
77 114 0.93
77 115 0.79
77 116 0.64
77 117 1.14
77 118 0.88
77 119 1.05
77 120 0.81
78 79 0.07
78 80 0.07
78 81 1.07
78 82 0.93
78 83 1.04
78 84 1.07
78 85 0.96
78 86 1.06
78 87 0.84
78 88 1.03
78 89 0.88
78 90 0.85
78 91 0.87
78 92 0.87
78 93 0.86
78 94 0.87
78 95 0.82
78 96 0.78
78 97 0.84
78 98 0.66
78 99 0.71
78 100 0.74
78 101 0.82
78 102 0.79
78 103 0.73
78 104 0.68
78 105 0.92
78 106 0.91
78 107 0.75
78 108 1.09
78 109 0.79
78 110 0.73
78 111 0.96
78 112 1.01
78 113 0.99
78 114 0.92
78 115 0.74
78 116 0.65
78 117 0.98
78 118 0.89
78 119 1.01
78 120 1.02
79 80 0.07
79 81 1.24
79 82 1.11
79 83 1.01
79 84 1.11
79 85 1.03
79 86 1.05
79 87 0.89
79 88 1.02
79 89 0.91
79 90 0.87
79 91 0.93
79 92 0.9
79 93 0.89
79 94 0.81
79 95 0.98
79 96 0.81
79 97 0.8
79 98 0.62
79 99 0.74
79 100 0.73
79 101 0.75
79 102 0.81
79 103 0.67
79 104 0.76
79 105 0.79
79 106 0.9
79 107 0.78
79 108 0.89
79 109 0.9
79 110 0.63
79 111 0.95
79 112 1.01
79 113 1.14
79 114 0.84
79 115 0.78
79 116 0.74
79 117 1.13
79 118 0.95
79 119 1.07
79 120 1
80 81 1.16
80 82 0.97
80 83 1.16
80 84 1.11
80 85 1.06
80 86 0.92
80 87 0.96
80 88 0.98
80 89 1.02
80 90 0.91
80 91 0.93
80 92 0.87
80 93 0.98
80 94 0.83
80 95 0.87
80 96 0.95
80 97 0.9
80 98 0.6
80 99 0.85
80 100 0.75
80 101 0.87
80 102 0.93
80 103 0.73
80 104 0.76
80 105 0.83
80 106 0.8
80 107 0.9
80 108 0.92
80 109 0.86
80 110 0.76
80 111 0.99
80 112 1.07
80 113 1
80 114 0.85
80 115 0.86
80 116 0.8
80 117 1.16
80 118 0.94
80 119 1.21
80 120 1.05
81 82 0.08
81 83 0.16
81 84 0.12
81 85 0.11
81 86 0.1
81 87 0.13
81 88 0.12
81 89 0.15
81 90 0.18
81 91 0.17
81 92 0.16
81 93 0.24
81 94 0.25
81 95 0.17
81 96 0.21
81 97 0.31
81 98 0.44
81 99 0.26
81 100 0.29
81 101 0.26
81 102 0.23
81 103 0.38
81 104 0.34
81 105 0.24
81 106 0.28
81 107 0.35
81 108 0.27
81 109 0.37
81 110 0.42
81 111 0.09
81 112 0.08
81 113 0.13
81 114 0.24
81 115 0.35
81 116 0.34
81 117 0.11
81 118 0.22
81 119 0.11
81 120 0.25
82 83 0.21
82 84 0.14
82 85 0.11
82 86 0.07
82 87 0.09
82 88 0.04
82 89 0.14
82 90 0.18
82 91 0.15
82 92 0.14
82 93 0.17
82 94 0.19
82 95 0.14
82 96 0.19
82 97 0.26
82 98 0.4
82 99 0.2
82 100 0.24
82 101 0.17
82 102 0.17
82 103 0.3
82 104 0.28
82 105 0.18
82 106 0.21
82 107 0.27
82 108 0.33
82 109 0.38
82 110 0.37
82 111 0.05
82 112 0.1
82 113 0.19
82 114 0.24
82 115 0.35
82 116 0.31
82 117 0.14
82 118 0.26
82 119 0.08
82 120 0.19
83 84 0.08
83 85 0.12
83 86 0.16
83 87 0.22
83 88 0.23
83 89 0.15
83 90 0.15
83 91 0.17
83 92 0.16
83 93 0.22
83 94 0.22
83 95 0.25
83 96 0.23
83 97 0.25
83 98 0.44
83 99 0.34
83 100 0.31
83 101 0.34
83 102 0.27
83 103 0.36
83 104 0.36
83 105 0.34
83 106 0.31
83 107 0.41
83 108 0.17
83 109 0.28
83 110 0.35
83 111 0.18
83 112 0.11
83 113 0.02
83 114 0.16
83 115 0.33
83 116 0.35
83 117 0.06
83 118 0.13
83 119 0.27
83 120 0.35
84 85 0.05
84 86 0.09
84 87 0.11
84 88 0.14
84 89 0.08
84 90 0.09
84 91 0.09
84 92 0.09
84 93 0.16
84 94 0.17
84 95 0.17
84 96 0.18
84 97 0.21
84 98 0.34
84 99 0.27
84 100 0.27
84 101 0.22
84 102 0.19
84 103 0.33
84 104 0.29
84 105 0.26
84 106 0.27
84 107 0.31
84 108 0.18
84 109 0.25
84 110 0.32
84 111 0.1
84 112 0.04
84 113 0.07
84 114 0.12
84 115 0.25
84 116 0.31
84 117 0.03
84 118 0.13
84 119 0.2
84 120 0.29
85 86 0.05
85 87 0.06
85 88 0.1
85 89 0.04
85 90 0.08
85 91 0.07
85 92 0.06
85 93 0.12
85 94 0.13
85 95 0.12
85 96 0.12
85 97 0.17
85 98 0.4
85 99 0.21
85 100 0.21
85 101 0.16
85 102 0.18
85 103 0.31
85 104 0.24
85 105 0.18
85 106 0.23
85 107 0.29
85 108 0.22
85 109 0.26
85 110 0.3
85 111 0.05
85 112 0.04
85 113 0.12
85 114 0.14
85 115 0.26
85 116 0.28
85 117 0.09
85 118 0.16
85 119 0.18
85 120 0.25
86 87 0.04
86 88 0.06
86 89 0.07
86 90 0.11
86 91 0.09
86 92 0.07
86 93 0.11
86 94 0.15
86 95 0.08
86 96 0.12
86 97 0.2
86 98 0.37
86 99 0.18
86 100 0.22
86 101 0.15
86 102 0.14
86 103 0.26
86 104 0.22
86 105 0.15
86 106 0.19
86 107 0.24
86 108 0.23
86 109 0.3
86 110 0.28
86 111 0.02
86 112 0.08
86 113 0.18
86 114 0.18
86 115 0.26
86 116 0.23
86 117 0.11
86 118 0.21
86 119 0.14
86 120 0.2
87 88 0.07
87 89 0.05
87 90 0.1
87 91 0.08
87 92 0.04
87 93 0.08
87 94 0.12
87 95 0.05
87 96 0.11
87 97 0.17
87 98 0.3
87 99 0.14
87 100 0.19
87 101 0.12
87 102 0.09
87 103 0.23
87 104 0.18
87 105 0.11
87 106 0.13
87 107 0.2
87 108 0.24
87 109 0.27
87 110 0.25
87 111 0.05
87 112 0.09
87 113 0.16
87 114 0.18
87 115 0.28
87 116 0.21
87 117 0.15
87 118 0.19
87 119 0.15
87 120 0.2
88 89 0.11
88 90 0.16
88 91 0.14
88 92 0.11
88 93 0.17
88 94 0.17
88 95 0.08
88 96 0.15
88 97 0.2
88 98 0.37
88 99 0.21
88 100 0.23
88 101 0.17
88 102 0.11
88 103 0.25
88 104 0.23
88 105 0.12
88 106 0.17
88 107 0.2
88 108 0.35
88 109 0.41
88 110 0.35
88 111 0.05
88 112 0.12
88 113 0.2
88 114 0.23
88 115 0.28
88 116 0.26
88 117 0.15
88 118 0.23
88 119 0.1
88 120 0.15
89 90 0.05
89 91 0.03
89 92 0.01
89 93 0.08
89 94 0.09
89 95 0.08
89 96 0.09
89 97 0.15
89 98 0.28
89 99 0.16
89 100 0.18
89 101 0.15
89 102 0.13
89 103 0.23
89 104 0.21
89 105 0.17
89 106 0.19
89 107 0.21
89 108 0.2
89 109 0.27
89 110 0.25
89 111 0.08
89 112 0.08
89 113 0.13
89 114 0.12
89 115 0.21
89 116 0.24
89 117 0.12
89 118 0.13
89 119 0.22
89 120 0.28
90 91 0.02
90 92 0.06
90 93 0.08
90 94 0.08
90 95 0.13
90 96 0.1
90 97 0.11
90 98 0.29
90 99 0.19
90 100 0.17
90 101 0.16
90 102 0.15
90 103 0.26
90 104 0.22
90 105 0.21
90 106 0.21
90 107 0.26
90 108 0.14
90 109 0.19
90 110 0.21
90 111 0.12
90 112 0.1
90 113 0.12
90 114 0.07
90 115 0.2
90 116 0.21
90 117 0.11
90 118 0.08
90 119 0.3
90 120 0.31
91 92 0.04
91 93 0.07
91 94 0.07
91 95 0.11
91 96 0.08
91 97 0.11
91 98 0.29
91 99 0.17
91 100 0.18
91 101 0.15
91 102 0.15
91 103 0.27
91 104 0.19
91 105 0.18
91 106 0.2
91 107 0.21
91 108 0.17
91 109 0.21
91 110 0.22
91 111 0.1
91 112 0.1
91 113 0.14
91 114 0.09
91 115 0.2
91 116 0.21
91 117 0.13
91 118 0.1
91 119 0.25
91 120 0.3
92 93 0.06
92 94 0.08
92 95 0.07
92 96 0.08
92 97 0.13
92 98 0.31
92 99 0.14
92 100 0.17
92 101 0.13
92 102 0.11
92 103 0.21
92 104 0.2
92 105 0.17
92 106 0.17
92 107 0.21
92 108 0.19
92 109 0.22
92 110 0.25
92 111 0.08
92 112 0.1
92 113 0.16
92 114 0.13
92 115 0.22
92 116 0.21
92 117 0.14
92 118 0.14
92 119 0.2
92 120 0.27
93 94 0.03
93 95 0.06
93 96 0.02
93 97 0.08
93 98 0.22
93 99 0.11
93 100 0.12
93 101 0.09
93 102 0.09
93 103 0.18
93 104 0.15
93 105 0.13
93 106 0.14
93 107 0.17
93 108 0.23
93 109 0.26
93 110 0.19
93 111 0.12
93 112 0.14
93 113 0.19
93 114 0.14
93 115 0.17
93 116 0.14
93 117 0.17
93 118 0.17
93 119 0.25
93 120 0.25
94 95 0.1
94 96 0.03
94 97 0.05
94 98 0.21
94 99 0.09
94 100 0.11
94 101 0.1
94 102 0.11
94 103 0.21
94 104 0.17
94 105 0.16
94 106 0.16
94 107 0.18
94 108 0.23
94 109 0.2
94 110 0.17
94 111 0.14
94 112 0.17
94 113 0.22
94 114 0.13
94 115 0.13
94 116 0.14
94 117 0.18
94 118 0.16
94 119 0.29
94 120 0.27
95 96 0.06
95 97 0.15
95 98 0.27
95 99 0.09
95 100 0.13
95 101 0.07
95 102 0.05
95 103 0.17
95 104 0.13
95 105 0.09
95 106 0.11
95 107 0.13
95 108 0.29
95 109 0.31
95 110 0.22
95 111 0.1
95 112 0.14
95 113 0.22
95 114 0.2
95 115 0.21
95 116 0.18
95 117 0.18
95 118 0.23
95 119 0.19
95 120 0.21
96 97 0.08
96 98 0.21
96 99 0.09
96 100 0.1
96 101 0.08
96 102 0.08
96 103 0.15
96 104 0.15
96 105 0.13
96 106 0.12
96 107 0.14
96 108 0.24
96 109 0.25
96 110 0.17
96 111 0.14
96 112 0.16
96 113 0.24
96 114 0.15
96 115 0.18
96 116 0.14
96 117 0.22
96 118 0.18
96 119 0.26
96 120 0.26
97 98 0.18
97 99 0.1
97 100 0.11
97 101 0.13
97 102 0.14
97 103 0.17
97 104 0.16
97 105 0.19
97 106 0.19
97 107 0.2
97 108 0.2
97 109 0.15
97 110 0.12
97 111 0.23
97 112 0.19
97 113 0.23
97 114 0.12
97 115 0.08
97 116 0.12
97 117 0.27
97 118 0.15
97 119 0.31
97 120 0.29
98 99 0.19
98 100 0.15
98 101 0.21
98 102 0.24
98 103 0.16
98 104 0.2
98 105 0.28
98 106 0.26
98 107 0.22
98 108 0.37
98 109 0.25
98 110 0.07
98 111 0.37
98 112 0.42
98 113 0.48
98 114 0.31
98 115 0.13
98 116 0.1
98 117 0.43
98 118 0.33
98 119 0.51
98 120 0.46
99 100 0.04
99 101 0.04
99 102 0.07
99 103 0.07
99 104 0.05
99 105 0.09
99 106 0.09
99 107 0.09
99 108 0.34
99 109 0.25
99 110 0.16
99 111 0.23
99 112 0.25
99 113 0.3
99 114 0.22
99 115 0.17
99 116 0.09
99 117 0.28
99 118 0.25
99 119 0.31
99 120 0.23
100 101 0.07
100 102 0.11
100 103 0.07
100 104 0.07
100 105 0.14
100 106 0.12
100 107 0.1
100 108 0.29
100 109 0.27
100 110 0.13
100 111 0.22
100 112 0.27
100 113 0.29
100 114 0.24
100 115 0.15
100 116 0.05
100 117 0.29
100 118 0.26
100 119 0.32
100 120 0.27
101 102 0.04
101 103 0.1
101 104 0.07
101 105 0.06
101 106 0.05
101 107 0.08
101 108 0.31
101 109 0.3
101 110 0.18
101 111 0.17
101 112 0.21
101 113 0.28
101 114 0.23
101 115 0.21
101 116 0.12
101 117 0.27
101 118 0.24
101 119 0.27
101 120 0.22
102 103 0.13
102 104 0.09
102 105 0.05
102 106 0.05
102 107 0.09
102 108 0.31
102 109 0.29
102 110 0.21
102 111 0.15
102 112 0.19
102 113 0.26
102 114 0.23
102 115 0.22
102 116 0.15
102 117 0.24
102 118 0.27
102 119 0.24
102 120 0.17
103 104 0.05
103 105 0.12
103 106 0.1
103 107 0.06
103 108 0.34
103 109 0.3
103 110 0.17
103 111 0.28
103 112 0.31
103 113 0.35
103 114 0.28
103 115 0.22
103 116 0.09
103 117 0.37
103 118 0.34
103 119 0.32
103 120 0.28
104 105 0.08
104 106 0.06
104 107 0.04
104 108 0.37
104 109 0.37
104 110 0.19
104 111 0.24
104 112 0.28
104 113 0.33
104 114 0.26
104 115 0.22
104 116 0.11
104 117 0.35
104 118 0.29
104 119 0.28
104 120 0.21
105 106 0.02
105 107 0.07
105 108 0.32
105 109 0.34
105 110 0.24
105 111 0.17
105 112 0.24
105 113 0.32
105 114 0.25
105 115 0.26
105 116 0.17
105 117 0.3
105 118 0.28
105 119 0.2
105 120 0.16
106 107 0.06
106 108 0.35
106 109 0.36
106 110 0.23
106 111 0.17
106 112 0.26
106 113 0.29
106 114 0.25
106 115 0.25
106 116 0.17
106 117 0.29
106 118 0.32
106 119 0.25
106 120 0.17
107 108 0.36
107 109 0.35
107 110 0.23
107 111 0.26
107 112 0.27
107 113 0.35
107 114 0.29
107 115 0.26
107 116 0.15
107 117 0.32
107 118 0.3
107 119 0.31
107 120 0.18
108 109 0.12
108 110 0.26
108 111 0.25
108 112 0.22
108 113 0.18
108 114 0.07
108 115 0.2
108 116 0.3
108 117 0.2
108 118 0.06
108 119 0.35
108 120 0.49
109 110 0.19
109 111 0.32
109 112 0.29
109 113 0.25
109 114 0.13
109 115 0.14
109 116 0.25
109 117 0.28
109 118 0.13
109 119 0.44
109 120 0.45
110 111 0.31
110 112 0.31
110 113 0.38
110 114 0.25
110 115 0.07
110 116 0.09
110 117 0.33
110 118 0.23
110 119 0.42
110 120 0.4
111 112 0.08
111 113 0.15
111 114 0.21
111 115 0.26
111 116 0.26
111 117 0.13
111 118 0.2
111 119 0.14
111 120 0.2
112 113 0.09
112 114 0.17
112 115 0.32
112 116 0.33
112 117 0.05
112 118 0.15
112 119 0.15
112 120 0.27
113 114 0.14
113 115 0.28
113 116 0.35
113 117 0.04
113 118 0.13
113 119 0.28
113 120 0.35
114 115 0.16
114 116 0.24
114 117 0.16
114 118 0.03
114 119 0.29
114 120 0.37
115 116 0.13
115 117 0.32
115 118 0.19
115 119 0.38
115 120 0.38
116 117 0.34
116 118 0.28
116 119 0.41
116 120 0.31
117 118 0.13
117 119 0.2
117 120 0.33
118 119 0.35
118 120 0.41
119 120 0.16
