0 1 1.34
0 2 1.28
0 3 1.23
0 4 1.25
0 5 1.24
0 6 1.18
0 7 1.15
0 8 1.26
0 9 1.18
0 10 1.16
0 11 1.27
0 12 1.36
0 13 1.17
0 14 1.46
0 15 1.4
0 16 1.31
0 17 1.16
0 18 1.33
0 19 1.33
0 20 0.88
0 21 1.02
0 22 0.88
0 23 0.96
0 24 0.95
0 25 0.81
0 26 0.99
0 27 0.89
0 28 0.93
0 29 0.83
0 30 0.97
0 31 0.6
0 32 0.73
0 33 0.66
0 34 0.72
0 35 0.5
0 36 0.76
0 37 0.61
0 38 0.6
0 39 0.73
0 40 0.72
0 41 0.68
0 42 0.73
0 43 0.71
0 44 0.64
0 45 0.73
0 46 0.75
0 47 0.7
0 48 0.64
0 49 0.69
0 50 0.71
0 51 0.62
0 52 0.7
0 53 0.69
0 54 0.64
0 55 0.71
0 56 0.64
0 57 0.66
0 58 0.65
0 59 0.68
0 60 0.6
0 61 0.93
0 62 1.01
0 63 0.94
0 64 0.9
0 65 0.95
0 66 0.9
0 67 0.94
0 68 0.81
0 69 0.86
0 70 1.77
0 71 1.49
0 72 0.97
0 73 1.52
0 74 1.1
0 75 1.35
0 76 1.5
0 77 1.57
0 78 1.38
0 79 1.34
0 80 1.3
0 81 1.38
0 82 1.51
0 83 1.52
0 84 1.47
0 85 1.4
0 86 1.37
0 87 1.25
0 88 1.54
0 89 1.3
0 90 1.31
0 91 1.43
0 92 1.68
0 93 1.66
0 94 1.53
0 95 1.51
0 96 1.5
0 97 1.6
0 98 1.48
0 99 1.65
0 100 1.6
1 2 0.04
1 3 0.06
1 4 0.05
1 5 0.07
1 6 0.09
1 7 0.08
1 8 0.11
1 9 0.1
1 10 0.16
1 11 0.16
1 12 0.39
1 13 0.45
1 14 0.52
1 15 0.43
1 16 0.46
1 17 0.44
1 18 0.55
1 19 0.51
1 20 0.36
1 21 0.34
1 22 0.38
1 23 0.34
1 24 0.44
1 25 0.43
1 26 0.4
1 27 0.43
1 28 0.44
1 29 0.48
1 30 0.42
1 31 0.74
1 32 0.78
1 33 0.79
1 34 0.72
1 35 0.85
1 36 0.76
1 37 0.87
1 38 0.82
1 39 0.79
1 40 0.61
1 41 0.58
1 42 0.6
1 43 0.55
1 44 0.59
1 45 0.71
1 46 0.64
1 47 0.56
1 48 0.6
1 49 0.55
1 50 0.61
1 51 0.67
1 52 0.58
1 53 0.93
1 54 0.97
1 55 0.88
1 56 0.98
1 57 0.86
1 58 1.09
1 59 0.88
1 60 1.08
1 61 0.62
1 62 0.56
1 63 0.4
1 64 0.63
1 65 0.44
1 66 0.51
1 67 0.45
1 68 0.62
1 69 0.48
1 70 1.09
1 71 1
1 72 0.61
1 73 0.87
1 74 0.55
1 75 0.05
1 76 0.98
1 77 0.97
1 78 0.8
1 79 0.88
1 80 0.89
1 81 0.83
1 82 0.54
1 83 0.5
1 84 0.4
1 85 0.39
1 86 0.39
1 87 0.37
1 88 0.31
1 89 0.35
1 90 0.35
1 91 0.3
1 92 0.4
1 93 0.43
1 94 0.43
1 95 0.33
1 96 0.31
1 97 0.35
1 98 0.24
1 99 0.25
1 100 0.28
2 3 0.08
2 4 0.06
2 5 0.09
2 6 0.08
2 7 0.11
2 8 0.11
2 9 0.12
2 10 0.17
2 11 0.16
2 12 0.37
2 13 0.35
2 14 0.43
2 15 0.45
2 16 0.46
2 17 0.46
2 18 0.55
2 19 0.55
2 20 0.4
2 21 0.4
2 22 0.43
2 23 0.35
2 24 0.45
2 25 0.46
2 26 0.39
2 27 0.48
2 28 0.45
2 29 0.47
2 30 0.5
2 31 0.81
2 32 0.73
2 33 0.69
2 34 0.73
2 35 0.82
2 36 0.85
2 37 0.88
2 38 0.81
2 39 0.83
2 40 0.69
2 41 0.58
2 42 0.69
2 43 0.62
2 44 0.64
2 45 0.7
2 46 0.68
2 47 0.59
2 48 0.75
2 49 0.66
2 50 0.7
2 51 0.75
2 52 0.64
2 53 1.01
2 54 0.96
2 55 0.85
2 56 1.16
2 57 0.98
2 58 1.15
2 59 0.85
2 60 1.08
2 61 0.65
2 62 0.62
2 63 0.51
2 64 0.63
2 65 0.5
2 66 0.51
2 67 0.49
2 68 0.6
2 69 0.49
2 70 0.96
2 71 0.97
2 72 0.7
2 73 0.91
2 74 0.53
2 75 0.08
2 76 0.86
2 77 0.85
2 78 0.94
2 79 0.91
2 80 1.04
2 81 0.82
2 82 0.52
2 83 0.5
2 84 0.42
2 85 0.41
2 86 0.37
2 87 0.39
2 88 0.37
2 89 0.39
2 90 0.3
2 91 0.32
2 92 0.4
2 93 0.42
2 94 0.36
2 95 0.29
2 96 0.32
2 97 0.35
2 98 0.23
2 99 0.24
2 100 0.29
3 4 0.03
3 5 0.02
3 6 0.06
3 7 0.03
3 8 0.07
3 9 0.09
3 10 0.1
3 11 0.13
3 12 0.4
3 13 0.32
3 14 0.4
3 15 0.44
3 16 0.49
3 17 0.45
3 18 0.49
3 19 0.47
3 20 0.32
3 21 0.26
3 22 0.32
3 23 0.31
3 24 0.39
3 25 0.33
3 26 0.34
3 27 0.36
3 28 0.36
3 29 0.43
3 30 0.43
3 31 0.77
3 32 0.6
3 33 0.67
3 34 0.69
3 35 0.7
3 36 0.65
3 37 0.78
3 38 0.8
3 39 0.7
3 40 0.59
3 41 0.6
3 42 0.55
3 43 0.55
3 44 0.53
3 45 0.67
3 46 0.62
3 47 0.49
3 48 0.61
3 49 0.5
3 50 0.63
3 51 0.67
3 52 0.59
3 53 0.94
3 54 0.82
3 55 0.91
3 56 1.01
3 57 0.83
3 58 0.88
3 59 0.88
3 60 0.97
3 61 0.54
3 62 0.48
3 63 0.42
3 64 0.63
3 65 0.43
3 66 0.45
3 67 0.39
3 68 0.58
3 69 0.57
3 70 1.01
3 71 0.96
3 72 0.64
3 73 1.05
3 74 0.56
3 75 0.05
3 76 0.91
3 77 0.92
3 78 0.93
3 79 0.88
3 80 1.04
3 81 0.8
3 82 0.55
3 83 0.48
3 84 0.43
3 85 0.43
3 86 0.46
3 87 0.41
3 88 0.4
3 89 0.34
3 90 0.32
3 91 0.34
3 92 0.46
3 93 0.46
3 94 0.42
3 95 0.36
3 96 0.37
3 97 0.37
3 98 0.32
3 99 0.33
3 100 0.33
4 5 0.04
4 6 0.03
4 7 0.04
4 8 0.07
4 9 0.08
4 10 0.13
4 11 0.11
4 12 0.39
4 13 0.31
4 14 0.46
4 15 0.43
4 16 0.45
4 17 0.39
4 18 0.47
4 19 0.42
4 20 0.31
4 21 0.3
4 22 0.35
4 23 0.31
4 24 0.4
4 25 0.35
4 26 0.33
4 27 0.4
4 28 0.34
4 29 0.46
4 30 0.39
4 31 0.66
4 32 0.65
4 33 0.68
4 34 0.7
4 35 0.76
4 36 0.73
4 37 0.8
4 38 0.77
4 39 0.8
4 40 0.61
4 41 0.52
4 42 0.56
4 43 0.55
4 44 0.61
4 45 0.69
4 46 0.6
4 47 0.53
4 48 0.64
4 49 0.57
4 50 0.71
4 51 0.68
4 52 0.62
4 53 1.02
4 54 1
4 55 0.88
4 56 0.94
4 57 0.84
4 58 1.05
4 59 0.77
4 60 0.97
4 61 0.59
4 62 0.51
4 63 0.48
4 64 0.59
4 65 0.44
4 66 0.54
4 67 0.45
4 68 0.67
4 69 0.52
4 70 1.02
4 71 1.01
4 72 0.65
4 73 0.97
4 74 0.56
4 75 0.07
4 76 0.87
4 77 0.95
4 78 0.91
4 79 0.98
4 80 0.99
4 81 0.9
4 82 0.58
4 83 0.51
4 84 0.51
4 85 0.39
4 86 0.41
4 87 0.45
4 88 0.38
4 89 0.39
4 90 0.35
4 91 0.33
4 92 0.46
4 93 0.43
4 94 0.44
4 95 0.4
4 96 0.38
4 97 0.42
4 98 0.29
4 99 0.28
4 100 0.34
5 6 0.07
5 7 0.04
5 8 0.08
5 9 0.12
5 10 0.11
5 11 0.13
5 12 0.45
5 13 0.4
5 14 0.48
5 15 0.42
5 16 0.51
5 17 0.39
5 18 0.46
5 19 0.47
5 20 0.29
5 21 0.3
5 22 0.32
5 23 0.26
5 24 0.35
5 25 0.33
5 26 0.31
5 27 0.39
5 28 0.34
5 29 0.4
5 30 0.37
5 31 0.64
5 32 0.67
5 33 0.67
5 34 0.59
5 35 0.79
5 36 0.71
5 37 0.72
5 38 0.75
5 39 0.74
5 40 0.57
5 41 0.56
5 42 0.51
5 43 0.53
5 44 0.56
5 45 0.63
5 46 0.5
5 47 0.47
5 48 0.58
5 49 0.55
5 50 0.57
5 51 0.67
5 52 0.52
5 53 0.94
5 54 0.84
5 55 0.76
5 56 0.95
5 57 0.84
5 58 0.91
5 59 0.77
5 60 0.91
5 61 0.57
5 62 0.5
5 63 0.37
5 64 0.53
5 65 0.43
5 66 0.52
5 67 0.36
5 68 0.63
5 69 0.42
5 70 1.05
5 71 0.89
5 72 0.59
5 73 1.03
5 74 0.48
5 75 0.04
5 76 0.96
5 77 1
5 78 0.91
5 79 1.01
5 80 0.89
5 81 0.9
5 82 0.6
5 83 0.55
5 84 0.45
5 85 0.38
5 86 0.4
5 87 0.38
5 88 0.36
5 89 0.31
5 90 0.33
5 91 0.3
5 92 0.5
5 93 0.46
5 94 0.45
5 95 0.38
5 96 0.35
5 97 0.39
5 98 0.34
5 99 0.29
5 100 0.37
6 7 0.05
6 8 0.03
6 9 0.04
6 10 0.1
6 11 0.07
6 12 0.37
6 13 0.31
6 14 0.4
6 15 0.4
6 16 0.4
6 17 0.36
6 18 0.4
6 19 0.43
6 20 0.36
6 21 0.31
6 22 0.33
6 23 0.33
6 24 0.37
6 25 0.35
6 26 0.34
6 27 0.37
6 28 0.37
6 29 0.51
6 30 0.38
6 31 0.74
6 32 0.63
6 33 0.68
6 34 0.66
6 35 0.79
6 36 0.61
6 37 0.8
6 38 0.78
6 39 0.77
6 40 0.67
6 41 0.66
6 42 0.54
6 43 0.56
6 44 0.66
6 45 0.7
6 46 0.58
6 47 0.53
6 48 0.61
6 49 0.56
6 50 0.64
6 51 0.68
6 52 0.56
6 53 1.06
6 54 0.89
6 55 0.93
6 56 0.95
6 57 0.81
6 58 1
6 59 0.83
6 60 0.92
6 61 0.69
6 62 0.57
6 63 0.49
6 64 0.64
6 65 0.49
6 66 0.55
6 67 0.45
6 68 0.56
6 69 0.56
6 70 1
6 71 1.11
6 72 0.65
6 73 1.05
6 74 0.56
6 75 0.11
6 76 1.05
6 77 0.96
6 78 0.91
6 79 1.06
6 80 1
6 81 0.93
6 82 0.57
6 83 0.52
6 84 0.55
6 85 0.5
6 86 0.41
6 87 0.42
6 88 0.44
6 89 0.42
6 90 0.41
6 91 0.36
6 92 0.52
6 93 0.48
6 94 0.49
6 95 0.38
6 96 0.39
6 97 0.44
6 98 0.3
6 99 0.32
6 100 0.31
7 8 0.04
7 9 0.07
7 10 0.08
7 11 0.09
7 12 0.42
7 13 0.31
7 14 0.41
7 15 0.43
7 16 0.44
7 17 0.39
7 18 0.41
7 19 0.45
7 20 0.3
7 21 0.26
7 22 0.31
7 23 0.25
7 24 0.35
7 25 0.31
7 26 0.3
7 27 0.35
7 28 0.32
7 29 0.38
7 30 0.35
7 31 0.73
7 32 0.59
7 33 0.61
7 34 0.59
7 35 0.8
7 36 0.66
7 37 0.67
7 38 0.82
7 39 0.66
7 40 0.62
7 41 0.55
7 42 0.56
7 43 0.47
7 44 0.65
7 45 0.61
7 46 0.59
7 47 0.49
7 48 0.57
7 49 0.5
7 50 0.59
7 51 0.58
7 52 0.5
7 53 0.93
7 54 0.94
7 55 0.79
7 56 1.06
7 57 0.76
7 58 0.89
7 59 0.89
7 60 0.95
7 61 0.55
7 62 0.55
7 63 0.45
7 64 0.6
7 65 0.43
7 66 0.47
7 67 0.4
7 68 0.56
7 69 0.46
7 70 0.97
7 71 1.04
7 72 0.6
7 73 1.09
7 74 0.54
7 75 0.08
7 76 1
7 77 1.03
7 78 0.85
7 79 0.93
7 80 1.02
7 81 0.86
7 82 0.59
7 83 0.52
7 84 0.45
7 85 0.49
7 86 0.43
7 87 0.45
7 88 0.41
7 89 0.37
7 90 0.41
7 91 0.35
7 92 0.55
7 93 0.49
7 94 0.52
7 95 0.39
7 96 0.37
7 97 0.44
7 98 0.31
7 99 0.32
7 100 0.39
8 9 0.03
8 10 0.06
8 11 0.05
8 12 0.36
8 13 0.27
8 14 0.36
8 15 0.31
8 16 0.38
8 17 0.31
8 18 0.41
8 19 0.42
8 20 0.32
8 21 0.3
8 22 0.3
8 23 0.29
8 24 0.39
8 25 0.34
8 26 0.3
8 27 0.35
8 28 0.33
8 29 0.38
8 30 0.38
8 31 0.71
8 32 0.7
8 33 0.67
8 34 0.58
8 35 0.71
8 36 0.62
8 37 0.67
8 38 0.77
8 39 0.71
8 40 0.55
8 41 0.54
8 42 0.55
8 43 0.59
8 44 0.65
8 45 0.68
8 46 0.56
8 47 0.52
8 48 0.63
8 49 0.54
8 50 0.59
8 51 0.7
8 52 0.55
8 53 1.05
8 54 0.95
8 55 0.84
8 56 0.98
8 57 0.91
8 58 1.06
8 59 0.84
8 60 0.95
8 61 0.69
8 62 0.56
8 63 0.49
8 64 0.58
8 65 0.47
8 66 0.59
8 67 0.45
8 68 0.59
8 69 0.5
8 70 1.11
8 71 1.01
8 72 0.73
8 73 0.99
8 74 0.55
8 75 0.13
8 76 1
8 77 1.11
8 78 1.03
8 79 0.97
8 80 0.97
8 81 0.96
8 82 0.62
8 83 0.63
8 84 0.51
8 85 0.45
8 86 0.45
8 87 0.49
8 88 0.42
8 89 0.48
8 90 0.42
8 91 0.38
8 92 0.55
8 93 0.47
8 94 0.52
8 95 0.43
8 96 0.42
8 97 0.44
8 98 0.35
8 99 0.31
8 100 0.36
9 10 0.08
9 11 0.05
9 12 0.32
9 13 0.29
9 14 0.32
9 15 0.33
9 16 0.37
9 17 0.34
9 18 0.39
9 19 0.36
9 20 0.32
9 21 0.33
9 22 0.32
9 23 0.29
9 24 0.35
9 25 0.38
9 26 0.32
9 27 0.35
9 28 0.35
9 29 0.46
9 30 0.38
9 31 0.71
9 32 0.7
9 33 0.62
9 34 0.64
9 35 0.74
9 36 0.65
9 37 0.71
9 38 0.69
9 39 0.75
9 40 0.62
9 41 0.6
9 42 0.6
9 43 0.54
9 44 0.66
9 45 0.65
9 46 0.65
9 47 0.56
9 48 0.75
9 49 0.57
9 50 0.66
9 51 0.61
9 52 0.56
9 53 1.15
9 54 0.99
9 55 0.79
9 56 1.13
9 57 0.89
9 58 0.96
9 59 0.86
9 60 1.04
9 61 0.61
9 62 0.61
9 63 0.56
9 64 0.74
9 65 0.45
9 66 0.53
9 67 0.49
9 68 0.66
9 69 0.56
9 70 1.21
9 71 1
9 72 0.65
9 73 1.03
9 74 0.58
9 75 0.15
9 76 1.03
9 77 0.98
9 78 0.95
9 79 1.06
9 80 0.99
9 81 0.9
9 82 0.62
9 83 0.58
9 84 0.55
9 85 0.45
9 86 0.53
9 87 0.45
9 88 0.43
9 89 0.43
9 90 0.41
9 91 0.37
9 92 0.54
9 93 0.51
9 94 0.53
9 95 0.42
9 96 0.39
9 97 0.46
9 98 0.33
9 99 0.33
9 100 0.34
10 11 0.05
10 12 0.34
10 13 0.28
10 14 0.37
10 15 0.36
10 16 0.41
10 17 0.33
10 18 0.32
10 19 0.35
10 20 0.26
10 21 0.24
10 22 0.25
10 23 0.2
10 24 0.29
10 25 0.27
10 26 0.22
10 27 0.32
10 28 0.25
10 29 0.33
10 30 0.28
10 31 0.67
10 32 0.54
10 33 0.61
10 34 0.56
10 35 0.74
10 36 0.54
10 37 0.63
10 38 0.65
10 39 0.66
10 40 0.58
10 41 0.52
10 42 0.6
10 43 0.55
10 44 0.6
10 45 0.61
10 46 0.51
10 47 0.49
10 48 0.59
10 49 0.47
10 50 0.53
10 51 0.69
10 52 0.56
10 53 0.96
10 54 0.96
10 55 0.77
10 56 0.96
10 57 0.74
10 58 0.9
10 59 0.85
10 60 0.94
10 61 0.61
10 62 0.58
10 63 0.47
10 64 0.6
10 65 0.42
10 66 0.57
10 67 0.46
10 68 0.67
10 69 0.54
10 70 1.06
10 71 1.15
10 72 0.59
10 73 1.12
10 74 0.54
10 75 0.15
10 76 1.02
10 77 1.01
10 78 0.96
10 79 0.95
10 80 0.94
10 81 0.94
10 82 0.67
10 83 0.62
10 84 0.61
10 85 0.49
10 86 0.54
10 87 0.5
10 88 0.46
10 89 0.44
10 90 0.42
10 91 0.4
10 92 0.62
10 93 0.61
10 94 0.56
10 95 0.52
10 96 0.5
10 97 0.51
10 98 0.38
10 99 0.41
10 100 0.41
11 12 0.3
11 13 0.2
11 14 0.34
11 15 0.29
11 16 0.35
11 17 0.29
11 18 0.33
11 19 0.35
11 20 0.3
11 21 0.28
11 22 0.29
11 23 0.24
11 24 0.32
11 25 0.34
11 26 0.26
11 27 0.34
11 28 0.32
11 29 0.4
11 30 0.32
11 31 0.72
11 32 0.63
11 33 0.59
11 34 0.65
11 35 0.72
11 36 0.56
11 37 0.67
11 38 0.76
11 39 0.64
11 40 0.68
11 41 0.57
11 42 0.58
11 43 0.5
11 44 0.61
11 45 0.67
11 46 0.56
11 47 0.52
11 48 0.62
11 49 0.51
11 50 0.59
11 51 0.61
11 52 0.55
11 53 1.12
11 54 0.85
11 55 0.97
11 56 1.01
11 57 0.82
11 58 1.06
11 59 0.88
11 60 0.91
11 61 0.65
11 62 0.63
11 63 0.49
11 64 0.64
11 65 0.49
11 66 0.58
11 67 0.46
11 68 0.61
11 69 0.55
11 70 1.17
11 71 1.1
11 72 0.69
11 73 1.04
11 74 0.65
11 75 0.17
11 76 1.17
11 77 0.94
11 78 1.07
11 79 1.15
11 80 1
11 81 0.89
11 82 0.69
11 83 0.61
11 84 0.57
11 85 0.55
11 86 0.56
11 87 0.56
11 88 0.54
11 89 0.54
11 90 0.46
11 91 0.44
11 92 0.61
11 93 0.57
11 94 0.55
11 95 0.48
11 96 0.43
11 97 0.49
11 98 0.35
11 99 0.4
11 100 0.41
12 13 0.17
12 14 0.05
12 15 0.1
12 16 0.09
12 17 0.21
12 18 0.23
12 19 0.19
12 20 0.57
12 21 0.53
12 22 0.52
12 23 0.44
12 24 0.53
12 25 0.56
12 26 0.48
12 27 0.47
12 28 0.54
12 29 0.56
12 30 0.46
12 31 0.77
12 32 0.81
12 33 0.76
12 34 0.76
12 35 0.87
12 36 0.66
12 37 0.88
12 38 0.79
12 39 0.81
12 40 0.86
12 41 0.93
12 42 0.91
12 43 0.8
12 44 0.96
12 45 0.87
12 46 0.79
12 47 0.77
12 48 0.81
12 49 0.73
12 50 0.87
12 51 0.9
12 52 0.73
12 53 1.33
12 54 1.18
12 55 1.08
12 56 1.32
12 57 1.03
12 58 1.25
12 59 1.04
12 60 1.19
12 61 1
12 62 0.93
12 63 0.75
12 64 0.9
12 65 0.82
12 66 0.83
12 67 0.81
12 68 1.04
12 69 0.88
12 70 1.38
12 71 1.43
12 72 0.9
12 73 1.46
12 74 0.9
12 75 0.45
12 76 1.34
12 77 1.46
12 78 1.41
12 79 1.33
12 80 1.3
12 81 1.25
12 82 1.06
12 83 0.94
12 84 0.89
12 85 0.75
12 86 0.74
12 87 0.84
12 88 0.78
12 89 0.82
12 90 0.77
12 91 0.69
12 92 0.63
12 93 0.62
12 94 0.68
12 95 0.6
12 96 0.59
12 97 0.55
12 98 0.61
12 99 0.48
12 100 0.44
13 14 0.16
13 15 0.08
13 16 0.16
13 17 0.06
13 18 0.12
13 19 0.14
13 20 0.4
13 21 0.36
13 22 0.36
13 23 0.31
13 24 0.42
13 25 0.4
13 26 0.34
13 27 0.35
13 28 0.32
13 29 0.44
13 30 0.35
13 31 0.72
13 32 0.62
13 33 0.58
13 34 0.52
13 35 0.68
13 36 0.5
13 37 0.7
13 38 0.67
13 39 0.56
13 40 0.75
13 41 0.66
13 42 0.73
13 43 0.67
13 44 0.71
13 45 0.76
13 46 0.64
13 47 0.7
13 48 0.72
13 49 0.64
13 50 0.7
13 51 0.7
13 52 0.59
13 53 1.1
13 54 1.11
13 55 0.95
13 56 1.12
13 57 1.07
13 58 1.13
13 59 0.94
13 60 1.04
13 61 0.9
13 62 0.79
13 63 0.65
13 64 0.87
13 65 0.72
13 66 0.81
13 67 0.65
13 68 0.82
13 69 0.77
13 70 1.46
13 71 1.5
13 72 0.83
13 73 1.38
13 74 0.87
13 75 0.38
13 76 1.3
13 77 1.34
13 78 1.15
13 79 1.17
13 80 1.31
13 81 1.18
13 82 0.88
13 83 0.89
13 84 0.74
13 85 0.81
13 86 0.85
13 87 0.74
13 88 0.73
13 89 0.68
13 90 0.63
13 91 0.62
13 92 0.74
13 93 0.75
13 94 0.66
13 95 0.6
13 96 0.55
13 97 0.58
13 98 0.54
13 99 0.5
13 100 0.6
14 15 0.08
14 16 0.03
14 17 0.16
14 18 0.18
14 19 0.13
14 20 0.57
14 21 0.55
14 22 0.51
14 23 0.51
14 24 0.53
14 25 0.5
14 26 0.48
14 27 0.56
14 28 0.47
14 29 0.53
14 30 0.48
14 31 0.85
14 32 0.68
14 33 0.79
14 34 0.68
14 35 0.83
14 36 0.69
14 37 0.73
14 38 0.78
14 39 0.72
14 40 1
14 41 0.83
14 42 0.92
14 43 0.75
14 44 0.92
14 45 0.93
14 46 0.83
14 47 0.75
14 48 0.93
14 49 0.82
14 50 0.89
14 51 0.87
14 52 0.74
14 53 1.3
14 54 1.25
14 55 1.13
14 56 1.4
14 57 1.22
14 58 1.29
14 59 1.13
14 60 1.18
14 61 0.91
14 62 0.83
14 63 0.9
14 64 1.01
14 65 0.79
14 66 0.82
14 67 0.81
14 68 0.99
14 69 0.8
14 70 1.39
14 71 1.48
14 72 0.95
14 73 1.35
14 74 0.93
14 75 0.51
14 76 1.28
14 77 1.33
14 78 1.31
14 79 1.49
14 80 1.41
14 81 1.31
14 82 1
14 83 0.95
14 84 0.98
14 85 0.8
14 86 0.78
14 87 0.83
14 88 0.78
14 89 0.7
14 90 0.74
14 91 0.74
14 92 0.66
14 93 0.65
14 94 0.73
14 95 0.7
14 96 0.62
14 97 0.62
14 98 0.55
14 99 0.56
14 100 0.53
15 16 0.08
15 17 0.09
15 18 0.12
15 19 0.07
15 20 0.55
15 21 0.49
15 22 0.49
15 23 0.4
15 24 0.46
15 25 0.46
15 26 0.4
15 27 0.5
15 28 0.44
15 29 0.5
15 30 0.37
15 31 0.79
15 32 0.7
15 33 0.7
15 34 0.61
15 35 0.75
15 36 0.6
15 37 0.63
15 38 0.65
15 39 0.69
15 40 0.9
15 41 0.73
15 42 0.74
15 43 0.67
15 44 0.75
15 45 0.8
15 46 0.76
15 47 0.76
15 48 0.75
15 49 0.68
15 50 0.79
15 51 0.8
15 52 0.72
15 53 1.21
15 54 1.13
15 55 1.11
15 56 1.16
15 57 1.13
15 58 1.27
15 59 1.11
15 60 1.22
15 61 0.89
15 62 0.85
15 63 0.83
15 64 0.88
15 65 0.83
15 66 0.81
15 67 0.75
15 68 0.87
15 69 0.77
15 70 1.47
15 71 1.43
15 72 0.93
15 73 1.47
15 74 0.86
15 75 0.45
15 76 1.25
15 77 1.42
15 78 1.23
15 79 1.36
15 80 1.4
15 81 1.13
15 82 0.92
15 83 0.87
15 84 0.85
15 85 0.78
15 86 0.86
15 87 0.86
15 88 0.76
15 89 0.8
15 90 0.8
15 91 0.71
15 92 0.8
15 93 0.72
15 94 0.67
15 95 0.7
15 96 0.6
15 97 0.7
15 98 0.58
15 99 0.53
15 100 0.54
16 17 0.17
16 18 0.19
16 19 0.11
16 20 0.58
16 21 0.52
16 22 0.59
16 23 0.56
16 24 0.6
16 25 0.51
16 26 0.43
16 27 0.54
16 28 0.44
16 29 0.54
16 30 0.49
16 31 0.75
16 32 0.72
16 33 0.74
16 34 0.66
16 35 0.8
16 36 0.73
16 37 0.73
16 38 0.72
16 39 0.72
16 40 0.91
16 41 0.81
16 42 0.83
16 43 0.83
16 44 0.86
16 45 0.87
16 46 0.81
16 47 0.83
16 48 0.98
16 49 0.78
16 50 0.77
16 51 0.78
16 52 0.81
16 53 1.26
16 54 1.15
16 55 1.23
16 56 1.28
16 57 1.08
16 58 1.29
16 59 1.3
16 60 1.28
16 61 1.04
16 62 0.95
16 63 0.88
16 64 1.05
16 65 0.81
16 66 1.01
16 67 0.78
16 68 1.11
16 69 0.96
16 70 1.43
16 71 1.42
16 72 0.96
16 73 1.62
16 74 0.91
16 75 0.48
16 76 1.36
16 77 1.54
16 78 1.41
16 79 1.3
16 80 1.36
16 81 1.26
16 82 1.04
16 83 0.9
16 84 0.85
16 85 0.8
16 86 0.84
16 87 0.86
16 88 0.83
16 89 0.78
16 90 0.74
16 91 0.74
16 92 0.81
16 93 0.68
16 94 0.68
16 95 0.75
16 96 0.62
16 97 0.73
16 98 0.64
16 99 0.57
16 100 0.61
17 18 0.05
17 19 0.09
17 20 0.4
17 21 0.4
17 22 0.37
17 23 0.35
17 24 0.4
17 25 0.42
17 26 0.33
17 27 0.41
17 28 0.29
17 29 0.39
17 30 0.3
17 31 0.66
17 32 0.59
17 33 0.56
17 34 0.48
17 35 0.7
17 36 0.48
17 37 0.64
17 38 0.56
17 39 0.53
17 40 0.72
17 41 0.71
17 42 0.69
17 43 0.72
17 44 0.74
17 45 0.8
17 46 0.67
17 47 0.62
17 48 0.81
17 49 0.65
17 50 0.64
17 51 0.67
17 52 0.7
17 53 1.22
17 54 0.99
17 55 0.97
17 56 1.24
17 57 1.04
17 58 1.19
17 59 0.92
17 60 1.09
17 61 0.83
17 62 0.79
17 63 0.76
17 64 0.84
17 65 0.76
17 66 0.84
17 67 0.69
17 68 0.76
17 69 0.72
17 70 1.38
17 71 1.4
17 72 0.93
17 73 1.53
17 74 0.91
17 75 0.44
17 76 1.4
17 77 1.47
17 78 1.18
17 79 1.35
17 80 1.27
17 81 1.34
17 82 0.97
17 83 0.87
17 84 0.99
17 85 0.84
17 86 0.83
17 87 0.9
17 88 0.83
17 89 0.75
17 90 0.7
17 91 0.73
17 92 0.79
17 93 0.72
17 94 0.85
17 95 0.7
17 96 0.7
17 97 0.74
17 98 0.6
17 99 0.53
17 100 0.58
18 19 0.08
18 20 0.44
18 21 0.43
18 22 0.45
18 23 0.35
18 24 0.38
18 25 0.38
18 26 0.32
18 27 0.43
18 28 0.38
18 29 0.4
18 30 0.34
18 31 0.62
18 32 0.57
18 33 0.53
18 34 0.54
18 35 0.65
18 36 0.47
18 37 0.54
18 38 0.63
18 39 0.57
18 40 0.84
18 41 0.73
18 42 0.74
18 43 0.67
18 44 0.81
18 45 0.74
18 46 0.77
18 47 0.62
18 48 0.79
18 49 0.67
18 50 0.64
18 51 0.73
18 52 0.66
18 53 1.31
18 54 1.07
18 55 1.11
18 56 1.21
18 57 1.03
18 58 1.21
18 59 1.14
18 60 1.12
18 61 0.86
18 62 0.78
18 63 0.8
18 64 0.88
18 65 0.73
18 66 0.85
18 67 0.69
18 68 0.84
18 69 0.76
18 70 1.48
18 71 1.43
18 72 0.85
18 73 1.51
18 74 0.96
18 75 0.49
18 76 1.28
18 77 1.36
18 78 1.46
18 79 1.39
18 80 1.31
18 81 1.31
18 82 0.96
18 83 0.92
18 84 0.99
18 85 0.81
18 86 0.93
18 87 0.95
18 88 0.88
18 89 0.74
18 90 0.74
18 91 0.71
18 92 0.89
18 93 0.91
18 94 0.75
18 95 0.71
18 96 0.65
18 97 0.82
18 98 0.76
18 99 0.65
18 100 0.69
19 20 0.55
19 21 0.46
19 22 0.51
19 23 0.41
19 24 0.45
19 25 0.44
19 26 0.43
19 27 0.42
19 28 0.4
19 29 0.5
19 30 0.39
19 31 0.72
19 32 0.62
19 33 0.7
19 34 0.6
19 35 0.73
19 36 0.53
19 37 0.65
19 38 0.67
19 39 0.58
19 40 0.82
19 41 0.86
19 42 0.73
19 43 0.73
19 44 0.76
19 45 0.79
19 46 0.78
19 47 0.67
19 48 0.81
19 49 0.71
19 50 0.75
19 51 0.85
19 52 0.76
19 53 1.27
19 54 1.09
19 55 1.15
19 56 1.18
19 57 1.17
19 58 1.27
19 59 1.03
19 60 1.31
19 61 0.94
19 62 0.96
19 63 0.85
19 64 0.84
19 65 0.76
19 66 0.89
19 67 0.76
19 68 0.99
19 69 0.84
19 70 1.51
19 71 1.43
19 72 1.07
19 73 1.6
19 74 0.83
19 75 0.5
19 76 1.51
19 77 1.29
19 78 1.49
19 79 1.27
19 80 1.32
19 81 1.21
19 82 1.1
19 83 1.07
19 84 0.85
19 85 0.8
19 86 0.95
19 87 0.97
19 88 0.88
19 89 0.89
19 90 0.82
19 91 0.75
19 92 0.81
19 93 0.77
19 94 0.82
19 95 0.8
19 96 0.79
19 97 0.8
19 98 0.72
19 99 0.64
19 100 0.59
20 21 0.03
20 22 0.05
20 23 0.08
20 24 0.08
20 25 0.08
20 26 0.11
20 27 0.11
20 28 0.13
20 29 0.16
20 30 0.19
20 31 0.41
20 32 0.38
20 33 0.39
20 34 0.37
20 35 0.5
20 36 0.41
20 37 0.42
20 38 0.53
20 39 0.46
20 40 0.31
20 41 0.27
20 42 0.31
20 43 0.26
20 44 0.29
20 45 0.29
20 46 0.29
20 47 0.22
20 48 0.35
20 49 0.21
20 50 0.27
20 51 0.33
20 52 0.27
20 53 0.75
20 54 0.62
20 55 0.59
20 56 0.81
20 57 0.56
20 58 0.69
20 59 0.55
20 60 0.66
20 61 0.46
20 62 0.4
20 63 0.38
20 64 0.44
20 65 0.32
20 66 0.39
20 67 0.33
20 68 0.44
20 69 0.32
20 70 0.97
20 71 1.04
20 72 0.48
20 73 0.98
20 74 0.5
20 75 0.37
20 76 0.97
20 77 1.02
20 78 0.87
20 79 0.9
20 80 0.95
20 81 0.86
20 82 0.74
20 83 0.69
20 84 0.67
20 85 0.64
20 86 0.53
20 87 0.6
20 88 0.57
20 89 0.49
20 90 0.5
20 91 0.47
20 92 0.8
20 93 0.72
20 94 0.8
20 95 0.71
20 96 0.65
20 97 0.73
20 98 0.56
20 99 0.58
20 100 0.77
21 22 0.03
21 23 0.06
21 24 0.08
21 25 0.09
21 26 0.1
21 27 0.12
21 28 0.11
21 29 0.15
21 30 0.18
21 31 0.37
21 32 0.41
21 33 0.42
21 34 0.36
21 35 0.48
21 36 0.39
21 37 0.45
21 38 0.56
21 39 0.48
21 40 0.36
21 41 0.32
21 42 0.3
21 43 0.3
21 44 0.35
21 45 0.34
21 46 0.34
21 47 0.28
21 48 0.38
21 49 0.28
21 50 0.34
21 51 0.33
21 52 0.29
21 53 0.83
21 54 0.71
21 55 0.66
21 56 0.7
21 57 0.63
21 58 0.73
21 59 0.56
21 60 0.75
21 61 0.5
21 62 0.47
21 63 0.33
21 64 0.48
21 65 0.33
21 66 0.4
21 67 0.36
21 68 0.42
21 69 0.39
21 70 1.04
21 71 1.13
21 72 0.52
21 73 1.07
21 74 0.5
21 75 0.29
21 76 1.08
21 77 0.93
21 78 0.93
21 79 0.89
21 80 0.89
21 81 0.94
21 82 0.84
21 83 0.66
21 84 0.69
21 85 0.62
21 86 0.61
21 87 0.52
21 88 0.6
21 89 0.53
21 90 0.47
21 91 0.54
21 92 0.84
21 93 0.76
21 94 0.76
21 95 0.69
21 96 0.67
21 97 0.71
21 98 0.52
21 99 0.6
21 100 0.64
22 23 0.05
22 24 0.06
22 25 0.06
22 26 0.07
22 27 0.08
22 28 0.09
22 29 0.13
22 30 0.13
22 31 0.39
22 32 0.33
22 33 0.38
22 34 0.36
22 35 0.48
22 36 0.4
22 37 0.48
22 38 0.47
22 39 0.43
22 40 0.4
22 41 0.35
22 42 0.3
22 43 0.29
22 44 0.36
22 45 0.37
22 46 0.3
22 47 0.29
22 48 0.38
22 49 0.28
22 50 0.32
22 51 0.32
22 52 0.26
22 53 0.73
22 54 0.64
22 55 0.62
22 56 0.7
22 57 0.67
22 58 0.74
22 59 0.54
22 60 0.76
22 61 0.46
22 62 0.42
22 63 0.35
22 64 0.42
22 65 0.39
22 66 0.43
22 67 0.33
22 68 0.4
22 69 0.38
22 70 1.05
22 71 1.12
22 72 0.55
22 73 1.05
22 74 0.47
22 75 0.31
22 76 0.98
22 77 0.98
22 78 0.96
22 79 0.91
22 80 1.09
22 81 1.09
22 82 0.72
22 83 0.64
22 84 0.62
22 85 0.67
22 86 0.68
22 87 0.58
22 88 0.55
22 89 0.52
22 90 0.47
22 91 0.56
22 92 0.73
22 93 0.9
22 94 0.8
22 95 0.75
22 96 0.69
22 97 0.77
22 98 0.56
22 99 0.64
22 100 0.77
23 24 0.09
23 25 0.08
23 26 0.05
23 27 0.08
23 28 0.07
23 29 0.15
23 30 0.13
23 31 0.4
23 32 0.41
23 33 0.43
23 34 0.34
23 35 0.49
23 36 0.42
23 37 0.45
23 38 0.5
23 39 0.47
23 40 0.45
23 41 0.37
23 42 0.37
23 43 0.32
23 44 0.42
23 45 0.43
23 46 0.35
23 47 0.32
23 48 0.44
23 49 0.32
23 50 0.38
23 51 0.43
23 52 0.31
23 53 0.91
23 54 0.79
23 55 0.71
23 56 0.84
23 57 0.61
23 58 0.81
23 59 0.65
23 60 0.8
23 61 0.5
23 62 0.43
23 63 0.41
23 64 0.53
23 65 0.38
23 66 0.47
23 67 0.37
23 68 0.51
23 69 0.41
23 70 1.16
23 71 1.21
23 72 0.52
23 73 0.99
23 74 0.48
23 75 0.32
23 76 1.03
23 77 1
23 78 1.04
23 79 0.98
23 80 0.94
23 81 0.94
23 82 0.76
23 83 0.68
23 84 0.61
23 85 0.61
23 86 0.59
23 87 0.55
23 88 0.59
23 89 0.52
23 90 0.46
23 91 0.52
23 92 0.76
23 93 0.74
23 94 0.65
23 95 0.65
23 96 0.68
23 97 0.67
23 98 0.54
23 99 0.58
23 100 0.62
24 25 0.03
24 26 0.08
24 27 0.05
24 28 0.08
24 29 0.07
24 30 0.11
24 31 0.32
24 32 0.28
24 33 0.34
24 34 0.28
24 35 0.41
24 36 0.31
24 37 0.42
24 38 0.43
24 39 0.4
24 40 0.39
24 41 0.33
24 42 0.32
24 43 0.28
24 44 0.32
24 45 0.34
24 46 0.26
24 47 0.26
24 48 0.37
24 49 0.22
24 50 0.27
24 51 0.34
24 52 0.26
24 53 0.76
24 54 0.66
24 55 0.64
24 56 0.69
24 57 0.59
24 58 0.71
24 59 0.6
24 60 0.69
24 61 0.54
24 62 0.42
24 63 0.42
24 64 0.46
24 65 0.38
24 66 0.38
24 67 0.42
24 68 0.42
24 69 0.43
24 70 1.19
24 71 1.17
24 72 0.52
24 73 1.17
24 74 0.52
24 75 0.4
24 76 0.98
24 77 1.03
24 78 0.96
24 79 0.96
24 80 1.04
24 81 0.93
24 82 0.9
24 83 0.7
24 84 0.74
24 85 0.69
24 86 0.63
24 87 0.6
24 88 0.71
24 89 0.63
24 90 0.59
24 91 0.53
24 92 0.83
24 93 0.89
24 94 0.77
24 95 0.76
24 96 0.81
24 97 0.73
24 98 0.61
24 99 0.66
24 100 0.77
25 26 0.04
25 27 0.03
25 28 0.05
25 29 0.09
25 30 0.09
25 31 0.38
25 32 0.32
25 33 0.34
25 34 0.32
25 35 0.41
25 36 0.35
25 37 0.44
25 38 0.48
25 39 0.44
25 40 0.41
25 41 0.35
25 42 0.33
25 43 0.31
25 44 0.39
25 45 0.33
25 46 0.38
25 47 0.29
25 48 0.37
25 49 0.27
25 50 0.31
25 51 0.32
25 52 0.24
25 53 0.87
25 54 0.76
25 55 0.61
25 56 0.79
25 57 0.65
25 58 0.85
25 59 0.58
25 60 0.84
25 61 0.52
25 62 0.43
25 63 0.46
25 64 0.51
25 65 0.39
25 66 0.47
25 67 0.44
25 68 0.47
25 69 0.47
25 70 1.17
25 71 1.05
25 72 0.59
25 73 1.11
25 74 0.57
25 75 0.4
25 76 1.05
25 77 1.07
25 78 1.01
25 79 1.07
25 80 0.99
25 81 0.92
25 82 0.76
25 83 0.7
25 84 0.72
25 85 0.69
25 86 0.6
25 87 0.64
25 88 0.69
25 89 0.57
25 90 0.59
25 91 0.56
25 92 0.88
25 93 0.83
25 94 0.76
25 95 0.73
25 96 0.74
25 97 0.72
25 98 0.62
25 99 0.62
25 100 0.66
26 27 0.06
26 28 0.03
26 29 0.11
26 30 0.08
26 31 0.41
26 32 0.32
26 33 0.37
26 34 0.33
26 35 0.42
26 36 0.33
26 37 0.45
26 38 0.5
26 39 0.46
26 40 0.49
26 41 0.41
26 42 0.39
26 43 0.34
26 44 0.4
26 45 0.39
26 46 0.38
26 47 0.29
26 48 0.36
26 49 0.31
26 50 0.41
26 51 0.41
26 52 0.32
26 53 0.83
26 54 0.81
26 55 0.73
26 56 0.84
26 57 0.72
26 58 0.79
26 59 0.71
26 60 0.8
26 61 0.54
26 62 0.49
26 63 0.44
26 64 0.57
26 65 0.45
26 66 0.48
26 67 0.42
26 68 0.57
26 69 0.48
26 70 1.21
26 71 1.02
26 72 0.62
26 73 1.22
26 74 0.61
26 75 0.36
26 76 1
26 77 1.15
26 78 1.1
26 79 1.02
26 80 1.06
26 81 0.92
26 82 0.78
26 83 0.72
26 84 0.72
26 85 0.68
26 86 0.71
26 87 0.59
26 88 0.7
26 89 0.65
26 90 0.51
26 91 0.62
26 92 0.82
26 93 0.8
26 94 0.82
26 95 0.76
26 96 0.69
26 97 0.79
26 98 0.56
26 99 0.57
26 100 0.71
27 28 0.05
27 29 0.06
27 30 0.06
27 31 0.35
27 32 0.29
27 33 0.31
27 34 0.25
27 35 0.39
27 36 0.28
27 37 0.38
27 38 0.44
27 39 0.43
27 40 0.37
27 41 0.37
27 42 0.34
27 43 0.32
27 44 0.34
27 45 0.34
27 46 0.36
27 47 0.31
27 48 0.34
27 49 0.3
27 50 0.35
27 51 0.37
27 52 0.29
27 53 0.87
27 54 0.7
27 55 0.63
27 56 0.79
27 57 0.6
27 58 0.87
27 59 0.62
27 60 0.73
27 61 0.54
27 62 0.51
27 63 0.46
27 64 0.55
27 65 0.44
27 66 0.44
27 67 0.41
27 68 0.52
27 69 0.43
27 70 1.26
27 71 1.12
27 72 0.54
27 73 1.04
27 74 0.54
27 75 0.45
27 76 1.15
27 77 1.03
27 78 1.04
27 79 1.12
27 80 1.01
27 81 1.02
27 82 0.78
27 83 0.77
27 84 0.73
27 85 0.78
27 86 0.67
27 87 0.69
27 88 0.7
27 89 0.62
27 90 0.6
27 91 0.67
27 92 0.9
27 93 0.86
27 94 0.83
27 95 0.85
27 96 0.76
27 97 0.73
27 98 0.64
27 99 0.73
27 100 0.75
28 29 0.1
28 30 0.05
28 31 0.43
28 32 0.32
28 33 0.32
28 34 0.27
28 35 0.4
28 36 0.32
28 37 0.44
28 38 0.46
28 39 0.38
28 40 0.44
28 41 0.46
28 42 0.39
28 43 0.33
28 44 0.4
28 45 0.38
28 46 0.36
28 47 0.31
28 48 0.37
28 49 0.32
28 50 0.37
28 51 0.37
28 52 0.32
28 53 0.81
28 54 0.75
28 55 0.77
28 56 0.91
28 57 0.67
28 58 0.82
28 59 0.61
28 60 0.8
28 61 0.63
28 62 0.52
28 63 0.48
28 64 0.57
28 65 0.47
28 66 0.49
28 67 0.42
28 68 0.5
28 69 0.52
28 70 1.21
28 71 1.32
28 72 0.64
28 73 1.19
28 74 0.54
28 75 0.39
28 76 1.06
28 77 1.18
28 78 1.01
28 79 0.99
28 80 0.99
28 81 1.07
28 82 0.89
28 83 0.76
28 84 0.71
28 85 0.77
28 86 0.72
28 87 0.63
28 88 0.65
28 89 0.65
28 90 0.62
28 91 0.64
28 92 0.8
28 93 0.78
28 94 0.89
28 95 0.74
28 96 0.73
28 97 0.72
28 98 0.65
28 99 0.68
28 100 0.68
29 30 0.08
29 31 0.32
29 32 0.22
29 33 0.23
29 34 0.2
29 35 0.35
29 36 0.25
29 37 0.3
29 38 0.34
29 39 0.3
29 40 0.37
29 41 0.34
29 42 0.35
29 43 0.35
29 44 0.37
29 45 0.36
29 46 0.32
29 47 0.31
29 48 0.37
29 49 0.24
29 50 0.29
29 51 0.32
29 52 0.23
29 53 0.79
29 54 0.74
29 55 0.63
29 56 0.84
29 57 0.59
29 58 0.81
29 59 0.64
29 60 0.82
29 61 0.61
29 62 0.55
29 63 0.52
29 64 0.54
29 65 0.5
29 66 0.44
29 67 0.43
29 68 0.52
29 69 0.48
29 70 1.13
29 71 1.3
29 72 0.67
29 73 1.36
29 74 0.53
29 75 0.46
29 76 1.21
29 77 1.15
29 78 1.09
29 79 1.1
29 80 1.14
29 81 1.03
29 82 0.94
29 83 0.9
29 84 0.74
29 85 0.77
29 86 0.72
29 87 0.77
29 88 0.81
29 89 0.68
29 90 0.7
29 91 0.6
29 92 0.89
29 93 0.85
29 94 0.81
29 95 0.77
29 96 0.81
29 97 0.82
29 98 0.76
29 99 0.72
29 100 0.78
30 31 0.36
30 32 0.29
30 33 0.31
30 34 0.23
30 35 0.4
30 36 0.26
30 37 0.35
30 38 0.4
30 39 0.37
30 40 0.5
30 41 0.42
30 42 0.4
30 43 0.42
30 44 0.48
30 45 0.39
30 46 0.41
30 47 0.32
30 48 0.4
30 49 0.33
30 50 0.35
30 51 0.4
30 52 0.34
30 53 0.86
30 54 0.76
30 55 0.69
30 56 0.83
30 57 0.71
30 58 0.78
30 59 0.67
30 60 0.84
30 61 0.59
30 62 0.61
30 63 0.57
30 64 0.58
30 65 0.49
30 66 0.48
30 67 0.46
30 68 0.54
30 69 0.59
30 70 1.26
30 71 1.32
30 72 0.73
30 73 1.21
30 74 0.62
30 75 0.4
30 76 1.19
30 77 1.19
30 78 1.25
30 79 1.19
30 80 1.13
30 81 1.02
30 82 0.85
30 83 0.86
30 84 0.91
30 85 0.78
30 86 0.75
30 87 0.71
30 88 0.69
30 89 0.73
30 90 0.62
30 91 0.6
30 92 0.92
30 93 0.9
30 94 0.74
30 95 0.75
30 96 0.75
30 97 0.75
30 98 0.64
30 99 0.65
30 100 0.81
31 32 0.09
31 33 0.1
31 34 0.17
31 35 0.09
31 36 0.18
31 37 0.14
31 38 0.19
31 39 0.23
31 40 0.4
31 41 0.4
31 42 0.41
31 43 0.38
31 44 0.34
31 45 0.33
31 46 0.32
31 47 0.34
31 48 0.28
31 49 0.28
31 50 0.26
31 51 0.23
31 52 0.23
31 53 0.69
31 54 0.66
31 55 0.56
31 56 0.62
31 57 0.57
31 58 0.64
31 59 0.51
31 60 0.67
31 61 0.58
31 62 0.66
31 63 0.65
31 64 0.64
31 65 0.64
31 66 0.63
31 67 0.64
31 68 0.64
31 69 0.52
31 70 1.25
31 71 1.36
31 72 0.73
31 73 1.28
31 74 0.74
31 75 0.78
31 76 1.29
31 77 1.24
31 78 1.16
31 79 1.39
31 80 1.16
31 81 1.15
31 82 1.01
31 83 0.98
31 84 1.11
31 85 1.03
31 86 0.91
31 87 1.07
31 88 1
31 89 0.84
31 90 0.86
31 91 0.85
31 92 1.09
31 93 1.17
31 94 1.11
31 95 1.03
31 96 0.99
31 97 1.12
31 98 1.05
31 99 0.98
31 100 1.12
32 33 0.03
32 34 0.09
32 35 0.12
32 36 0.11
32 37 0.13
32 38 0.15
32 39 0.19
32 40 0.44
32 41 0.46
32 42 0.38
32 43 0.38
32 44 0.37
32 45 0.32
32 46 0.34
32 47 0.34
32 48 0.37
32 49 0.28
32 50 0.27
32 51 0.29
32 52 0.25
32 53 0.89
32 54 0.71
32 55 0.64
32 56 0.71
32 57 0.62
32 58 0.71
32 59 0.67
32 60 0.71
32 61 0.73
32 62 0.62
32 63 0.74
32 64 0.67
32 65 0.57
32 66 0.6
32 67 0.66
32 68 0.56
32 69 0.53
32 70 1.46
32 71 1.28
32 72 0.7
32 73 1.32
32 74 0.65
32 75 0.77
32 76 1.18
32 77 1.23
32 78 1.31
32 79 1.13
32 80 1.14
32 81 1.12
32 82 1.07
32 83 1.07
32 84 1.02
32 85 1.08
32 86 1.05
32 87 0.96
32 88 0.96
32 89 0.82
32 90 0.81
32 91 0.86
32 92 1.2
32 93 1.06
32 94 1.05
32 95 1.03
32 96 1
32 97 1.12
32 98 0.95
32 99 0.98
32 100 0.91
33 34 0.08
33 35 0.1
33 36 0.1
33 37 0.09
33 38 0.12
33 39 0.14
33 40 0.48
33 41 0.46
33 42 0.4
33 43 0.38
33 44 0.42
33 45 0.4
33 46 0.34
33 47 0.37
33 48 0.37
33 49 0.31
33 50 0.35
33 51 0.28
33 52 0.3
33 53 0.78
33 54 0.67
33 55 0.65
33 56 0.82
33 57 0.64
33 58 0.67
33 59 0.61
33 60 0.7
33 61 0.63
33 62 0.62
33 63 0.74
33 64 0.64
33 65 0.65
33 66 0.66
33 67 0.66
33 68 0.65
33 69 0.62
33 70 1.47
33 71 1.31
33 72 0.77
33 73 1.23
33 74 0.73
33 75 0.71
33 76 1.18
33 77 1.34
33 78 1.31
33 79 1.21
33 80 1.17
33 81 1.32
33 82 1.08
33 83 1.11
33 84 1.03
33 85 1.08
33 86 1.05
33 87 1.03
33 88 0.89
33 89 1.01
33 90 0.83
33 91 0.91
33 92 1.23
33 93 1.22
33 94 1.09
33 95 1.06
33 96 1.18
33 97 1.12
33 98 1
33 99 0.89
33 100 1.12
34 35 0.16
34 36 0.05
34 37 0.11
34 38 0.16
34 39 0.14
34 40 0.52
34 41 0.46
34 42 0.42
34 43 0.46
34 44 0.46
34 45 0.48
34 46 0.4
34 47 0.41
34 48 0.41
34 49 0.34
34 50 0.35
34 51 0.35
34 52 0.36
34 53 0.78
34 54 0.74
34 55 0.68
34 56 0.8
34 57 0.69
34 58 0.83
34 59 0.7
34 60 0.69
34 61 0.72
34 62 0.69
34 63 0.72
34 64 0.71
34 65 0.69
34 66 0.7
34 67 0.62
34 68 0.62
34 69 0.59
34 70 1.52
34 71 1.49
34 72 0.8
34 73 1.25
34 74 0.79
34 75 0.64
34 76 1.26
34 77 1.22
34 78 1.3
34 79 1.31
34 80 1.18
34 81 1.33
34 82 1.02
34 83 1.03
34 84 1.07
34 85 0.93
34 86 0.88
34 87 0.85
34 88 0.98
34 89 0.88
34 90 0.79
34 91 0.92
34 92 1.06
34 93 1.21
34 94 1.16
34 95 0.99
34 96 0.93
34 97 0.98
34 98 0.94
34 99 0.87
34 100 1.02
35 36 0.15
35 37 0.09
35 38 0.11
35 39 0.17
35 40 0.47
35 41 0.45
35 42 0.44
35 43 0.44
35 44 0.48
35 45 0.38
35 46 0.44
35 47 0.4
35 48 0.34
35 49 0.41
35 50 0.34
35 51 0.33
35 52 0.3
35 53 0.76
35 54 0.76
35 55 0.66
35 56 0.77
35 57 0.63
35 58 0.68
35 59 0.57
35 60 0.7
35 61 0.77
35 62 0.66
35 63 0.7
35 64 0.67
35 65 0.74
35 66 0.71
35 67 0.65
35 68 0.61
35 69 0.6
35 70 1.44
35 71 1.41
35 72 0.79
35 73 1.49
35 74 0.83
35 75 0.75
35 76 1.38
35 77 1.23
35 78 1.17
35 79 1.29
35 80 1.34
35 81 1.36
35 82 1.08
35 83 1.05
35 84 1.06
35 85 1.11
35 86 0.95
35 87 0.93
35 88 1.1
35 89 0.93
35 90 0.93
35 91 0.99
35 92 1.19
35 93 1.2
35 94 1.16
35 95 1.26
35 96 1.16
35 97 1.1
35 98 0.96
35 99 1.07
35 100 1.17
36 37 0.1
36 38 0.11
36 39 0.08
36 40 0.55
36 41 0.5
36 42 0.49
36 43 0.48
36 44 0.47
36 45 0.44
36 46 0.46
36 47 0.4
36 48 0.45
36 49 0.41
36 50 0.38
36 51 0.4
36 52 0.36
36 53 0.82
36 54 0.78
36 55 0.7
36 56 0.82
36 57 0.66
36 58 0.88
36 59 0.65
36 60 0.88
36 61 0.73
36 62 0.73
36 63 0.7
36 64 0.67
36 65 0.7
36 66 0.67
36 67 0.69
36 68 0.64
36 69 0.72
36 70 1.42
36 71 1.52
36 72 0.8
36 73 1.49
36 74 0.8
36 75 0.73
36 76 1.41
36 77 1.21
36 78 1.39
36 79 1.35
36 80 1.26
36 81 1.22
36 82 1.15
36 83 1.14
36 84 1.02
36 85 1.1
36 86 0.99
36 87 0.88
36 88 0.96
36 89 0.88
36 90 0.94
36 91 0.85
36 92 1.09
36 93 1.28
36 94 1.27
36 95 1.03
36 96 0.94
36 97 1.09
36 98 1.08
36 99 1.07
36 100 0.93
37 38 0.03
37 39 0.09
37 40 0.52
37 41 0.55
37 42 0.47
37 43 0.48
37 44 0.45
37 45 0.5
37 46 0.5
37 47 0.44
37 48 0.44
37 49 0.44
37 50 0.41
37 51 0.4
37 52 0.39
37 53 0.91
37 54 0.73
37 55 0.73
37 56 0.83
37 57 0.73
37 58 0.89
37 59 0.76
37 60 0.69
37 61 0.79
37 62 0.78
37 63 0.79
37 64 0.71
37 65 0.72
37 66 0.74
37 67 0.73
37 68 0.67
37 69 0.65
37 70 1.52
37 71 1.34
37 72 0.86
37 73 1.39
37 74 0.88
37 75 0.7
37 76 1.34
37 77 1.46
37 78 1.29
37 79 1.51
37 80 1.22
37 81 1.36
37 82 1.18
37 83 1.24
37 84 1.04
37 85 1.16
37 86 1.09
37 87 1
37 88 1.08
37 89 1.05
37 90 1.03
37 91 1.04
37 92 1.16
37 93 1.22
37 94 1.11
37 95 1.17
37 96 1.07
37 97 1.18
37 98 1.01
37 99 1.18
37 100 1.06
38 39 0.07
38 40 0.57
38 41 0.53
38 42 0.5
38 43 0.58
38 44 0.52
38 45 0.55
38 46 0.49
38 47 0.46
38 48 0.47
38 49 0.45
38 50 0.4
38 51 0.47
38 52 0.37
38 53 0.81
38 54 0.75
38 55 0.73
38 56 0.88
38 57 0.79
38 58 0.81
38 59 0.68
38 60 0.78
38 61 0.77
38 62 0.82
38 63 0.87
38 64 0.79
38 65 0.82
38 66 0.71
38 67 0.73
38 68 0.78
38 69 0.71
38 70 1.54
38 71 1.65
38 72 0.87
38 73 1.42
38 74 0.79
38 75 0.77
38 76 1.41
38 77 1.45
38 78 1.45
38 79 1.41
38 80 1.37
38 81 1.35
38 82 1.15
38 83 1.12
38 84 1.07
38 85 1.17
38 86 1.15
38 87 1.05
38 88 0.97
38 89 1.04
38 90 1.03
38 91 0.98
38 92 1.26
38 93 1.16
38 94 1.23
38 95 1.19
38 96 1.17
38 97 1.22
38 98 1.04
38 99 1.11
38 100 1.03
39 40 0.57
39 41 0.6
39 42 0.6
39 43 0.52
39 44 0.49
39 45 0.53
39 46 0.48
39 47 0.47
39 48 0.52
39 49 0.43
39 50 0.43
39 51 0.48
39 52 0.39
39 53 0.93
39 54 0.82
39 55 0.81
39 56 0.8
39 57 0.81
39 58 0.8
39 59 0.83
39 60 0.85
39 61 0.78
39 62 0.84
39 63 0.75
39 64 0.81
39 65 0.71
39 66 0.81
39 67 0.72
39 68 0.71
39 69 0.65
39 70 1.56
39 71 1.47
39 72 0.89
39 73 1.59
39 74 0.92
39 75 0.84
39 76 1.41
39 77 1.39
39 78 1.35
39 79 1.48
39 80 1.38
39 81 1.37
39 82 1.22
39 83 1.25
39 84 1.27
39 85 1.13
39 86 1.07
39 87 1.16
39 88 1.22
39 89 1.11
39 90 1
39 91 0.97
39 92 1.24
39 93 1.32
39 94 1.1
39 95 1.12
39 96 1.16
39 97 1.05
39 98 0.95
39 99 1.01
39 100 1.15
40 41 0.03
40 42 0.05
40 43 0.09
40 44 0.04
40 45 0.09
40 46 0.1
40 47 0.11
40 48 0.11
40 49 0.15
40 50 0.16
40 51 0.15
40 52 0.17
40 53 0.45
40 54 0.33
40 55 0.28
40 56 0.37
40 57 0.26
40 58 0.39
40 59 0.24
40 60 0.41
40 61 0.25
40 62 0.23
40 63 0.26
40 64 0.2
40 65 0.29
40 66 0.2
40 67 0.24
40 68 0.16
40 69 0.19
40 70 1.04
40 71 0.9
40 72 0.29
40 73 0.94
40 74 0.34
40 75 0.59
40 76 0.86
40 77 0.95
40 78 0.95
40 79 0.79
40 80 0.74
40 81 0.79
40 82 0.78
40 83 0.67
40 84 0.69
40 85 0.66
40 86 0.64
40 87 0.66
40 88 0.69
40 89 0.64
40 90 0.5
40 91 0.57
40 92 0.93
40 93 1.08
40 94 0.9
40 95 0.95
40 96 0.89
40 97 0.93
40 98 0.77
40 99 0.76
40 100 0.88
41 42 0.03
41 43 0.06
41 44 0.05
41 45 0.08
41 46 0.08
41 47 0.09
41 48 0.11
41 49 0.11
41 50 0.15
41 51 0.18
41 52 0.18
41 53 0.51
41 54 0.42
41 55 0.27
41 56 0.49
41 57 0.26
41 58 0.46
41 59 0.25
41 60 0.44
41 61 0.23
41 62 0.24
41 63 0.26
41 64 0.23
41 65 0.24
41 66 0.19
41 67 0.24
41 68 0.18
41 69 0.18
41 70 0.96
41 71 1.02
41 72 0.32
41 73 0.89
41 74 0.28
41 75 0.56
41 76 0.83
41 77 0.8
41 78 0.82
41 79 0.87
41 80 0.81
41 81 0.84
41 82 0.66
41 83 0.73
41 84 0.76
41 85 0.77
41 86 0.63
41 87 0.58
41 88 0.68
41 89 0.59
41 90 0.57
41 91 0.59
41 92 1.04
41 93 0.98
41 94 0.89
41 95 0.93
41 96 0.82
41 97 0.96
41 98 0.83
41 99 0.79
41 100 0.87
42 43 0.05
42 44 0.04
42 45 0.06
42 46 0.05
42 47 0.07
42 48 0.09
42 49 0.1
42 50 0.12
42 51 0.12
42 52 0.13
42 53 0.45
42 54 0.39
42 55 0.28
42 56 0.46
42 57 0.33
42 58 0.41
42 59 0.28
42 60 0.41
42 61 0.26
42 62 0.29
42 63 0.28
42 64 0.23
42 65 0.27
42 66 0.22
42 67 0.26
42 68 0.21
42 69 0.21
42 70 0.96
42 71 0.97
42 72 0.34
42 73 1.02
42 74 0.35
42 75 0.54
42 76 0.91
42 77 0.85
42 78 0.88
42 79 0.88
42 80 0.85
42 81 0.77
42 82 0.82
42 83 0.81
42 84 0.67
42 85 0.67
42 86 0.6
42 87 0.66
42 88 0.64
42 89 0.67
42 90 0.53
42 91 0.66
42 92 0.93
42 93 1.03
42 94 0.88
42 95 0.97
42 96 0.85
42 97 1.03
42 98 0.79
42 99 0.83
42 100 0.96
43 44 0.08
43 45 0.09
43 46 0.06
43 47 0.04
43 48 0.12
43 49 0.07
43 50 0.12
43 51 0.15
43 52 0.13
43 53 0.52
43 54 0.45
43 55 0.39
43 56 0.47
43 57 0.34
43 58 0.45
43 59 0.32
43 60 0.51
43 61 0.26
43 62 0.26
43 63 0.3
43 64 0.27
43 65 0.25
43 66 0.2
43 67 0.26
43 68 0.19
43 69 0.18
43 70 1.07
43 71 0.94
43 72 0.35
43 73 0.85
43 74 0.3
43 75 0.5
43 76 0.89
43 77 0.87
43 78 0.86
43 79 0.86
43 80 0.82
43 81 0.87
43 82 0.7
43 83 0.73
43 84 0.65
43 85 0.68
43 86 0.6
43 87 0.56
43 88 0.63
43 89 0.65
43 90 0.54
43 91 0.56
43 92 1.06
43 93 0.98
43 94 0.94
43 95 0.81
43 96 0.8
43 97 0.86
43 98 0.68
43 99 0.83
43 100 0.88
44 45 0.03
44 46 0.05
44 47 0.08
44 48 0.06
44 49 0.1
44 50 0.11
44 51 0.11
44 52 0.14
44 53 0.48
44 54 0.34
44 55 0.27
44 56 0.44
44 57 0.25
44 58 0.43
44 59 0.24
44 60 0.44
44 61 0.3
44 62 0.32
44 63 0.33
44 64 0.25
44 65 0.28
44 66 0.25
44 67 0.29
44 68 0.2
44 69 0.21
44 70 0.95
44 71 1.01
44 72 0.33
44 73 0.95
44 74 0.35
44 75 0.54
44 76 0.86
44 77 0.87
44 78 0.83
44 79 0.92
44 80 0.91
44 81 0.85
44 82 0.86
44 83 0.82
44 84 0.73
44 85 0.77
44 86 0.67
44 87 0.75
44 88 0.73
44 89 0.67
44 90 0.63
44 91 0.7
44 92 1.13
44 93 1.05
44 94 1.03
44 95 1.03
44 96 0.88
44 97 1.03
44 98 0.91
44 99 0.79
44 100 1.02
45 46 0.03
45 47 0.07
45 48 0.03
45 49 0.08
45 50 0.06
45 51 0.09
45 52 0.11
45 53 0.47
45 54 0.4
45 55 0.31
45 56 0.46
45 57 0.3
45 58 0.42
45 59 0.26
45 60 0.36
45 61 0.3
45 62 0.36
45 63 0.35
45 64 0.28
45 65 0.3
45 66 0.29
45 67 0.35
45 68 0.23
45 69 0.24
45 70 1.05
45 71 0.96
45 72 0.39
45 73 0.97
45 74 0.37
45 75 0.63
45 76 0.95
45 77 0.99
45 78 0.86
45 79 0.98
45 80 0.85
45 81 0.88
45 82 0.73
45 83 0.83
45 84 0.8
45 85 0.72
45 86 0.68
45 87 0.71
45 88 0.69
45 89 0.72
45 90 0.6
45 91 0.63
45 92 0.92
45 93 0.99
45 94 0.99
45 95 0.86
45 96 0.93
45 97 1.08
45 98 0.8
45 99 0.85
45 100 0.94
46 47 0.05
46 48 0.05
46 49 0.05
46 50 0.07
46 51 0.08
46 52 0.1
46 53 0.46
46 54 0.39
46 55 0.32
46 56 0.51
46 57 0.35
46 58 0.42
46 59 0.31
46 60 0.41
46 61 0.34
46 62 0.34
46 63 0.39
46 64 0.26
46 65 0.33
46 66 0.27
46 67 0.31
46 68 0.23
46 69 0.24
46 70 0.94
46 71 1.17
46 72 0.36
46 73 0.96
46 74 0.36
46 75 0.6
46 76 0.88
46 77 0.96
46 78 0.96
46 79 0.85
46 80 0.91
46 81 0.91
46 82 0.78
46 83 0.77
46 84 0.76
46 85 0.79
46 86 0.71
46 87 0.63
46 88 0.72
46 89 0.61
46 90 0.66
46 91 0.72
46 92 0.96
46 93 0.99
46 94 0.89
46 95 0.94
46 96 0.98
46 97 0.93
46 98 0.94
46 99 0.93
46 100 0.87
47 48 0.09
47 49 0.03
47 50 0.07
47 51 0.1
47 52 0.09
47 53 0.5
47 54 0.44
47 55 0.37
47 56 0.46
47 57 0.34
47 58 0.52
47 59 0.34
47 60 0.48
47 61 0.33
47 62 0.3
47 63 0.36
47 64 0.3
47 65 0.31
47 66 0.3
47 67 0.32
47 68 0.25
47 69 0.26
47 70 0.96
47 71 1.05
47 72 0.39
47 73 0.91
47 74 0.36
47 75 0.52
47 76 0.84
47 77 0.99
47 78 0.92
47 79 0.87
47 80 0.91
47 81 0.89
47 82 0.72
47 83 0.75
47 84 0.8
47 85 0.77
47 86 0.64
47 87 0.67
47 88 0.64
47 89 0.66
47 90 0.54
47 91 0.58
47 92 0.9
47 93 1.01
47 94 0.9
47 95 0.95
47 96 0.82
47 97 0.9
47 98 0.71
47 99 0.77
47 100 0.82
48 49 0.09
48 50 0.05
48 51 0.05
48 52 0.09
48 53 0.44
48 54 0.37
48 55 0.3
48 56 0.44
48 57 0.28
48 58 0.47
48 59 0.28
48 60 0.39
48 61 0.32
48 62 0.34
48 63 0.39
48 64 0.35
48 65 0.37
48 66 0.3
48 67 0.36
48 68 0.26
48 69 0.27
48 70 1
48 71 1
48 72 0.4
48 73 1.03
48 74 0.39
48 75 0.62
48 76 0.98
48 77 0.94
48 78 0.92
48 79 0.85
48 80 0.92
48 81 0.98
48 82 0.76
48 83 0.75
48 84 0.83
48 85 0.82
48 86 0.8
48 87 0.68
48 88 0.68
48 89 0.67
48 90 0.6
48 91 0.71
48 92 1.04
48 93 1.18
48 94 1.05
48 95 0.94
48 96 0.93
48 97 1.06
48 98 0.86
48 99 0.93
48 100 0.98
49 50 0.06
49 51 0.09
49 52 0.05
49 53 0.5
49 54 0.44
49 55 0.43
49 56 0.47
49 57 0.39
49 58 0.53
49 59 0.35
49 60 0.53
49 61 0.34
49 62 0.34
49 63 0.36
49 64 0.34
49 65 0.31
49 66 0.28
49 67 0.28
49 68 0.29
49 69 0.26
49 70 1.09
49 71 1.01
49 72 0.39
49 73 1
49 74 0.41
49 75 0.51
49 76 0.96
49 77 0.95
49 78 0.9
49 79 0.98
49 80 0.93
49 81 0.85
49 82 0.77
49 83 0.74
49 84 0.73
49 85 0.72
49 86 0.71
49 87 0.73
49 88 0.7
49 89 0.62
49 90 0.59
49 91 0.65
49 92 0.98
49 93 0.96
49 94 0.94
49 95 0.89
49 96 0.83
49 97 0.89
49 98 0.86
49 99 0.84
49 100 0.97
50 51 0.03
50 52 0.06
50 53 0.48
50 54 0.44
50 55 0.34
50 56 0.52
50 57 0.33
50 58 0.47
50 59 0.33
50 60 0.47
50 61 0.38
50 62 0.38
50 63 0.38
50 64 0.33
50 65 0.42
50 66 0.36
50 67 0.4
50 68 0.27
50 69 0.29
50 70 1.15
50 71 1.06
50 72 0.4
50 73 1
50 74 0.42
50 75 0.65
50 76 1.03
50 77 1.04
50 78 0.98
50 79 0.97
50 80 0.95
50 81 1.03
50 82 0.81
50 83 0.87
50 84 0.76
50 85 0.78
50 86 0.77
50 87 0.7
50 88 0.8
50 89 0.68
50 90 0.6
50 91 0.73
50 92 1.12
50 93 1.15
50 94 0.95
50 95 0.95
50 96 0.87
50 97 0.88
50 98 0.79
50 99 0.83
50 100 1.01
51 52 0.07
51 53 0.5
51 54 0.44
51 55 0.39
51 56 0.45
51 57 0.31
51 58 0.47
51 59 0.35
51 60 0.48
51 61 0.37
51 62 0.42
51 63 0.39
51 64 0.38
51 65 0.39
51 66 0.35
51 67 0.38
51 68 0.3
51 69 0.33
51 70 1.02
51 71 1.12
51 72 0.5
51 73 1.05
51 74 0.46
51 75 0.61
51 76 1.07
51 77 1.04
51 78 0.9
51 79 0.91
51 80 0.91
51 81 0.91
51 82 0.84
51 83 0.82
51 84 0.76
51 85 0.89
51 86 0.79
51 87 0.75
51 88 0.87
51 89 0.77
51 90 0.72
51 91 0.81
51 92 1.13
51 93 1.12
51 94 1.09
51 95 0.98
51 96 1.02
51 97 0.92
51 98 0.9
51 99 0.86
51 100 0.9
52 53 0.64
52 54 0.49
52 55 0.43
52 56 0.51
52 57 0.4
52 58 0.48
52 59 0.35
52 60 0.54
52 61 0.39
52 62 0.39
52 63 0.45
52 64 0.41
52 65 0.35
52 66 0.38
52 67 0.36
52 68 0.32
52 69 0.32
52 70 1.16
52 71 1.09
52 72 0.45
52 73 1
52 74 0.39
52 75 0.56
52 76 1.11
52 77 1.07
52 78 0.94
52 79 1.03
52 80 0.98
52 81 1.02
52 82 0.83
52 83 0.72
52 84 0.87
52 85 0.85
52 86 0.65
52 87 0.67
52 88 0.76
52 89 0.73
52 90 0.63
52 91 0.7
52 92 1.06
52 93 0.97
52 94 0.99
52 95 0.94
52 96 0.88
52 97 0.86
52 98 0.82
52 99 0.84
52 100 0.97
53 54 0.09
53 55 0.16
53 56 0.07
53 57 0.19
53 58 0.09
53 59 0.18
53 60 0.16
53 61 0.45
53 62 0.51
53 63 0.57
53 64 0.37
53 65 0.62
53 66 0.54
53 67 0.55
53 68 0.39
53 69 0.49
53 70 0.88
53 71 0.88
53 72 0.43
53 73 0.84
53 74 0.45
53 75 0.89
53 76 0.83
53 77 0.85
53 78 0.78
53 79 0.81
53 80 0.74
53 81 0.76
53 82 0.86
53 83 0.88
53 84 0.84
53 85 0.96
53 86 0.9
53 87 0.9
53 88 0.86
53 89 0.99
53 90 0.78
53 91 0.89
53 92 1.41
53 93 1.38
53 94 1.31
53 95 1.26
53 96 1.14
53 97 1.28
53 98 1.15
53 99 1.2
53 100 1.32
54 55 0.08
54 56 0.08
54 57 0.08
54 58 0.1
54 59 0.11
54 60 0.13
54 61 0.38
54 62 0.41
54 63 0.54
54 64 0.31
54 65 0.5
54 66 0.39
54 67 0.45
54 68 0.33
54 69 0.38
54 70 0.98
54 71 0.9
54 72 0.34
54 73 0.83
54 74 0.44
54 75 0.9
54 76 0.79
54 77 0.83
54 78 0.81
54 79 0.75
54 80 0.69
54 81 0.76
54 82 0.82
54 83 0.82
54 84 0.84
54 85 0.85
54 86 0.83
54 87 0.79
54 88 0.9
54 89 0.78
54 90 0.81
54 91 0.83
54 92 1.43
54 93 1.26
54 94 1.15
54 95 1.1
54 96 1.15
54 97 1.27
54 98 1.06
54 99 1.19
54 100 1.13
55 56 0.17
55 57 0.03
55 58 0.17
55 59 0.07
55 60 0.18
55 61 0.25
55 62 0.37
55 63 0.42
55 64 0.27
55 65 0.43
55 66 0.36
55 67 0.41
55 68 0.23
55 69 0.32
55 70 0.85
55 71 0.83
55 72 0.28
55 73 0.84
55 74 0.34
55 75 0.78
55 76 0.81
55 77 0.77
55 78 0.81
55 79 0.72
55 80 0.72
55 81 0.69
55 82 0.84
55 83 0.75
55 84 0.82
55 85 0.75
55 86 0.7
55 87 0.77
55 88 0.77
55 89 0.79
55 90 0.74
55 91 0.79
55 92 1.18
55 93 1.21
55 94 1.18
55 95 1.01
55 96 1.14
55 97 1.07
55 98 0.91
55 99 0.95
55 100 1.15
56 57 0.16
56 58 0.03
56 59 0.16
56 60 0.07
56 61 0.4
56 62 0.53
56 63 0.58
56 64 0.42
56 65 0.51
56 66 0.49
56 67 0.62
56 68 0.4
56 69 0.45
56 70 0.95
56 71 0.94
56 72 0.42
56 73 0.88
56 74 0.52
56 75 0.92
56 76 0.87
56 77 0.76
56 78 0.83
56 79 0.91
56 80 0.71
56 81 0.77
56 82 1.02
56 83 0.96
56 84 1.01
56 85 0.99
56 86 0.87
56 87 0.86
56 88 1.05
56 89 0.89
56 90 0.79
56 91 0.92
56 92 1.5
56 93 1.44
56 94 1.37
56 95 1.14
56 96 1.27
56 97 1.23
56 98 1.14
56 99 1.19
56 100 1.37
57 58 0.15
57 59 0.04
57 60 0.18
57 61 0.32
57 62 0.33
57 63 0.46
57 64 0.29
57 65 0.42
57 66 0.31
57 67 0.39
57 68 0.24
57 69 0.3
57 70 0.87
57 71 0.88
57 72 0.31
57 73 0.93
57 74 0.43
57 75 0.79
57 76 0.9
57 77 0.73
57 78 0.74
57 79 0.77
57 80 0.68
57 81 0.78
57 82 0.87
57 83 0.78
57 84 0.8
57 85 0.87
57 86 0.76
57 87 0.71
57 88 0.79
57 89 0.85
57 90 0.8
57 91 0.86
57 92 1.2
57 93 1.09
57 94 1.09
57 95 1.19
57 96 1.12
57 97 1.18
57 98 0.94
57 99 1.21
57 100 1.28
58 59 0.17
58 60 0.04
58 61 0.43
58 62 0.47
58 63 0.59
58 64 0.4
58 65 0.6
58 66 0.52
58 67 0.6
58 68 0.44
58 69 0.46
58 70 1.01
58 71 1.08
58 72 0.51
58 73 1.08
58 74 0.56
58 75 0.96
58 76 0.97
58 77 0.84
58 78 0.91
58 79 0.87
58 80 0.83
58 81 0.83
58 82 0.9
58 83 0.93
58 84 0.97
58 85 1.02
58 86 0.93
58 87 0.88
58 88 0.89
58 89 0.89
58 90 0.94
58 91 0.86
58 92 1.36
58 93 1.33
58 94 1.3
58 95 1.28
58 96 1.4
58 97 1.27
58 98 1.25
58 99 1.24
58 100 1.42
59 60 0.15
59 61 0.3
59 62 0.38
59 63 0.4
59 64 0.29
59 65 0.38
59 66 0.39
59 67 0.43
59 68 0.25
59 69 0.38
59 70 0.92
59 71 0.89
59 72 0.31
59 73 0.87
59 74 0.4
59 75 0.7
59 76 0.9
59 77 0.84
59 78 0.85
59 79 0.83
59 80 0.68
59 81 0.91
59 82 0.77
59 83 0.78
59 84 0.9
59 85 0.85
59 86 0.81
59 87 0.76
59 88 0.83
59 89 0.85
59 90 0.74
59 91 0.72
59 92 1.3
59 93 1.25
59 94 1.08
59 95 0.99
59 96 1.01
59 97 1.12
59 98 1.05
59 99 0.99
59 100 1.26
60 61 0.44
60 62 0.55
60 63 0.65
60 64 0.48
60 65 0.64
60 66 0.49
60 67 0.55
60 68 0.39
60 69 0.49
60 70 0.95
60 71 1.02
60 72 0.49
60 73 0.92
60 74 0.52
60 75 0.98
60 76 0.92
60 77 0.93
60 78 0.91
60 79 0.87
60 80 0.83
60 81 1.01
60 82 1.03
60 83 1
60 84 1.09
60 85 1.05
60 86 0.84
60 87 0.86
60 88 1.11
60 89 0.94
60 90 0.94
60 91 1.02
60 92 1.22
60 93 1.36
60 94 1.29
60 95 1.17
60 96 1.18
60 97 1.25
60 98 1.14
60 99 1.16
60 100 1.36
61 62 0.09
61 63 0.15
61 64 0.03
61 65 0.17
61 66 0.09
61 67 0.15
61 68 0.08
61 69 0.12
61 70 0.66
61 71 0.66
61 72 0.05
61 73 0.67
61 74 0.1
61 75 0.59
61 76 0.61
61 77 0.61
61 78 0.66
61 79 0.57
61 80 0.62
61 81 0.52
61 82 0.52
61 83 0.53
61 84 0.54
61 85 0.58
61 86 0.46
61 87 0.48
61 88 0.57
61 89 0.48
61 90 0.41
61 91 0.51
61 92 0.84
61 93 0.96
61 94 0.79
61 95 0.83
61 96 0.75
61 97 0.8
61 98 0.7
61 99 0.87
61 100 0.81
62 63 0.07
62 64 0.09
62 65 0.09
62 66 0.04
62 67 0.09
62 68 0.12
62 69 0.07
62 70 0.72
62 71 0.77
62 72 0.09
62 73 0.71
62 74 0.05
62 75 0.47
62 76 0.66
62 77 0.62
62 78 0.56
62 79 0.59
62 80 0.55
62 81 0.56
62 82 0.53
62 83 0.45
62 84 0.52
62 85 0.52
62 86 0.4
62 87 0.37
62 88 0.5
62 89 0.41
62 90 0.35
62 91 0.44
62 92 0.86
62 93 0.87
62 94 0.86
62 95 0.71
62 96 0.7
62 97 0.78
62 98 0.68
62 99 0.76
62 100 0.85
63 64 0.15
63 65 0.03
63 66 0.09
63 67 0.05
63 68 0.17
63 69 0.12
63 70 0.8
63 71 0.77
63 72 0.18
63 73 0.69
63 74 0.09
63 75 0.36
63 76 0.64
63 77 0.6
63 78 0.64
63 79 0.58
63 80 0.56
63 81 0.6
63 82 0.48
63 83 0.41
63 84 0.44
63 85 0.46
63 86 0.35
63 87 0.31
63 88 0.4
63 89 0.36
63 90 0.27
63 91 0.39
63 92 0.74
63 93 0.8
63 94 0.72
63 95 0.69
63 96 0.68
63 97 0.8
63 98 0.54
63 99 0.64
63 100 0.69
64 65 0.16
64 66 0.08
64 67 0.16
64 68 0.05
64 69 0.09
64 70 0.76
64 71 0.77
64 72 0.08
64 73 0.71
64 74 0.1
64 75 0.52
64 76 0.71
64 77 0.59
64 78 0.58
64 79 0.61
64 80 0.56
64 81 0.6
64 82 0.56
64 83 0.58
64 84 0.54
64 85 0.53
64 86 0.51
64 87 0.46
64 88 0.55
64 89 0.54
64 90 0.43
64 91 0.53
64 92 0.94
64 93 0.9
64 94 0.81
64 95 0.88
64 96 0.76
64 97 0.93
64 98 0.8
64 99 0.87
64 100 0.93
65 66 0.08
65 67 0.01
65 68 0.16
65 69 0.09
65 70 0.78
65 71 0.73
65 72 0.18
65 73 0.63
65 74 0.1
65 75 0.37
65 76 0.62
65 77 0.73
65 78 0.6
65 79 0.65
65 80 0.65
65 81 0.54
65 82 0.56
65 83 0.47
65 84 0.46
65 85 0.5
65 86 0.35
65 87 0.34
65 88 0.45
65 89 0.4
65 90 0.3
65 91 0.36
65 92 0.85
65 93 0.77
65 94 0.73
65 95 0.63
65 96 0.64
65 97 0.69
65 98 0.59
65 99 0.73
65 100 0.7
66 67 0.08
66 68 0.08
66 69 0.03
66 70 0.77
66 71 0.83
66 72 0.13
66 73 0.8
66 74 0.1
66 75 0.53
66 76 0.72
66 77 0.65
66 78 0.65
66 79 0.61
66 80 0.64
66 81 0.59
66 82 0.49
66 83 0.51
66 84 0.53
66 85 0.55
66 86 0.47
66 87 0.49
66 88 0.46
66 89 0.46
66 90 0.36
66 91 0.44
66 92 0.77
66 93 0.82
66 94 0.71
66 95 0.78
66 96 0.79
66 97 0.77
66 98 0.63
66 99 0.7
66 100 0.8
67 68 0.18
67 69 0.08
67 70 0.77
67 71 0.84
67 72 0.19
67 73 0.79
67 74 0.12
67 75 0.38
67 76 0.71
67 77 0.75
67 78 0.67
67 79 0.65
67 80 0.7
67 81 0.55
67 82 0.55
67 83 0.47
67 84 0.46
67 85 0.45
67 86 0.39
67 87 0.36
67 88 0.47
67 89 0.41
67 90 0.29
67 91 0.37
67 92 0.82
67 93 0.74
67 94 0.69
67 95 0.64
67 96 0.73
67 97 0.69
67 98 0.52
67 99 0.68
67 100 0.8
68 69 0.09
68 70 0.77
68 71 0.76
68 72 0.12
68 73 0.7
68 74 0.15
68 75 0.59
68 76 0.74
68 77 0.65
68 78 0.71
68 79 0.72
68 80 0.63
68 81 0.65
68 82 0.58
68 83 0.64
68 84 0.64
68 85 0.59
68 86 0.51
68 87 0.51
68 88 0.52
68 89 0.5
68 90 0.5
68 91 0.55
68 92 0.94
68 93 0.98
68 94 0.9
68 95 0.84
68 96 0.81
68 97 0.91
68 98 0.72
68 99 0.86
68 100 0.89
69 70 0.77
69 71 0.77
69 72 0.14
69 73 0.7
69 74 0.14
69 75 0.48
69 76 0.69
69 77 0.68
69 78 0.63
69 79 0.77
69 80 0.64
69 81 0.61
69 82 0.53
69 83 0.54
69 84 0.54
69 85 0.52
69 86 0.45
69 87 0.42
69 88 0.51
69 89 0.47
69 90 0.41
69 91 0.47
69 92 0.78
69 93 0.85
69 94 0.8
69 95 0.7
69 96 0.86
69 97 0.79
69 98 0.69
69 99 0.76
69 100 0.86
70 71 0.09
70 72 0.66
70 73 0.05
70 74 0.72
70 75 1.04
70 76 0.12
70 77 0.12
70 78 0.13
70 79 0.12
70 80 0.2
70 81 0.17
70 82 0.53
70 83 0.6
70 84 0.6
70 85 0.69
70 86 0.62
70 87 0.61
70 88 0.7
70 89 0.67
70 90 0.76
70 91 0.74
70 92 1.1
70 93 1.01
70 94 0.93
70 95 0.91
70 96 1.08
70 97 1.01
70 98 0.99
70 99 1.04
70 100 1.1
71 72 0.75
71 73 0.09
71 74 0.64
71 75 1
71 76 0.09
71 77 0.16
71 78 0.12
71 79 0.15
71 80 0.26
71 81 0.15
71 82 0.45
71 83 0.49
71 84 0.55
71 85 0.61
71 86 0.53
71 87 0.65
71 88 0.65
71 89 0.7
71 90 0.61
71 91 0.69
71 92 0.85
71 93 0.94
71 94 0.85
71 95 0.89
71 96 0.83
71 97 1.02
71 98 0.81
71 99 0.91
71 100 1.06
72 73 0.61
72 74 0.08
72 75 0.53
72 76 0.56
72 77 0.55
72 78 0.59
72 79 0.51
72 80 0.48
72 81 0.51
72 82 0.59
72 83 0.53
72 84 0.55
72 85 0.53
72 86 0.43
72 87 0.46
72 88 0.45
72 89 0.5
72 90 0.4
72 91 0.46
72 92 0.85
72 93 0.94
72 94 0.83
72 95 0.82
72 96 0.82
72 97 0.87
72 98 0.71
72 99 0.82
72 100 0.94
73 74 0.6
73 75 0.94
73 76 0.09
73 77 0.06
73 78 0.11
73 79 0.07
73 80 0.15
73 81 0.14
73 82 0.46
73 83 0.49
73 84 0.57
73 85 0.63
73 86 0.6
73 87 0.56
73 88 0.64
73 89 0.65
73 90 0.65
73 91 0.65
73 92 0.97
73 93 1.03
73 94 1.04
73 95 0.9
73 96 1.05
73 97 1.07
73 98 0.9
73 99 0.93
73 100 1.02
74 75 0.5
74 76 0.58
74 77 0.6
74 78 0.56
74 79 0.51
74 80 0.58
74 81 0.52
74 82 0.45
74 83 0.4
74 84 0.44
74 85 0.45
74 86 0.35
74 87 0.37
74 88 0.42
74 89 0.39
74 90 0.3
74 91 0.46
74 92 0.79
74 93 0.75
74 94 0.79
74 95 0.68
74 96 0.71
74 97 0.83
74 98 0.62
74 99 0.73
74 100 0.8
75 76 0.91
75 77 0.89
75 78 0.82
75 79 0.9
75 80 0.94
75 81 0.83
75 82 0.54
75 83 0.42
75 84 0.44
75 85 0.38
75 86 0.36
75 87 0.37
75 88 0.36
75 89 0.29
75 90 0.33
75 91 0.25
75 92 0.48
75 93 0.46
75 94 0.44
75 95 0.37
75 96 0.31
75 97 0.46
75 98 0.26
75 99 0.27
75 100 0.37
76 77 0.08
76 78 0.03
76 79 0.08
76 80 0.17
76 81 0.08
76 82 0.44
76 83 0.46
76 84 0.51
76 85 0.51
76 86 0.48
76 87 0.49
76 88 0.57
76 89 0.53
76 90 0.56
76 91 0.64
76 92 0.89
76 93 0.86
76 94 0.83
76 95 0.82
76 96 0.84
76 97 0.91
76 98 0.84
76 99 0.84
76 100 1.08
77 78 0.08
77 79 0.01
77 80 0.09
77 81 0.1
77 82 0.46
77 83 0.51
77 84 0.54
77 85 0.6
77 86 0.49
77 87 0.51
77 88 0.61
77 89 0.65
77 90 0.56
77 91 0.66
77 92 0.94
77 93 1.01
77 94 0.93
77 95 0.93
77 96 0.86
77 97 0.96
77 98 0.85
77 99 0.94
77 100 1.06
78 79 0.08
78 80 0.17
78 81 0.05
78 82 0.42
78 83 0.44
78 84 0.48
78 85 0.46
78 86 0.47
78 87 0.48
78 88 0.56
78 89 0.52
78 90 0.52
78 91 0.6
78 92 0.8
78 93 0.86
78 94 0.76
78 95 0.79
78 96 0.83
78 97 0.95
78 98 0.83
78 99 0.96
78 100 0.99
79 80 0.09
79 81 0.09
79 82 0.41
79 83 0.45
79 84 0.5
79 85 0.53
79 86 0.56
79 87 0.55
79 88 0.58
79 89 0.62
79 90 0.64
79 91 0.62
79 92 0.88
79 93 0.96
79 94 1.04
79 95 0.9
79 96 0.92
79 97 1.05
79 98 0.93
79 99 1.06
79 100 1.02
80 81 0.15
80 82 0.47
80 83 0.52
80 84 0.54
80 85 0.65
80 86 0.6
80 87 0.53
80 88 0.63
80 89 0.57
80 90 0.57
80 91 0.63
80 92 1.02
80 93 1.09
80 94 1.02
80 95 0.9
80 96 0.92
80 97 1
80 98 0.97
80 99 0.95
80 100 1.03
81 82 0.33
81 83 0.37
81 84 0.42
81 85 0.49
81 86 0.46
81 87 0.41
81 88 0.48
81 89 0.53
81 90 0.49
81 91 0.58
81 92 0.78
81 93 0.97
81 94 0.75
81 95 0.77
81 96 0.87
81 97 0.98
81 98 0.85
81 99 0.79
81 100 0.84
82 83 0.05
82 84 0.09
82 85 0.13
82 86 0.16
82 87 0.16
82 88 0.18
82 89 0.22
82 90 0.24
82 91 0.29
82 92 0.53
82 93 0.48
82 94 0.51
82 95 0.43
82 96 0.43
82 97 0.47
82 98 0.39
82 99 0.53
82 100 0.56
83 84 0.06
83 85 0.1
83 86 0.1
83 87 0.1
83 88 0.14
83 89 0.15
83 90 0.19
83 91 0.22
83 92 0.5
83 93 0.53
83 94 0.44
83 95 0.43
83 96 0.47
83 97 0.48
83 98 0.41
83 99 0.5
83 100 0.57
84 85 0.05
84 86 0.08
84 87 0.09
84 88 0.1
84 89 0.12
84 90 0.16
84 91 0.18
84 92 0.42
84 93 0.4
84 94 0.39
84 95 0.4
84 96 0.39
84 97 0.48
84 98 0.31
84 99 0.44
84 100 0.45
85 86 0.08
85 87 0.09
85 88 0.05
85 89 0.09
85 90 0.15
85 91 0.13
85 92 0.41
85 93 0.41
85 94 0.32
85 95 0.36
85 96 0.32
85 97 0.46
85 98 0.28
85 99 0.41
85 100 0.45
86 87 0.02
86 88 0.08
86 89 0.06
86 90 0.1
86 91 0.14
86 92 0.55
86 93 0.5
86 94 0.45
86 95 0.38
86 96 0.42
86 97 0.55
86 98 0.31
86 99 0.48
86 100 0.52
87 88 0.08
87 89 0.06
87 90 0.07
87 91 0.11
87 92 0.46
87 93 0.47
87 94 0.43
87 95 0.4
87 96 0.4
87 97 0.44
87 98 0.3
87 99 0.48
87 100 0.51
88 89 0.04
88 90 0.11
88 91 0.08
88 92 0.45
88 93 0.38
88 94 0.35
88 95 0.34
88 96 0.34
88 97 0.43
88 98 0.25
88 99 0.36
88 100 0.4
89 90 0.07
89 91 0.06
89 92 0.44
89 93 0.46
89 94 0.34
89 95 0.35
89 96 0.35
89 97 0.41
89 98 0.31
89 99 0.39
89 100 0.41
90 91 0.08
90 92 0.48
90 93 0.45
90 94 0.42
90 95 0.38
90 96 0.41
90 97 0.51
90 98 0.35
90 99 0.39
90 100 0.56
91 92 0.44
91 93 0.44
91 94 0.38
91 95 0.29
91 96 0.3
91 97 0.41
91 98 0.25
91 99 0.32
91 100 0.45
92 93 0.03
92 94 0.06
92 95 0.12
92 96 0.13
92 97 0.13
92 98 0.22
92 99 0.19
92 100 0.19
93 94 0.05
93 95 0.1
93 96 0.11
93 97 0.09
93 98 0.2
93 99 0.16
93 100 0.16
94 95 0.06
94 96 0.08
94 97 0.09
94 98 0.16
94 99 0.15
94 100 0.17
95 96 0.03
95 97 0.08
95 98 0.1
95 99 0.12
95 100 0.13
96 97 0.08
96 98 0.09
96 99 0.09
96 100 0.11
97 98 0.16
97 99 0.12
97 100 0.07
98 99 0.09
98 100 0.18
99 100 0.08
