0 1 1.01
0 2 1.06
0 3 1.28
0 4 0.53
0 5 0.77
0 6 0.89
0 7 0.97
0 8 1.07
0 9 0.93
0 10 0.88
0 11 0.96
0 12 0.66
0 13 0.4
0 14 0.71
0 15 0.64
0 16 0.95
0 17 0.59
0 18 0.65
0 19 0.28
0 20 1.26
0 21 1.21
0 22 1.05
0 23 0.9
0 24 0.76
0 25 0.61
0 26 1.3
0 27 0.93
0 28 1.28
0 29 1.15
0 30 0.98
0 31 1.18
0 32 1.03
0 33 0.77
0 34 1.07
0 35 1.57
0 36 1.57
0 37 0.61
0 38 0.85
0 39 1.03
0 40 0.12
0 41 0.35
0 42 0.35
0 43 1.07
0 44 0.55
0 45 0.73
0 46 0.76
0 47 0.68
0 48 0.88
0 49 0.9
0 50 0.97
1 2 0.21
1 3 0.3
1 4 0.49
1 5 0.39
1 6 0.26
1 7 0.38
1 8 0.19
1 9 0.38
1 10 0.51
1 11 0.2
1 12 0.34
1 13 0.66
1 14 0.42
1 15 0.55
1 16 0.29
1 17 0.5
1 18 0.44
1 19 0.72
1 20 0.34
1 21 0.41
1 22 0.1
1 23 0.36
1 24 0.45
1 25 0.53
1 26 0.29
1 27 0.14
1 28 0.29
1 29 0.37
1 30 0.58
1 31 0.31
1 32 0.1
1 33 0.7
1 34 0.47
1 35 0.45
1 36 0.52
1 37 0.48
1 38 0.3
1 39 0.62
1 40 0.87
1 41 0.76
1 42 0.77
1 43 0.56
1 44 0.61
1 45 0.72
1 46 0.23
1 47 0.38
1 48 0.2
1 49 0.45
1 50 0.37
2 3 0.24
2 4 0.54
2 5 0.34
2 6 0.4
2 7 0.61
2 8 0.35
2 9 0.25
2 10 0.45
2 11 0.15
2 12 0.44
2 13 0.75
2 14 0.63
2 15 0.61
2 16 0.13
2 17 0.58
2 18 0.59
2 19 0.75
2 20 0.19
2 21 0.23
2 22 0.17
2 23 0.56
2 24 0.63
2 25 0.69
2 26 0.46
2 27 0.35
2 28 0.33
2 29 0.15
2 30 0.41
2 31 0.41
2 32 0.19
2 33 0.65
2 34 0.3
2 35 0.3
2 36 0.34
2 37 0.53
2 38 0.22
2 39 0.53
2 40 0.9
2 41 0.75
2 42 0.81
2 43 0.76
2 44 0.61
2 45 0.64
2 46 0.34
2 47 0.45
2 48 0.39
2 49 0.31
2 50 0.23
3 4 0.81
3 5 0.53
3 6 0.54
3 7 0.59
3 8 0.33
3 9 0.47
3 10 0.64
3 11 0.42
3 12 0.56
3 13 0.98
3 14 0.68
3 15 0.75
3 16 0.38
3 17 0.76
3 18 0.73
3 19 0.95
3 20 0.12
3 21 0.4
3 22 0.2
3 23 0.57
3 24 0.82
3 25 0.82
3 26 0.39
3 27 0.4
3 28 0.17
3 29 0.27
3 30 0.57
3 31 0.25
3 32 0.34
3 33 0.82
3 34 0.5
3 35 0.17
3 36 0.19
3 37 0.69
3 38 0.5
3 39 0.73
3 40 1.13
3 41 1.05
3 42 0.91
3 43 0.71
3 44 0.79
3 45 0.9
3 46 0.53
3 47 0.64
3 48 0.43
3 49 0.61
3 50 0.45
4 5 0.31
4 6 0.32
4 7 0.67
4 8 0.58
4 9 0.55
4 10 0.5
4 11 0.41
4 12 0.2
4 13 0.22
4 14 0.27
4 15 0.29
4 16 0.52
4 17 0.14
4 18 0.11
4 19 0.22
4 20 0.73
4 21 0.77
4 22 0.59
4 23 0.51
4 24 0.45
4 25 0.27
4 26 0.74
4 27 0.42
4 28 0.69
4 29 0.64
4 30 0.61
4 31 0.72
4 32 0.38
4 33 0.51
4 34 0.64
4 35 0.92
4 36 0.88
4 37 0.18
4 38 0.44
4 39 0.69
4 40 0.38
4 41 0.21
4 42 0.25
4 43 0.67
4 44 0.24
4 45 0.38
4 46 0.28
4 47 0.11
4 48 0.44
4 49 0.47
4 50 0.58
5 6 0.42
5 7 0.7
5 8 0.55
5 9 0.2
5 10 0.24
5 11 0.17
5 12 0.16
5 13 0.52
5 14 0.48
5 15 0.21
5 16 0.3
5 17 0.26
5 18 0.38
5 19 0.51
5 20 0.54
5 21 0.37
5 22 0.43
5 23 0.52
5 24 0.62
5 25 0.52
5 26 0.63
5 27 0.33
5 28 0.61
5 29 0.36
5 30 0.28
5 31 0.69
5 32 0.25
5 33 0.34
5 34 0.35
5 35 0.6
5 36 0.73
5 37 0.2
5 38 0.12
5 39 0.38
5 40 0.62
5 41 0.47
5 42 0.45
5 43 0.79
5 44 0.3
5 45 0.32
5 46 0.19
5 47 0.24
5 48 0.48
5 49 0.13
5 50 0.26
6 7 0.25
6 8 0.3
6 9 0.52
6 10 0.67
6 11 0.34
6 12 0.31
6 13 0.48
6 14 0.15
6 15 0.57
6 16 0.46
6 17 0.4
6 18 0.24
6 19 0.55
6 20 0.64
6 21 0.72
6 22 0.34
6 23 0.21
6 24 0.22
6 25 0.28
6 26 0.34
6 27 0.14
6 28 0.53
6 29 0.63
6 30 0.73
6 31 0.4
6 32 0.26
6 33 0.71
6 34 0.7
6 35 0.74
6 36 0.77
6 37 0.4
6 38 0.39
6 39 0.76
6 40 0.72
6 41 0.52
6 42 0.62
6 43 0.38
6 44 0.6
6 45 0.63
6 46 0.23
6 47 0.24
6 48 0.15
6 49 0.58
6 50 0.56
7 8 0.2
7 9 0.79
7 10 0.8
7 11 0.54
7 12 0.51
7 13 0.65
7 14 0.33
7 15 0.75
7 16 0.67
7 17 0.59
7 18 0.42
7 19 0.84
7 20 0.62
7 21 0.84
7 22 0.43
7 23 0.11
7 24 0.25
7 25 0.45
7 26 0.19
7 27 0.31
7 28 0.43
7 29 0.65
7 30 0.83
7 31 0.35
7 32 0.44
7 33 0.87
7 34 0.77
7 35 0.69
7 36 0.76
7 37 0.69
7 38 0.57
7 39 0.95
7 40 1.01
7 41 0.74
7 42 0.94
7 43 0.18
7 44 0.83
7 45 0.86
7 46 0.43
7 47 0.47
7 48 0.18
7 49 0.7
7 50 0.71
8 9 0.51
8 10 0.75
8 11 0.4
8 12 0.5
8 13 0.67
8 14 0.45
8 15 0.75
8 16 0.5
8 17 0.62
8 18 0.55
8 19 0.78
8 20 0.46
8 21 0.55
8 22 0.18
8 23 0.28
8 24 0.43
8 25 0.55
8 26 0.11
8 27 0.22
8 28 0.19
8 29 0.5
8 30 0.72
8 31 0.16
8 32 0.27
8 33 0.87
8 34 0.74
8 35 0.5
8 36 0.53
8 37 0.62
8 38 0.49
8 39 0.81
8 40 0.97
8 41 0.84
8 42 0.87
8 43 0.42
8 44 0.69
8 45 0.88
8 46 0.38
8 47 0.52
8 48 0.15
8 49 0.59
8 50 0.54
9 10 0.18
9 11 0.21
9 12 0.34
9 13 0.83
9 14 0.62
9 15 0.36
9 16 0.12
9 17 0.39
9 18 0.54
9 19 0.72
9 20 0.42
9 21 0.2
9 22 0.44
9 23 0.71
9 24 0.7
9 25 0.68
9 26 0.63
9 27 0.46
9 28 0.57
9 29 0.23
9 30 0.14
9 31 0.62
9 32 0.33
9 33 0.42
9 34 0.14
9 35 0.52
9 36 0.56
9 37 0.36
9 38 0.11
9 39 0.29
9 40 0.89
9 41 0.68
9 42 0.6
9 43 0.93
9 44 0.47
9 45 0.44
9 46 0.32
9 47 0.45
9 48 0.55
9 49 0.11
9 50 0.1
10 11 0.31
10 12 0.35
10 13 0.79
10 14 0.65
10 15 0.24
10 16 0.29
10 17 0.39
10 18 0.54
10 19 0.59
10 20 0.57
10 21 0.43
10 22 0.54
10 23 0.78
10 24 0.92
10 25 0.81
10 26 0.96
10 27 0.5
10 28 0.73
10 29 0.41
10 30 0.15
10 31 0.72
10 32 0.41
10 33 0.18
10 34 0.25
10 35 0.61
10 36 0.79
10 37 0.28
10 38 0.25
10 39 0.16
10 40 0.68
10 41 0.65
10 42 0.58
10 43 1.09
10 44 0.35
10 45 0.25
10 46 0.37
10 47 0.44
10 48 0.71
10 49 0.12
10 50 0.26
11 12 0.21
11 13 0.64
11 14 0.52
11 15 0.4
11 16 0.16
11 17 0.38
11 18 0.45
11 19 0.66
11 20 0.37
11 21 0.33
11 22 0.27
11 23 0.51
11 24 0.54
11 25 0.52
11 26 0.52
11 27 0.23
11 28 0.4
11 29 0.27
11 30 0.34
11 31 0.42
11 32 0.11
11 33 0.55
11 34 0.31
11 35 0.45
11 36 0.56
11 37 0.35
11 38 0.1
11 39 0.46
11 40 0.83
11 41 0.63
11 42 0.61
11 43 0.63
11 44 0.49
11 45 0.46
11 46 0.16
11 47 0.32
11 48 0.33
11 49 0.22
11 50 0.22
12 13 0.44
12 14 0.36
12 15 0.26
12 16 0.34
12 17 0.15
12 18 0.23
12 19 0.4
12 20 0.58
12 21 0.51
12 22 0.44
12 23 0.49
12 24 0.43
12 25 0.42
12 26 0.62
12 27 0.23
12 28 0.6
12 29 0.47
12 30 0.47
12 31 0.56
12 32 0.23
12 33 0.41
12 34 0.44
12 35 0.67
12 36 0.73
12 37 0.17
12 38 0.26
12 39 0.57
12 40 0.56
12 41 0.41
12 42 0.36
12 43 0.63
12 44 0.27
12 45 0.38
12 46 0.11
12 47 0.09
12 48 0.37
12 49 0.31
12 50 0.39
13 14 0.3
13 15 0.48
13 16 0.8
13 17 0.31
13 18 0.21
13 19 0.24
13 20 1.07
13 21 0.9
13 22 0.76
13 23 0.48
13 24 0.43
13 25 0.21
13 26 0.69
13 27 0.56
13 28 0.88
13 29 1
13 30 0.76
13 31 0.85
13 32 0.64
13 33 0.73
13 34 0.83
13 35 1.13
13 36 1.17
13 37 0.45
13 38 0.63
13 39 0.9
13 40 0.31
13 41 0.16
13 42 0.32
13 43 0.61
13 44 0.47
13 45 0.56
13 46 0.51
13 47 0.32
13 48 0.63
13 49 0.71
13 50 0.9
14 15 0.61
14 16 0.61
14 17 0.42
14 18 0.17
14 19 0.47
14 20 0.76
14 21 0.76
14 22 0.47
14 23 0.25
14 24 0.16
14 25 0.1
14 26 0.46
14 27 0.31
14 28 0.6
14 29 0.78
14 30 0.8
14 31 0.61
14 32 0.43
14 33 0.8
14 34 0.73
14 35 0.84
14 36 0.92
14 37 0.42
14 38 0.51
14 39 0.83
14 40 0.59
14 41 0.44
14 42 0.52
14 43 0.36
14 44 0.49
14 45 0.64
14 46 0.35
14 47 0.27
14 48 0.28
14 49 0.57
14 50 0.75
15 16 0.44
15 17 0.18
15 18 0.38
15 19 0.37
15 20 0.74
15 21 0.59
15 22 0.64
15 23 0.78
15 24 0.72
15 25 0.53
15 26 0.82
15 27 0.52
15 28 0.92
15 29 0.7
15 30 0.43
15 31 0.88
15 32 0.48
15 33 0.17
15 34 0.49
15 35 0.81
15 36 0.97
15 37 0.11
15 38 0.38
15 39 0.34
15 40 0.6
15 41 0.39
15 42 0.28
15 43 0.89
15 44 0.09
15 45 0.11
15 46 0.39
15 47 0.29
15 48 0.69
15 49 0.29
15 50 0.46
16 17 0.5
16 18 0.58
16 19 0.71
16 20 0.27
16 21 0.16
16 22 0.27
16 23 0.64
16 24 0.79
16 25 0.76
16 26 0.6
16 27 0.39
16 28 0.45
16 29 0.15
16 30 0.22
16 31 0.5
16 32 0.24
16 33 0.47
16 34 0.2
16 35 0.39
16 36 0.45
16 37 0.42
16 38 0.17
16 39 0.45
16 40 0.84
16 41 0.8
16 42 0.67
16 43 0.84
16 44 0.57
16 45 0.57
16 46 0.31
16 47 0.5
16 48 0.5
16 49 0.22
16 50 0.09
17 18 0.24
17 19 0.27
17 20 0.79
17 21 0.62
17 22 0.61
17 23 0.64
17 24 0.52
17 25 0.41
17 26 0.66
17 27 0.4
17 28 0.73
17 29 0.65
17 30 0.53
17 31 0.81
17 32 0.39
17 33 0.38
17 34 0.57
17 35 0.85
17 36 1.02
17 37 0.09
17 38 0.36
17 39 0.5
17 40 0.44
17 41 0.28
17 42 0.22
17 43 0.71
17 44 0.14
17 45 0.28
17 46 0.3
17 47 0.15
17 48 0.59
17 49 0.32
17 50 0.5
18 19 0.31
18 20 0.79
18 21 0.74
18 22 0.61
18 23 0.38
18 24 0.34
18 25 0.18
18 26 0.54
18 27 0.31
18 28 0.66
18 29 0.66
18 30 0.73
18 31 0.72
18 32 0.39
18 33 0.57
18 34 0.65
18 35 0.77
18 36 0.88
18 37 0.31
18 38 0.48
18 39 0.76
18 40 0.45
18 41 0.25
18 42 0.33
18 43 0.49
18 44 0.37
18 45 0.55
18 46 0.26
18 47 0.13
18 48 0.42
18 49 0.45
18 50 0.67
19 20 0.91
19 21 1
19 22 0.81
19 23 0.67
19 24 0.58
19 25 0.38
19 26 1
19 27 0.58
19 28 0.98
19 29 0.84
19 30 0.77
19 31 1.05
19 32 0.66
19 33 0.55
19 34 0.78
19 35 1.01
19 36 1.27
19 37 0.32
19 38 0.6
19 39 0.74
19 40 0.17
19 41 0.07
19 42 0.14
19 43 0.84
19 44 0.26
19 45 0.47
19 46 0.53
19 47 0.35
19 48 0.66
19 49 0.62
19 50 0.78
20 21 0.26
20 22 0.24
20 23 0.59
20 24 0.72
20 25 0.88
20 26 0.55
20 27 0.47
20 28 0.29
20 29 0.18
20 30 0.5
20 31 0.34
20 32 0.33
20 33 0.8
20 34 0.38
20 35 0.12
20 36 0.19
20 37 0.74
20 38 0.42
20 39 0.63
20 40 1.11
20 41 0.96
20 42 1.01
20 43 0.91
20 44 0.76
20 45 0.78
20 46 0.49
20 47 0.65
20 48 0.55
20 49 0.51
20 50 0.34
21 22 0.4
21 23 0.73
21 24 0.96
21 25 0.87
21 26 0.65
21 27 0.47
21 28 0.47
21 29 0.12
21 30 0.27
21 31 0.56
21 32 0.43
21 33 0.53
21 34 0.14
21 35 0.34
21 36 0.41
21 37 0.63
21 38 0.28
21 39 0.48
21 40 1.14
21 41 0.88
21 42 0.84
21 43 1
21 44 0.62
21 45 0.56
21 46 0.46
21 47 0.59
21 48 0.66
21 49 0.34
21 50 0.13
22 23 0.45
22 24 0.62
22 25 0.67
22 26 0.29
22 27 0.23
22 28 0.15
22 29 0.3
22 30 0.5
22 31 0.19
22 32 0.19
22 33 0.75
22 34 0.52
22 35 0.33
22 36 0.36
22 37 0.62
22 38 0.36
22 39 0.65
22 40 1.05
22 41 0.78
22 42 0.8
22 43 0.62
22 44 0.63
22 45 0.79
22 46 0.29
22 47 0.46
22 48 0.27
22 49 0.51
22 50 0.41
23 24 0.16
23 25 0.35
23 26 0.23
23 27 0.29
23 28 0.48
23 29 0.64
23 30 0.91
23 31 0.37
23 32 0.36
23 33 0.86
23 34 0.86
23 35 0.72
23 36 0.78
23 37 0.67
23 38 0.55
23 39 0.92
23 40 0.88
23 41 0.61
23 42 0.69
23 43 0.21
23 44 0.68
23 45 0.79
23 46 0.37
23 47 0.39
23 48 0.15
23 49 0.67
23 50 0.7
24 25 0.24
24 26 0.36
24 27 0.35
24 28 0.58
24 29 0.89
24 30 0.9
24 31 0.51
24 32 0.53
24 33 0.86
24 34 0.88
24 35 0.89
24 36 0.97
24 37 0.57
24 38 0.66
24 39 1.03
24 40 0.74
24 41 0.6
24 42 0.78
24 43 0.2
24 44 0.66
24 45 0.89
24 46 0.46
24 47 0.4
24 48 0.26
24 49 0.81
24 50 0.76
25 26 0.64
25 27 0.44
25 28 0.72
25 29 0.8
25 30 0.89
25 31 0.63
25 32 0.48
25 33 0.81
25 34 0.83
25 35 0.98
25 36 0.99
25 37 0.45
25 38 0.62
25 39 1.03
25 40 0.45
25 41 0.36
25 42 0.49
25 43 0.47
25 44 0.46
25 45 0.64
25 46 0.37
25 47 0.31
25 48 0.38
25 49 0.71
25 50 0.82
26 27 0.29
26 28 0.23
26 29 0.6
26 30 0.76
26 31 0.16
26 32 0.42
26 33 0.91
26 34 0.77
26 35 0.6
26 36 0.5
26 37 0.7
26 38 0.56
26 39 1.03
26 40 1.15
26 41 0.85
26 42 1.07
26 43 0.38
26 44 0.78
26 45 1.01
26 46 0.47
26 47 0.57
26 48 0.21
26 49 0.75
26 50 0.75
27 28 0.34
27 29 0.4
27 30 0.51
27 31 0.36
27 32 0.13
27 33 0.7
27 34 0.55
27 35 0.51
27 36 0.67
27 37 0.43
27 38 0.32
27 39 0.74
27 40 0.78
27 41 0.66
27 42 0.6
27 43 0.48
27 44 0.53
27 45 0.58
27 46 0.15
27 47 0.27
27 48 0.13
27 49 0.44
27 50 0.45
28 29 0.35
28 30 0.65
28 31 0.09
28 32 0.34
28 33 0.86
28 34 0.67
28 35 0.31
28 36 0.31
28 37 0.78
28 38 0.5
28 39 0.86
28 40 1.06
28 41 0.95
28 42 0.97
28 43 0.7
28 44 0.86
28 45 0.88
28 46 0.48
28 47 0.58
28 48 0.36
28 49 0.61
28 50 0.55
29 30 0.34
29 31 0.46
29 32 0.32
29 33 0.65
29 34 0.23
29 35 0.24
29 36 0.37
29 37 0.57
29 38 0.31
29 39 0.55
29 40 1.06
29 41 0.99
29 42 0.86
29 43 0.87
29 44 0.65
29 45 0.64
29 46 0.46
29 47 0.64
29 48 0.49
29 49 0.34
29 50 0.17
30 31 0.73
30 32 0.47
30 33 0.31
30 34 0.1
30 35 0.6
30 36 0.71
30 37 0.4
30 38 0.25
30 39 0.19
30 40 0.9
30 41 0.71
30 42 0.62
30 43 1.13
30 44 0.47
30 45 0.41
30 46 0.5
30 47 0.6
30 48 0.74
30 49 0.17
30 50 0.16
31 32 0.37
31 33 0.93
31 34 0.75
31 35 0.37
31 36 0.41
31 37 0.79
31 38 0.61
31 39 0.89
31 40 1.11
31 41 0.9
31 42 0.87
31 43 0.52
31 44 0.93
31 45 0.95
31 46 0.49
31 47 0.62
31 48 0.27
31 49 0.71
31 50 0.63
32 33 0.52
32 34 0.43
32 35 0.51
32 36 0.48
32 37 0.38
32 38 0.19
32 39 0.66
32 40 0.78
32 41 0.61
32 42 0.66
32 43 0.6
32 44 0.52
32 45 0.65
32 46 0.15
32 47 0.31
32 48 0.23
32 49 0.3
32 50 0.35
33 34 0.44
33 35 0.84
33 36 0.9
33 37 0.29
33 38 0.37
33 39 0.23
33 40 0.63
33 41 0.56
33 42 0.41
33 43 1.08
33 44 0.26
33 45 0.1
33 46 0.51
33 47 0.46
33 48 0.75
33 49 0.3
33 50 0.49
34 35 0.46
34 36 0.62
34 37 0.52
34 38 0.27
34 39 0.28
34 40 1.06
34 41 0.86
34 42 0.68
34 43 1.02
34 44 0.61
34 45 0.52
34 46 0.47
34 47 0.63
34 48 0.6
34 49 0.22
34 50 0.09
35 36 0.09
35 37 0.86
35 38 0.57
35 39 0.72
35 40 1.42
35 41 1.1
35 42 1.19
35 43 0.86
35 44 1.01
35 45 0.88
35 46 0.62
35 47 0.79
35 48 0.63
35 49 0.69
35 50 0.45
36 37 0.83
36 38 0.65
36 39 0.94
36 40 1.33
36 41 1.21
36 42 1.08
36 43 0.94
36 44 1.11
36 45 0.99
36 46 0.65
36 47 0.78
36 48 0.63
36 49 0.74
36 50 0.51
37 38 0.29
37 39 0.47
37 40 0.48
37 41 0.33
37 42 0.26
37 43 0.82
37 44 0.12
37 45 0.25
37 46 0.28
37 47 0.2
37 48 0.6
37 49 0.3
37 50 0.47
38 39 0.42
38 40 0.74
38 41 0.66
38 42 0.53
38 43 0.73
38 44 0.41
38 45 0.39
38 46 0.23
38 47 0.33
38 48 0.48
38 49 0.12
38 50 0.18
39 40 0.82
39 41 0.84
39 42 0.61
39 43 1.18
39 44 0.47
39 45 0.32
39 46 0.53
39 47 0.65
39 48 0.78
39 49 0.25
39 50 0.33
40 41 0.18
40 42 0.24
40 43 0.96
40 44 0.41
40 45 0.58
40 46 0.64
40 47 0.49
40 48 0.84
40 49 0.79
40 50 0.9
41 42 0.22
41 43 0.76
41 44 0.3
41 45 0.45
41 46 0.49
41 47 0.38
41 48 0.7
41 49 0.68
41 50 0.8
42 43 0.86
42 44 0.17
42 45 0.29
42 46 0.48
42 47 0.35
42 48 0.73
42 49 0.48
42 50 0.69
43 44 0.84
43 45 1.08
43 46 0.59
43 47 0.53
43 48 0.36
43 49 0.98
43 50 0.94
44 45 0.15
44 46 0.34
44 47 0.28
44 48 0.63
44 49 0.34
44 50 0.51
45 46 0.54
45 47 0.41
45 48 0.72
45 49 0.31
45 50 0.47
46 47 0.15
46 48 0.3
46 49 0.29
46 50 0.36
47 48 0.35
47 49 0.34
47 50 0.49
48 49 0.53
48 50 0.57
49 50 0.19
