0 1 1.01
0 2 0.56
0 3 1.12
0 4 0.92
0 5 0.54
0 6 0.64
0 7 0.81
0 8 0.67
0 9 1.2
0 10 1.13
0 11 0.96
0 12 0.94
0 13 0.66
0 14 0.26
0 15 0.49
0 16 0.34
0 17 0.43
0 18 0.75
0 19 1.01
0 20 1.15
0 21 0.79
0 22 0.69
0 23 0.85
0 24 1.16
0 25 1.08
0 26 0.88
0 27 0.86
0 28 0.9
0 29 1.23
0 30 1.26
0 31 0.92
0 32 1.33
0 33 1.35
0 34 1.51
0 35 1.38
0 36 0.97
0 37 0.44
0 38 0.12
0 39 0.97
0 40 0.82
0 41 0.74
0 42 0.41
0 43 0.33
0 44 0.32
0 45 0.63
0 46 0.75
0 47 0.89
0 48 0.91
0 49 1.06
0 50 1
0 51 1.25
0 52 0.88
0 53 0.76
0 54 0.97
0 55 1.02
0 56 0.89
0 57 0.53
0 58 0.68
0 59 0.54
0 60 0.61
0 61 0.41
0 62 0.96
0 63 1.21
0 64 1.17
0 65 1.48
0 66 1.26
0 67 1.08
0 68 1.11
0 69 1.03
0 70 1.09
0 71 1.42
0 72 0.8
0 73 0.79
0 74 0.81
0 75 0.72
0 76 1.03
0 77 1.12
0 78 1.4
0 79 1.14
0 80 1.11
0 81 1.16
0 82 0.75
0 83 0.6
0 84 0.56
0 85 0.41
0 86 0.25
0 87 0.53
0 88 0.89
0 89 0.69
0 90 1.06
0 91 0.4
0 92 0.49
0 93 0.52
0 94 0.6
0 95 0.54
0 96 0.49
0 97 0.54
0 98 0.44
0 99 0.49
0 100 0.43
1 2 0.5
1 3 0.24
1 4 0.51
1 5 0.53
1 6 0.41
1 7 0.31
1 8 0.5
1 9 0.28
1 10 0.27
1 11 0.4
1 12 0.28
1 13 0.44
1 14 0.74
1 15 0.74
1 16 0.6
1 17 0.72
1 18 0.38
1 19 0.5
1 20 0.24
1 21 0.42
1 22 0.68
1 23 0.66
1 24 0.41
1 25 0.63
1 26 0.33
1 27 0.16
1 28 0.19
1 29 0.4
1 30 0.17
1 31 0.17
1 32 0.32
1 33 0.18
1 34 0.39
1 35 0.44
1 36 0.66
1 37 0.54
1 38 1.02
1 39 0.66
1 40 0.39
1 41 0.7
1 42 0.58
1 43 0.75
1 44 0.82
1 45 0.56
1 46 0.59
1 47 0.58
1 48 0.43
1 49 0.61
1 50 0.11
1 51 0.19
1 52 0.22
1 53 0.28
1 54 0.41
1 55 0.55
1 56 0.58
1 57 0.58
1 58 0.36
1 59 0.55
1 60 0.48
1 61 0.62
1 62 0.28
1 63 0.39
1 64 0.62
1 65 0.6
1 66 0.42
1 67 0.84
1 68 0.27
1 69 0.07
1 70 0.13
1 71 0.39
1 72 0.54
1 73 0.48
1 74 0.53
1 75 0.58
1 76 0.16
1 77 0.2
1 78 0.32
1 79 0.25
1 80 0.31
1 81 0.21
1 82 0.38
1 83 0.51
1 84 0.6
1 85 0.58
1 86 0.8
1 87 0.51
1 88 0.25
1 89 0.31
1 90 0.35
1 91 0.61
1 92 0.52
1 93 0.52
1 94 0.43
1 95 0.44
1 96 0.47
1 97 0.48
1 98 0.56
1 99 0.47
1 100 0.56
2 3 0.51
2 4 0.3
2 5 0.38
2 6 0.24
2 7 0.57
2 8 0.58
2 9 0.8
2 10 0.66
2 11 0.75
2 12 0.39
2 13 0.14
2 14 0.32
2 15 0.18
2 16 0.4
2 17 0.56
2 18 0.42
2 19 0.82
2 20 0.83
2 21 0.18
2 22 0.19
2 23 0.39
2 24 0.54
2 25 0.44
2 26 0.28
2 27 0.35
2 28 0.3
2 29 0.6
2 30 0.66
2 31 0.61
2 32 0.9
2 33 0.66
2 34 0.85
2 35 0.94
2 36 0.93
2 37 0.22
2 38 0.48
2 39 0.4
2 40 0.15
2 41 0.21
2 42 0.18
2 43 0.26
2 44 0.44
2 45 0.53
2 46 0.74
2 47 0.71
2 48 0.67
2 49 0.88
2 50 0.54
2 51 0.73
2 52 0.41
2 53 0.24
2 54 0.36
2 55 0.43
2 56 0.29
2 57 0.09
2 58 0.16
2 59 0.26
2 60 0.37
2 61 0.37
2 62 0.75
2 63 0.74
2 64 1.03
2 65 1.03
2 66 0.95
2 67 0.57
2 68 0.47
2 69 0.49
2 70 0.65
2 71 0.92
2 72 0.18
2 73 0.15
2 74 0.18
2 75 0.23
2 76 0.45
2 77 0.51
2 78 0.69
2 79 0.59
2 80 0.45
2 81 0.66
2 82 0.56
2 83 0.46
2 84 0.4
2 85 0.33
2 86 0.46
2 87 0.11
2 88 0.59
2 89 0.32
2 90 0.76
2 91 0.29
2 92 0.22
2 93 0.33
2 94 0.21
2 95 0.17
2 96 0.3
2 97 0.18
2 98 0.29
2 99 0.25
2 100 0.26
3 4 0.42
3 5 0.7
3 6 0.55
3 7 0.55
3 8 0.73
3 9 0.22
3 10 0.52
3 11 0.69
3 12 0.16
3 13 0.59
3 14 0.85
3 15 0.8
3 16 0.77
3 17 0.86
3 18 0.6
3 19 0.62
3 20 0.38
3 21 0.4
3 22 0.54
3 23 0.65
3 24 0.22
3 25 0.37
3 26 0.28
3 27 0.29
3 28 0.27
3 29 0.14
3 30 0.38
3 31 0.38
3 32 0.52
3 33 0.12
3 34 0.2
3 35 0.36
3 36 0.99
3 37 0.62
3 38 0.91
3 39 0.53
3 40 0.4
3 41 0.57
3 42 0.81
3 43 0.87
3 44 0.92
3 45 0.71
3 46 0.82
3 47 0.88
3 48 0.68
3 49 0.87
3 50 0.15
3 51 0.24
3 52 0.46
3 53 0.38
3 54 0.23
3 55 0.35
3 56 0.54
3 57 0.61
3 58 0.4
3 59 0.6
3 60 0.67
3 61 0.75
3 62 0.51
3 63 0.63
3 64 0.84
3 65 0.48
3 66 0.44
3 67 0.64
3 68 0.11
3 69 0.31
3 70 0.34
3 71 0.38
3 72 0.43
3 73 0.44
3 74 0.54
3 75 0.55
3 76 0.1
3 77 0.04
3 78 0.15
3 79 0.06
3 80 0.14
3 81 0.15
3 82 0.7
3 83 0.66
3 84 0.7
3 85 0.71
3 86 0.95
3 87 0.69
3 88 0.52
3 89 0.53
3 90 0.54
3 91 0.74
3 92 0.66
3 93 0.71
3 94 0.59
3 95 0.56
3 96 0.57
3 97 0.59
3 98 0.71
3 99 0.64
3 100 0.69
4 5 0.62
4 6 0.54
4 7 0.67
4 8 0.91
4 9 0.6
4 10 0.69
4 11 0.82
4 12 0.24
4 13 0.43
4 14 0.59
4 15 0.49
4 16 0.66
4 17 0.76
4 18 0.69
4 19 0.87
4 20 0.66
4 21 0.14
4 22 0.24
4 23 0.23
4 24 0.3
4 25 0.15
4 26 0.22
4 27 0.43
4 28 0.36
4 29 0.42
4 30 0.72
4 31 0.7
4 32 0.82
4 33 0.48
4 34 0.6
4 35 0.75
4 36 1.16
4 37 0.62
4 38 0.77
4 39 0.14
4 40 0.24
4 41 0.26
4 42 0.52
4 43 0.57
4 44 0.79
4 45 0.9
4 46 0.89
4 47 0.9
4 48 0.75
4 49 1.11
4 50 0.49
4 51 0.59
4 52 0.57
4 53 0.3
4 54 0.17
4 55 0.13
4 56 0.14
4 57 0.4
4 58 0.29
4 59 0.51
4 60 0.71
4 61 0.7
4 62 0.79
4 63 0.92
4 64 1.08
4 65 0.88
4 66 0.93
4 67 0.35
4 68 0.3
4 69 0.47
4 70 0.66
4 71 0.76
4 72 0.15
4 73 0.2
4 74 0.19
4 75 0.17
4 76 0.36
4 77 0.35
4 78 0.51
4 79 0.44
4 80 0.26
4 81 0.51
4 82 0.74
4 83 0.7
4 84 0.7
4 85 0.64
4 86 0.77
4 87 0.4
4 88 0.74
4 89 0.52
4 90 0.89
4 91 0.65
4 92 0.52
4 93 0.57
4 94 0.47
4 95 0.47
4 96 0.56
4 97 0.48
4 98 0.61
4 99 0.55
4 100 0.65
5 6 0.15
5 7 0.31
5 8 0.2
5 9 0.87
5 10 0.52
5 11 0.55
5 12 0.58
5 13 0.26
5 14 0.3
5 15 0.44
5 16 0.18
5 17 0.16
5 18 0.18
5 19 0.42
5 20 0.74
5 21 0.49
5 22 0.52
5 23 0.78
5 24 0.85
5 25 0.8
5 26 0.47
5 27 0.34
5 28 0.45
5 29 0.82
5 30 0.7
5 31 0.45
5 32 0.78
5 33 0.68
5 34 0.94
5 35 1.1
5 36 0.53
5 37 0.2
5 38 0.43
5 39 0.79
5 40 0.39
5 41 0.54
5 42 0.35
5 43 0.41
5 44 0.27
5 45 0.2
5 46 0.34
5 47 0.43
5 48 0.35
5 49 0.69
5 50 0.56
5 51 0.71
5 52 0.28
5 53 0.33
5 54 0.67
5 55 0.7
5 56 0.63
5 57 0.39
5 58 0.33
5 59 0.14
5 60 0.07
5 61 0.11
5 62 0.46
5 63 0.57
5 64 0.77
5 65 1.08
5 66 0.96
5 67 0.84
5 68 0.68
5 69 0.41
5 70 0.6
5 71 0.98
5 72 0.56
5 73 0.49
5 74 0.52
5 75 0.71
5 76 0.53
5 77 0.66
5 78 0.82
5 79 0.69
5 80 0.65
5 81 0.78
5 82 0.26
5 83 0.12
5 84 0.07
5 85 0.13
5 86 0.27
5 87 0.28
5 88 0.36
5 89 0.19
5 90 0.62
5 91 0.17
5 92 0.17
5 93 0.11
5 94 0.2
5 95 0.2
5 96 0.13
5 97 0.22
5 98 0.15
5 99 0.1
5 100 0.19
6 7 0.34
6 8 0.31
6 9 0.63
6 10 0.53
6 11 0.59
6 12 0.44
6 13 0.1
6 14 0.33
6 15 0.39
6 16 0.3
6 17 0.34
6 18 0.19
6 19 0.49
6 20 0.63
6 21 0.34
6 22 0.51
6 23 0.57
6 24 0.58
6 25 0.63
6 26 0.34
6 27 0.23
6 28 0.3
6 29 0.68
6 30 0.52
6 31 0.39
6 32 0.66
6 33 0.59
6 34 0.71
6 35 0.77
6 36 0.63
6 37 0.19
6 38 0.48
6 39 0.62
6 40 0.25
6 41 0.43
6 42 0.27
6 43 0.42
6 44 0.36
6 45 0.3
6 46 0.47
6 47 0.5
6 48 0.4
6 49 0.71
6 50 0.4
6 51 0.61
6 52 0.19
6 53 0.17
6 54 0.52
6 55 0.63
6 56 0.56
6 57 0.3
6 58 0.19
6 59 0.11
6 60 0.14
6 61 0.23
6 62 0.45
6 63 0.59
6 64 0.72
6 65 1.01
6 66 0.79
6 67 0.7
6 68 0.55
6 69 0.34
6 70 0.46
6 71 0.76
6 72 0.45
6 73 0.37
6 74 0.48
6 75 0.52
6 76 0.39
6 77 0.46
6 78 0.63
6 79 0.59
6 80 0.55
6 81 0.61
6 82 0.29
6 83 0.18
6 84 0.2
6 85 0.18
6 86 0.37
6 87 0.2
6 88 0.34
6 89 0.08
6 90 0.57
6 91 0.22
6 92 0.13
6 93 0.15
6 94 0.05
6 95 0.09
6 96 0.07
6 97 0.15
6 98 0.18
6 99 0.1
6 100 0.24
7 8 0.17
7 9 0.65
7 10 0.21
7 11 0.25
7 12 0.56
7 13 0.39
7 14 0.68
7 15 0.72
7 16 0.53
7 17 0.41
7 18 0.18
7 19 0.16
7 20 0.46
7 21 0.58
7 22 0.71
7 23 0.87
7 24 0.72
7 25 0.85
7 26 0.5
7 27 0.29
7 28 0.36
7 29 0.7
7 30 0.36
7 31 0.18
7 32 0.41
7 33 0.5
7 34 0.76
7 35 0.67
7 36 0.34
7 37 0.47
7 38 0.84
7 39 0.86
7 40 0.53
7 41 0.84
7 42 0.57
7 43 0.77
7 44 0.56
7 45 0.33
7 46 0.3
7 47 0.23
7 48 0.12
7 49 0.34
7 50 0.48
7 51 0.46
7 52 0.16
7 53 0.36
7 54 0.63
7 55 0.92
7 56 0.72
7 57 0.73
7 58 0.51
7 59 0.41
7 60 0.27
7 61 0.46
7 62 0.14
7 63 0.31
7 64 0.41
7 65 0.8
7 66 0.62
7 67 1.04
7 68 0.6
7 69 0.26
7 70 0.26
7 71 0.66
7 72 0.65
7 73 0.66
7 74 0.76
7 75 0.82
7 76 0.45
7 77 0.57
7 78 0.68
7 79 0.56
7 80 0.65
7 81 0.59
7 82 0.08
7 83 0.24
7 84 0.36
7 85 0.42
7 86 0.58
7 87 0.61
7 88 0.1
7 89 0.28
7 90 0.32
7 91 0.45
7 92 0.43
7 93 0.43
7 94 0.43
7 95 0.46
7 96 0.37
7 97 0.49
7 98 0.45
7 99 0.36
7 100 0.57
8 9 0.76
8 10 0.41
8 11 0.38
8 12 0.63
8 13 0.42
8 14 0.5
8 15 0.66
8 16 0.35
8 17 0.21
8 18 0.17
8 19 0.28
8 20 0.63
8 21 0.68
8 22 0.71
8 23 0.98
8 24 0.96
8 25 0.98
8 26 0.59
8 27 0.36
8 28 0.53
8 29 0.9
8 30 0.55
8 31 0.39
8 32 0.51
8 33 0.73
8 34 0.82
8 35 0.97
8 36 0.28
8 37 0.35
8 38 0.62
8 39 0.92
8 40 0.56
8 41 0.73
8 42 0.57
8 43 0.67
8 44 0.45
8 45 0.1
8 46 0.16
8 47 0.23
8 48 0.16
8 49 0.43
8 50 0.58
8 51 0.68
8 52 0.29
8 53 0.5
8 54 0.75
8 55 0.95
8 56 0.86
8 57 0.59
8 58 0.5
8 59 0.39
8 60 0.18
8 61 0.32
8 62 0.35
8 63 0.47
8 64 0.5
8 65 1.04
8 66 0.79
8 67 0.98
8 68 0.65
8 69 0.45
8 70 0.46
8 71 0.78
8 72 0.7
8 73 0.67
8 74 0.73
8 75 0.75
8 76 0.57
8 77 0.65
8 78 0.91
8 79 0.8
8 80 0.74
8 81 0.73
8 82 0.1
8 83 0.11
8 84 0.21
8 85 0.32
8 86 0.47
8 87 0.46
8 88 0.3
8 89 0.3
8 90 0.49
8 91 0.4
8 92 0.41
8 93 0.31
8 94 0.4
8 95 0.35
8 96 0.35
8 97 0.42
8 98 0.44
8 99 0.28
8 100 0.39
9 10 0.39
9 11 0.52
9 12 0.45
9 13 0.77
9 14 0.91
9 15 1.01
9 16 1.02
9 17 0.94
9 18 0.6
9 19 0.58
9 20 0.16
9 21 0.62
9 22 0.83
9 23 0.95
9 24 0.44
9 25 0.7
9 26 0.47
9 27 0.42
9 28 0.41
9 29 0.3
9 30 0.25
9 31 0.43
9 32 0.36
9 33 0.14
9 34 0.19
9 35 0.15
9 36 0.83
9 37 0.88
9 38 1.13
9 39 0.88
9 40 0.64
9 41 0.83
9 42 0.94
9 43 0.97
9 44 1
9 45 0.89
9 46 0.93
9 47 0.67
9 48 0.64
9 49 0.83
9 50 0.25
9 51 0.1
9 52 0.52
9 53 0.5
9 54 0.5
9 55 0.61
9 56 0.72
9 57 0.84
9 58 0.57
9 59 0.77
9 60 0.73
9 61 1
9 62 0.46
9 63 0.49
9 64 0.71
9 65 0.31
9 66 0.22
9 67 1
9 68 0.33
9 69 0.32
9 70 0.28
9 71 0.15
9 72 0.69
9 73 0.73
9 74 0.82
9 75 0.7
9 76 0.3
9 77 0.27
9 78 0.16
9 79 0.21
9 80 0.34
9 81 0.09
9 82 0.7
9 83 0.73
9 84 0.84
9 85 0.85
9 86 1.06
9 87 0.84
9 88 0.51
9 89 0.65
9 90 0.4
9 91 0.9
9 92 0.92
9 93 0.91
9 94 0.72
9 95 0.72
9 96 0.76
9 97 0.75
9 98 0.89
9 99 0.86
9 100 0.86
10 11 0.2
10 12 0.48
10 13 0.62
10 14 0.75
10 15 0.79
10 16 0.68
10 17 0.59
10 18 0.36
10 19 0.24
10 20 0.25
10 21 0.69
10 22 0.89
10 23 0.85
10 24 0.69
10 25 0.85
10 26 0.55
10 27 0.34
10 28 0.44
10 29 0.65
10 30 0.15
10 31 0.13
10 32 0.17
10 33 0.42
10 34 0.55
10 35 0.56
10 36 0.46
10 37 0.59
10 38 0.99
10 39 0.91
10 40 0.56
10 41 0.83
10 42 0.78
10 43 0.92
10 44 0.8
10 45 0.47
10 46 0.52
10 47 0.35
10 48 0.3
10 49 0.41
10 50 0.34
10 51 0.31
10 52 0.27
10 53 0.5
10 54 0.63
10 55 0.79
10 56 0.77
10 57 0.77
10 58 0.6
10 59 0.58
10 60 0.46
10 61 0.6
10 62 0.1
10 63 0.16
10 64 0.37
10 65 0.63
10 66 0.34
10 67 1.16
10 68 0.56
10 69 0.25
10 70 0.14
10 71 0.44
10 72 0.75
10 73 0.69
10 74 0.86
10 75 0.78
10 76 0.37
10 77 0.45
10 78 0.5
10 79 0.52
10 80 0.51
10 81 0.37
10 82 0.36
10 83 0.41
10 84 0.55
10 85 0.65
10 86 0.81
10 87 0.69
10 88 0.15
10 89 0.38
10 90 0.11
10 91 0.64
10 92 0.67
10 93 0.56
10 94 0.49
10 95 0.55
10 96 0.56
10 97 0.63
10 98 0.67
10 99 0.54
10 100 0.73
11 12 0.66
11 13 0.62
11 14 0.92
11 15 1.01
11 16 0.83
11 17 0.59
11 18 0.43
11 19 0.12
11 20 0.41
11 21 0.84
11 22 0.92
11 23 1.05
11 24 0.81
11 25 0.95
11 26 0.7
11 27 0.46
11 28 0.59
11 29 0.9
11 30 0.37
11 31 0.28
11 32 0.25
11 33 0.58
11 34 0.8
11 35 0.74
11 36 0.31
11 37 0.67
11 38 1
11 39 1.03
11 40 0.74
11 41 1.08
11 42 0.89
11 43 0.97
11 44 0.8
11 45 0.52
11 46 0.36
11 47 0.24
11 48 0.24
11 49 0.22
11 50 0.52
11 51 0.5
11 52 0.34
11 53 0.58
11 54 0.8
11 55 0.97
11 56 0.96
11 57 0.92
11 58 0.64
11 59 0.68
11 60 0.55
11 61 0.68
11 62 0.12
11 63 0.14
11 64 0.2
11 65 0.67
11 66 0.45
11 67 1.27
11 68 0.74
11 69 0.37
11 70 0.32
11 71 0.61
11 72 0.83
11 73 0.93
11 74 0.95
11 75 1.07
11 76 0.59
11 77 0.66
11 78 0.73
11 79 0.69
11 80 0.77
11 81 0.65
11 82 0.28
11 83 0.46
11 84 0.54
11 85 0.76
11 86 0.86
11 87 0.78
11 88 0.21
11 89 0.49
11 90 0.17
11 91 0.76
11 92 0.67
11 93 0.62
11 94 0.62
11 95 0.64
11 96 0.6
11 97 0.69
11 98 0.8
11 99 0.63
11 100 0.77
12 13 0.36
12 14 0.75
12 15 0.55
12 16 0.68
12 17 0.72
12 18 0.53
12 19 0.67
12 20 0.49
12 21 0.26
12 22 0.36
12 23 0.43
12 24 0.22
12 25 0.31
12 26 0.11
12 27 0.26
12 28 0.15
12 29 0.24
12 30 0.45
12 31 0.45
12 32 0.66
12 33 0.27
12 34 0.37
12 35 0.48
12 36 0.83
12 37 0.49
12 38 0.83
12 39 0.42
12 40 0.24
12 41 0.46
12 42 0.57
12 43 0.66
12 44 0.77
12 45 0.68
12 46 0.8
12 47 0.85
12 48 0.7
12 49 0.93
12 50 0.21
12 51 0.35
12 52 0.4
12 53 0.24
12 54 0.15
12 55 0.28
12 56 0.37
12 57 0.47
12 58 0.25
12 59 0.44
12 60 0.58
12 61 0.66
12 62 0.51
12 63 0.63
12 64 0.91
12 65 0.76
12 66 0.6
12 67 0.57
12 68 0.11
12 69 0.29
12 70 0.44
12 71 0.5
12 72 0.32
12 73 0.33
12 74 0.33
12 75 0.36
12 76 0.12
12 77 0.13
12 78 0.34
12 79 0.23
12 80 0.11
12 81 0.28
12 82 0.57
12 83 0.64
12 84 0.59
12 85 0.57
12 86 0.73
12 87 0.46
12 88 0.47
12 89 0.38
12 90 0.58
12 91 0.66
12 92 0.48
12 93 0.55
12 94 0.43
12 95 0.46
12 96 0.46
12 97 0.41
12 98 0.57
12 99 0.52
12 100 0.57
13 14 0.37
13 15 0.33
13 16 0.36
13 17 0.4
13 18 0.26
13 19 0.61
13 20 0.69
13 21 0.27
13 22 0.38
13 23 0.47
13 24 0.57
13 25 0.58
13 26 0.25
13 27 0.25
13 28 0.26
13 29 0.59
13 30 0.6
13 31 0.47
13 32 0.67
13 33 0.52
13 34 0.75
13 35 0.8
13 36 0.7
13 37 0.19
13 38 0.55
13 39 0.49
13 40 0.16
13 41 0.33
13 42 0.22
13 43 0.4
13 44 0.38
13 45 0.46
13 46 0.59
13 47 0.6
13 48 0.51
13 49 0.73
13 50 0.46
13 51 0.57
13 52 0.3
13 53 0.16
13 54 0.41
13 55 0.5
13 56 0.41
13 57 0.22
13 58 0.09
13 59 0.14
13 60 0.26
13 61 0.27
13 62 0.53
13 63 0.7
13 64 0.82
13 65 0.96
13 66 0.83
13 67 0.73
13 68 0.48
13 69 0.36
13 70 0.5
13 71 0.88
13 72 0.32
13 73 0.25
13 74 0.31
13 75 0.41
13 76 0.41
13 77 0.51
13 78 0.66
13 79 0.61
13 80 0.44
13 81 0.59
13 82 0.43
13 83 0.33
13 84 0.3
13 85 0.25
13 86 0.48
13 87 0.12
13 88 0.49
13 89 0.17
13 90 0.61
13 91 0.27
13 92 0.15
13 93 0.19
13 94 0.07
13 95 0.08
13 96 0.15
13 97 0.1
13 98 0.22
13 99 0.16
13 100 0.23
14 15 0.24
14 16 0.19
14 17 0.37
14 18 0.56
14 19 0.76
14 20 1.05
14 21 0.58
14 22 0.51
14 23 0.68
14 24 0.84
14 25 0.77
14 26 0.59
14 27 0.61
14 28 0.56
14 29 0.89
14 30 0.93
14 31 0.77
14 32 1.02
14 33 0.84
14 34 1.16
14 35 1.11
14 36 0.81
14 37 0.18
14 38 0.17
14 39 0.73
14 40 0.44
14 41 0.4
14 42 0.14
14 43 0.17
14 44 0.09
14 45 0.46
14 46 0.63
14 47 0.79
14 48 0.69
14 49 0.97
14 50 0.72
14 51 0.86
14 52 0.54
14 53 0.51
14 54 0.74
14 55 0.82
14 56 0.58
14 57 0.25
14 58 0.42
14 59 0.24
14 60 0.33
14 61 0.22
14 62 0.76
14 63 0.88
14 64 1.04
14 65 1.27
14 66 1.28
14 67 0.87
14 68 0.81
14 69 0.64
14 70 0.77
14 71 1.24
14 72 0.55
14 73 0.46
14 74 0.47
14 75 0.54
14 76 0.78
14 77 0.73
14 78 0.93
14 79 0.91
14 80 0.88
14 81 0.91
14 82 0.57
14 83 0.46
14 84 0.33
14 85 0.19
14 86 0.23
14 87 0.25
14 88 0.64
14 89 0.4
14 90 0.82
14 91 0.14
14 92 0.2
14 93 0.23
14 94 0.33
14 95 0.28
14 96 0.28
14 97 0.22
14 98 0.19
14 99 0.28
14 100 0.13
15 16 0.36
15 17 0.55
15 18 0.57
15 19 0.91
15 20 1.07
15 21 0.33
15 22 0.27
15 23 0.42
15 24 0.7
15 25 0.66
15 26 0.41
15 27 0.53
15 28 0.52
15 29 0.78
15 30 0.97
15 31 0.69
15 32 1.04
15 33 0.85
15 34 0.89
15 35 1.02
15 36 0.89
15 37 0.31
15 38 0.38
15 39 0.49
15 40 0.33
15 41 0.19
15 42 0.15
15 43 0.1
15 44 0.34
15 45 0.65
15 46 0.89
15 47 0.81
15 48 0.84
15 49 1.04
15 50 0.77
15 51 0.86
15 52 0.63
15 53 0.41
15 54 0.59
15 55 0.55
15 56 0.4
15 57 0.12
15 58 0.31
15 59 0.31
15 60 0.51
15 61 0.37
15 62 0.89
15 63 0.91
15 64 1.22
15 65 1.33
15 66 1.22
15 67 0.53
15 68 0.66
15 69 0.78
15 70 0.78
15 71 1.13
15 72 0.34
15 73 0.31
15 74 0.29
15 75 0.33
15 76 0.63
15 77 0.68
15 78 0.91
15 79 0.84
15 80 0.62
15 81 0.94
15 82 0.64
15 83 0.58
15 84 0.48
15 85 0.33
15 86 0.45
15 87 0.22
15 88 0.7
15 89 0.5
15 90 1.04
15 91 0.32
15 92 0.29
15 93 0.34
15 94 0.4
15 95 0.31
15 96 0.38
15 97 0.3
15 98 0.31
15 99 0.41
15 100 0.3
16 17 0.17
16 18 0.34
16 19 0.71
16 20 0.91
16 21 0.58
16 22 0.6
16 23 0.84
16 24 1
16 25 0.83
16 26 0.54
16 27 0.51
16 28 0.53
16 29 0.91
16 30 0.9
16 31 0.64
16 32 0.89
16 33 0.83
16 34 0.96
16 35 1.13
16 36 0.59
16 37 0.16
16 38 0.22
16 39 0.87
16 40 0.48
16 41 0.57
16 42 0.25
16 43 0.33
16 44 0.09
16 45 0.29
16 46 0.5
16 47 0.54
16 48 0.47
16 49 0.78
16 50 0.71
16 51 0.79
16 52 0.43
16 53 0.5
16 54 0.75
16 55 0.8
16 56 0.72
16 57 0.38
16 58 0.42
16 59 0.19
16 60 0.26
16 61 0.07
16 62 0.63
16 63 0.86
16 64 0.89
16 65 1.26
16 66 1.02
16 67 0.93
16 68 0.75
16 69 0.58
16 70 0.69
16 71 1.08
16 72 0.61
16 73 0.54
16 74 0.61
16 75 0.68
16 76 0.74
16 77 0.72
16 78 0.92
16 79 0.8
16 80 0.73
16 81 0.96
16 82 0.42
16 83 0.26
16 84 0.19
16 85 0.1
16 86 0.11
16 87 0.29
16 88 0.58
16 89 0.39
16 90 0.77
16 91 0.08
16 92 0.18
16 93 0.15
16 94 0.3
16 95 0.25
16 96 0.22
16 97 0.21
16 98 0.15
16 99 0.19
16 100 0.13
17 18 0.3
17 19 0.57
17 20 0.82
17 21 0.64
17 22 0.77
17 23 0.93
17 24 0.98
17 25 0.91
17 26 0.66
17 27 0.54
17 28 0.61
17 29 0.95
17 30 0.74
17 31 0.54
17 32 0.73
17 33 0.86
17 34 1.14
17 35 1.07
17 36 0.47
17 37 0.28
17 38 0.43
17 39 0.86
17 40 0.53
17 41 0.66
17 42 0.41
17 43 0.55
17 44 0.25
17 45 0.14
17 46 0.3
17 47 0.38
17 48 0.39
17 49 0.64
17 50 0.74
17 51 0.9
17 52 0.41
17 53 0.5
17 54 0.87
17 55 0.87
17 56 0.75
17 57 0.49
17 58 0.47
17 59 0.24
17 60 0.19
17 61 0.13
17 62 0.57
17 63 0.68
17 64 0.76
17 65 1.21
17 66 1.06
17 67 1.02
17 68 0.87
17 69 0.56
17 70 0.72
17 71 0.95
17 72 0.68
17 73 0.64
17 74 0.78
17 75 0.8
17 76 0.74
17 77 0.75
17 78 0.91
17 79 0.9
17 80 0.86
17 81 0.87
17 82 0.29
17 83 0.17
17 84 0.09
17 85 0.22
17 86 0.22
17 87 0.41
17 88 0.49
17 89 0.36
17 90 0.75
17 91 0.25
17 92 0.3
17 93 0.23
17 94 0.31
17 95 0.34
17 96 0.29
17 97 0.32
17 98 0.25
17 99 0.23
17 100 0.27
18 19 0.35
18 20 0.63
18 21 0.5
18 22 0.63
18 23 0.78
18 24 0.76
18 25 0.81
18 26 0.41
18 27 0.23
18 28 0.34
18 29 0.75
18 30 0.43
18 31 0.27
18 32 0.56
18 33 0.65
18 34 0.81
18 35 0.73
18 36 0.39
18 37 0.33
18 38 0.6
18 39 0.83
18 40 0.36
18 41 0.56
18 42 0.42
18 43 0.54
18 44 0.42
18 45 0.24
18 46 0.29
18 47 0.33
18 48 0.2
18 49 0.51
18 50 0.49
18 51 0.57
18 52 0.12
18 53 0.33
18 54 0.55
18 55 0.71
18 56 0.66
18 57 0.52
18 58 0.32
18 59 0.23
18 60 0.1
18 61 0.28
18 62 0.31
18 63 0.48
18 64 0.57
18 65 0.82
18 66 0.8
18 67 0.84
18 68 0.57
18 69 0.3
18 70 0.41
18 71 0.73
18 72 0.57
18 73 0.55
18 74 0.56
18 75 0.71
18 76 0.44
18 77 0.57
18 78 0.64
18 79 0.58
18 80 0.57
18 81 0.59
18 82 0.14
18 83 0.1
18 84 0.2
18 85 0.3
18 86 0.45
18 87 0.4
18 88 0.23
18 89 0.13
18 90 0.5
18 91 0.34
18 92 0.25
18 93 0.27
18 94 0.23
18 95 0.29
18 96 0.21
18 97 0.33
18 98 0.3
18 99 0.22
18 100 0.37
19 20 0.48
19 21 0.79
19 22 0.96
19 23 1.09
19 24 0.87
19 25 0.92
19 26 0.69
19 27 0.46
19 28 0.56
19 29 0.88
19 30 0.37
19 31 0.26
19 32 0.33
19 33 0.57
19 34 0.84
19 35 0.8
19 36 0.22
19 37 0.6
19 38 0.94
19 39 1.04
19 40 0.71
19 41 1.01
19 42 0.83
19 43 0.88
19 44 0.68
19 45 0.41
19 46 0.29
19 47 0.14
19 48 0.15
19 49 0.22
19 50 0.57
19 51 0.57
19 52 0.31
19 53 0.57
19 54 0.87
19 55 0.92
19 56 0.95
19 57 0.8
19 58 0.64
19 59 0.53
19 60 0.43
19 61 0.55
19 62 0.15
19 63 0.23
19 64 0.3
19 65 0.83
19 66 0.61
19 67 1.22
19 68 0.76
19 69 0.41
19 70 0.41
19 71 0.74
19 72 0.89
19 73 0.79
19 74 0.98
19 75 1.09
19 76 0.6
19 77 0.64
19 78 0.72
19 79 0.65
19 80 0.77
19 81 0.59
19 82 0.19
19 83 0.4
19 84 0.46
19 85 0.61
19 86 0.75
19 87 0.69
19 88 0.22
19 89 0.43
19 90 0.27
19 91 0.65
19 92 0.57
19 93 0.56
19 94 0.53
19 95 0.63
19 96 0.56
19 97 0.58
19 98 0.6
19 99 0.58
19 100 0.62
20 21 0.72
20 22 0.99
20 23 0.93
20 24 0.52
20 25 0.79
20 26 0.62
20 27 0.41
20 28 0.45
20 29 0.45
20 30 0.11
20 31 0.28
20 32 0.17
20 33 0.27
20 34 0.35
20 35 0.26
20 36 0.7
20 37 0.89
20 38 1.25
20 39 0.87
20 40 0.62
20 41 0.92
20 42 0.89
20 43 0.97
20 44 1
20 45 0.72
20 46 0.79
20 47 0.64
20 48 0.52
20 49 0.67
20 50 0.31
20 51 0.12
20 52 0.44
20 53 0.51
20 54 0.56
20 55 0.81
20 56 0.8
20 57 0.9
20 58 0.62
20 59 0.72
20 60 0.66
20 61 0.76
20 62 0.38
20 63 0.29
20 64 0.52
20 65 0.31
20 66 0.15
20 67 1.07
20 68 0.48
20 69 0.34
20 70 0.19
20 71 0.21
20 72 0.7
20 73 0.71
20 74 0.9
20 75 0.87
20 76 0.35
20 77 0.4
20 78 0.35
20 79 0.35
20 80 0.48
20 81 0.25
20 82 0.52
20 83 0.71
20 84 0.8
20 85 0.74
20 86 1.06
20 87 0.86
20 88 0.38
20 89 0.52
20 90 0.21
20 91 0.91
20 92 0.72
20 93 0.71
20 94 0.66
20 95 0.66
20 96 0.7
20 97 0.8
20 98 0.76
20 99 0.69
20 100 0.81
21 22 0.16
21 23 0.3
21 24 0.37
21 25 0.3
21 26 0.16
21 27 0.35
21 28 0.28
21 29 0.44
21 30 0.67
21 31 0.53
21 32 0.85
21 33 0.51
21 34 0.69
21 35 0.74
21 36 0.95
21 37 0.42
21 38 0.62
21 39 0.27
21 40 0.12
21 41 0.2
21 42 0.36
21 43 0.46
21 44 0.59
21 45 0.67
21 46 0.76
21 47 0.93
21 48 0.71
21 49 0.93
21 50 0.46
21 51 0.56
21 52 0.44
21 53 0.21
21 54 0.24
21 55 0.32
21 56 0.18
21 57 0.24
21 58 0.18
21 59 0.36
21 60 0.45
21 61 0.55
21 62 0.66
21 63 0.81
21 64 0.92
21 65 1
21 66 0.84
21 67 0.43
21 68 0.39
21 69 0.39
21 70 0.63
21 71 0.76
21 72 0.07
21 73 0.05
21 74 0.11
21 75 0.18
21 76 0.35
21 77 0.39
21 78 0.54
21 79 0.54
21 80 0.31
21 81 0.58
21 82 0.62
21 83 0.55
21 84 0.61
21 85 0.45
21 86 0.66
21 87 0.29
21 88 0.58
21 89 0.37
21 90 0.74
21 91 0.5
21 92 0.36
21 93 0.43
21 94 0.34
21 95 0.33
21 96 0.39
21 97 0.29
21 98 0.43
21 99 0.45
21 100 0.46
22 23 0.19
22 24 0.52
22 25 0.35
22 26 0.29
22 27 0.5
22 28 0.43
22 29 0.56
22 30 0.79
22 31 0.76
22 32 0.99
22 33 0.66
22 34 0.74
22 35 0.84
22 36 1.12
22 37 0.48
22 38 0.66
22 39 0.22
22 40 0.24
22 41 0.06
22 42 0.35
22 43 0.35
22 44 0.61
22 45 0.82
22 46 0.97
22 47 0.95
22 48 0.87
22 49 1.08
22 50 0.54
22 51 0.81
22 52 0.56
22 53 0.39
22 54 0.37
22 55 0.34
22 56 0.13
22 57 0.2
22 58 0.3
22 59 0.43
22 60 0.59
22 61 0.56
22 62 0.83
22 63 0.98
22 64 1.29
22 65 0.98
22 66 0.94
22 67 0.36
22 68 0.54
22 69 0.56
22 70 0.78
22 71 1.02
22 72 0.1
22 73 0.12
22 74 0.05
22 75 0.07
22 76 0.47
22 77 0.52
22 78 0.69
22 79 0.59
22 80 0.44
22 81 0.73
22 82 0.76
22 83 0.63
22 84 0.58
22 85 0.52
22 86 0.66
22 87 0.3
22 88 0.8
22 89 0.56
22 90 0.92
22 91 0.52
22 92 0.43
22 93 0.49
22 94 0.39
22 95 0.39
22 96 0.45
22 97 0.39
22 98 0.45
22 99 0.44
22 100 0.5
23 24 0.51
23 25 0.26
23 26 0.45
23 27 0.58
23 28 0.6
23 29 0.6
23 30 0.95
23 31 0.79
23 32 1.04
23 33 0.71
23 34 0.89
23 35 0.92
23 36 1.26
23 37 0.56
23 38 0.82
23 39 0.15
23 40 0.44
23 41 0.21
23 42 0.52
23 43 0.53
23 44 0.7
23 45 0.97
23 46 1.03
23 47 1.18
23 48 1.06
23 49 1.3
23 50 0.62
23 51 0.94
23 52 0.75
23 53 0.55
23 54 0.42
23 55 0.3
23 56 0.12
23 57 0.41
23 58 0.44
23 59 0.62
23 60 0.79
23 61 0.73
23 62 0.97
23 63 1.15
23 64 1.29
23 65 1.18
23 66 1.09
23 67 0.21
23 68 0.51
23 69 0.81
23 70 0.92
23 71 0.91
23 72 0.22
23 73 0.24
23 74 0.19
23 75 0.15
23 76 0.55
23 77 0.66
23 78 0.74
23 79 0.69
23 80 0.48
23 81 0.83
23 82 0.88
23 83 0.83
23 84 0.84
23 85 0.66
23 86 0.84
23 87 0.44
23 88 0.91
23 89 0.65
23 90 1.19
23 91 0.75
23 92 0.54
23 93 0.66
23 94 0.59
23 95 0.59
23 96 0.67
23 97 0.55
23 98 0.65
23 99 0.62
23 100 0.59
24 25 0.26
24 26 0.31
24 27 0.47
24 28 0.38
24 29 0.11
24 30 0.6
24 31 0.58
24 32 0.7
24 33 0.32
24 34 0.31
24 35 0.5
24 36 1.14
24 37 0.8
24 38 1.05
24 39 0.34
24 40 0.42
24 41 0.59
24 42 0.76
24 43 0.82
24 44 0.97
24 45 1.02
24 46 1.09
24 47 0.97
24 48 0.81
24 49 1.08
24 50 0.32
24 51 0.44
24 52 0.58
24 53 0.42
24 54 0.17
24 55 0.2
24 56 0.42
24 57 0.71
24 58 0.48
24 59 0.72
24 60 0.77
24 61 0.95
24 62 0.78
24 63 0.8
24 64 1.11
24 65 0.68
24 66 0.59
24 67 0.46
24 68 0.14
24 69 0.47
24 70 0.56
24 71 0.55
24 72 0.45
24 73 0.47
24 74 0.48
24 75 0.49
24 76 0.24
24 77 0.25
24 78 0.28
24 79 0.25
24 80 0.15
24 81 0.33
24 82 0.84
24 83 0.76
24 84 0.8
24 85 0.75
24 86 0.95
24 87 0.62
24 88 0.71
24 89 0.63
24 90 0.7
24 91 0.76
24 92 0.79
24 93 0.77
24 94 0.64
24 95 0.63
24 96 0.65
24 97 0.71
24 98 0.84
24 99 0.76
24 100 0.8
25 26 0.35
25 27 0.59
25 28 0.51
25 29 0.38
25 30 0.73
25 31 0.82
25 32 0.9
25 33 0.58
25 34 0.63
25 35 0.63
25 36 1.17
25 37 0.75
25 38 1
25 39 0.17
25 40 0.38
25 41 0.42
25 42 0.75
25 43 0.7
25 44 0.79
25 45 1.1
25 46 0.98
25 47 1.03
25 48 1.03
25 49 1.23
25 50 0.52
25 51 0.74
25 52 0.77
25 53 0.47
25 54 0.2
25 55 0.06
25 56 0.25
25 57 0.54
25 58 0.46
25 59 0.71
25 60 0.85
25 61 0.94
25 62 0.96
25 63 1.04
25 64 1.34
25 65 0.91
25 66 0.94
25 67 0.23
25 68 0.36
25 69 0.69
25 70 0.68
25 71 0.8
25 72 0.3
25 73 0.34
25 74 0.32
25 75 0.3
25 76 0.45
25 77 0.45
25 78 0.49
25 79 0.47
25 80 0.3
25 81 0.56
25 82 0.81
25 83 0.84
25 84 0.84
25 85 0.8
25 86 1.06
25 87 0.64
25 88 0.81
25 89 0.59
25 90 0.86
25 91 0.79
25 92 0.74
25 93 0.65
25 94 0.66
25 95 0.7
25 96 0.64
25 97 0.62
25 98 0.74
25 99 0.78
25 100 0.68
26 27 0.22
26 28 0.13
26 29 0.39
26 30 0.52
26 31 0.43
26 32 0.59
26 33 0.36
26 34 0.48
26 35 0.62
26 36 0.88
26 37 0.46
26 38 0.74
26 39 0.38
26 40 0.12
26 41 0.4
26 42 0.46
26 43 0.57
26 44 0.54
26 45 0.66
26 46 0.7
26 47 0.71
26 48 0.62
26 49 0.93
26 50 0.27
26 51 0.44
26 52 0.32
26 53 0.13
26 54 0.21
26 55 0.33
26 56 0.3
26 57 0.34
26 58 0.16
26 59 0.41
26 60 0.51
26 61 0.61
26 62 0.62
26 63 0.64
26 64 0.98
26 65 0.84
26 66 0.71
26 67 0.54
26 68 0.23
26 69 0.27
26 70 0.47
26 71 0.63
26 72 0.24
26 73 0.2
26 74 0.28
26 75 0.3
26 76 0.22
26 77 0.25
26 78 0.4
26 79 0.31
26 80 0.21
26 81 0.42
26 82 0.52
26 83 0.55
26 84 0.54
26 85 0.52
26 86 0.64
26 87 0.31
26 88 0.5
26 89 0.33
26 90 0.67
26 91 0.47
26 92 0.41
26 93 0.42
26 94 0.29
26 95 0.38
26 96 0.39
26 97 0.34
26 98 0.4
26 99 0.39
26 100 0.47
27 28 0.1
27 29 0.44
27 30 0.32
27 31 0.21
27 32 0.53
27 33 0.32
27 34 0.49
27 35 0.57
27 36 0.68
27 37 0.38
27 38 0.75
27 39 0.56
27 40 0.24
27 41 0.53
27 42 0.46
27 43 0.62
27 44 0.6
27 45 0.48
27 46 0.53
27 47 0.46
27 48 0.44
27 49 0.6
27 50 0.24
27 51 0.39
27 52 0.16
27 53 0.14
27 54 0.4
27 55 0.49
27 56 0.49
27 57 0.44
27 58 0.24
27 59 0.33
27 60 0.34
27 61 0.43
27 62 0.33
27 63 0.52
27 64 0.71
27 65 0.72
27 66 0.53
27 67 0.73
27 68 0.35
27 69 0.11
27 70 0.23
27 71 0.6
27 72 0.46
27 73 0.39
27 74 0.46
27 75 0.53
27 76 0.22
27 77 0.28
27 78 0.44
27 79 0.37
27 80 0.33
27 81 0.4
27 82 0.35
27 83 0.32
27 84 0.4
27 85 0.46
27 86 0.57
27 87 0.39
27 88 0.24
27 89 0.16
27 90 0.45
27 91 0.46
27 92 0.35
27 93 0.34
27 94 0.22
27 95 0.32
27 96 0.27
27 97 0.34
27 98 0.41
27 99 0.31
27 100 0.43
28 29 0.41
28 30 0.37
28 31 0.28
28 32 0.5
28 33 0.31
28 34 0.48
28 35 0.54
28 36 0.67
28 37 0.38
28 38 0.78
28 39 0.5
28 40 0.2
28 41 0.52
28 42 0.47
28 43 0.65
28 44 0.61
28 45 0.56
28 46 0.59
28 47 0.59
28 48 0.46
28 49 0.8
28 50 0.21
28 51 0.33
28 52 0.25
28 53 0.12
28 54 0.3
28 55 0.42
28 56 0.41
28 57 0.44
28 58 0.19
28 59 0.39
28 60 0.37
28 61 0.57
28 62 0.44
28 63 0.54
28 64 0.79
28 65 0.67
28 66 0.56
28 67 0.68
28 68 0.23
28 69 0.19
28 70 0.31
28 71 0.57
28 72 0.39
28 73 0.32
28 74 0.43
28 75 0.4
28 76 0.16
28 77 0.2
28 78 0.43
28 79 0.31
28 80 0.24
28 81 0.38
28 82 0.49
28 83 0.41
28 84 0.45
28 85 0.47
28 86 0.62
28 87 0.34
28 88 0.37
28 89 0.26
28 90 0.48
28 91 0.53
28 92 0.36
28 93 0.43
28 94 0.31
28 95 0.37
28 96 0.36
28 97 0.37
28 98 0.51
28 99 0.38
28 100 0.43
29 30 0.51
29 31 0.5
29 32 0.58
29 33 0.24
29 34 0.19
29 35 0.34
29 36 0.99
29 37 0.72
29 38 1.06
29 39 0.49
29 40 0.42
29 41 0.66
29 42 0.77
29 43 0.82
29 44 0.91
29 45 0.96
29 46 0.93
29 47 0.97
29 48 0.9
29 49 0.94
29 50 0.26
29 51 0.37
29 52 0.55
29 53 0.52
29 54 0.22
29 55 0.31
29 56 0.56
29 57 0.69
29 58 0.49
29 59 0.76
29 60 0.84
29 61 0.81
29 62 0.66
29 63 0.73
29 64 1.01
29 65 0.51
29 66 0.56
29 67 0.66
29 68 0.15
29 69 0.44
29 70 0.5
29 71 0.47
29 72 0.55
29 73 0.51
29 74 0.57
29 75 0.53
29 76 0.25
29 77 0.18
29 78 0.17
29 79 0.15
29 80 0.15
29 81 0.21
29 82 0.83
29 83 0.84
29 84 0.82
29 85 0.78
29 86 1.04
29 87 0.63
29 88 0.68
29 89 0.59
29 90 0.61
29 91 0.9
29 92 0.7
29 93 0.8
29 94 0.66
29 95 0.74
29 96 0.71
29 97 0.69
29 98 0.79
29 99 0.75
29 100 0.8
30 31 0.21
30 32 0.16
30 33 0.24
30 34 0.41
30 35 0.39
30 36 0.61
30 37 0.66
30 38 1.15
30 39 0.85
30 40 0.53
30 41 0.75
30 42 0.83
30 43 0.94
30 44 0.94
30 45 0.61
30 46 0.68
30 47 0.52
30 48 0.44
30 49 0.57
30 50 0.24
30 51 0.14
30 52 0.36
30 53 0.42
30 54 0.6
30 55 0.72
30 56 0.75
30 57 0.85
30 58 0.51
30 59 0.68
30 60 0.56
30 61 0.71
30 62 0.29
30 63 0.25
30 64 0.52
30 65 0.41
30 66 0.24
30 67 1.08
30 68 0.4
30 69 0.24
30 70 0.07
30 71 0.28
30 72 0.67
30 73 0.67
30 74 0.82
30 75 0.76
30 76 0.3
30 77 0.37
30 78 0.33
30 79 0.34
30 80 0.46
30 81 0.27
30 82 0.49
30 83 0.52
30 84 0.69
30 85 0.63
30 86 0.9
30 87 0.69
30 88 0.28
30 89 0.43
30 90 0.17
30 91 0.78
30 92 0.71
30 93 0.69
30 94 0.6
30 95 0.62
30 96 0.62
30 97 0.73
30 98 0.79
30 99 0.64
30 100 0.71
31 32 0.27
31 33 0.34
31 34 0.6
31 35 0.51
31 36 0.52
31 37 0.55
31 38 0.78
31 39 0.87
31 40 0.47
31 41 0.82
31 42 0.64
31 43 0.86
31 44 0.74
31 45 0.5
31 46 0.43
31 47 0.33
31 48 0.3
31 49 0.47
31 50 0.27
31 51 0.28
31 52 0.15
31 53 0.37
31 54 0.57
31 55 0.69
31 56 0.78
31 57 0.72
31 58 0.4
31 59 0.46
31 60 0.35
31 61 0.5
31 62 0.14
31 63 0.26
31 64 0.52
31 65 0.66
31 66 0.4
31 67 1.05
31 68 0.48
31 69 0.12
31 70 0.12
31 71 0.47
31 72 0.57
31 73 0.63
31 74 0.7
31 75 0.73
31 76 0.32
31 77 0.38
31 78 0.45
31 79 0.4
31 80 0.45
31 81 0.38
31 82 0.25
31 83 0.37
31 84 0.48
31 85 0.56
31 86 0.68
31 87 0.52
31 88 0.08
31 89 0.27
31 90 0.22
31 91 0.53
31 92 0.51
31 93 0.49
31 94 0.39
31 95 0.5
31 96 0.39
31 97 0.47
31 98 0.54
31 99 0.48
31 100 0.61
32 33 0.41
32 34 0.58
32 35 0.44
32 36 0.49
32 37 0.87
32 38 1.15
32 39 0.92
32 40 0.7
32 41 1.02
32 42 0.91
32 43 1.15
32 44 1.04
32 45 0.7
32 46 0.59
32 47 0.47
32 48 0.44
32 49 0.43
32 50 0.44
32 51 0.28
32 52 0.44
32 53 0.65
32 54 0.7
32 55 0.8
32 56 0.89
32 57 0.86
32 58 0.74
32 59 0.69
32 60 0.67
32 61 0.79
32 62 0.27
32 63 0.12
32 64 0.37
32 65 0.49
32 66 0.23
32 67 1.23
32 68 0.57
32 69 0.34
32 70 0.22
32 71 0.37
32 72 0.9
32 73 0.83
32 74 0.83
32 75 0.91
32 76 0.54
32 77 0.49
32 78 0.45
32 79 0.47
32 80 0.62
32 81 0.44
32 82 0.44
32 83 0.62
32 84 0.73
32 85 0.8
32 86 0.95
32 87 0.87
32 88 0.31
32 89 0.5
32 90 0.08
32 91 0.79
32 92 0.72
32 93 0.79
32 94 0.66
32 95 0.73
32 96 0.73
32 97 0.77
32 98 0.78
32 99 0.7
32 100 0.92
33 34 0.2
33 35 0.29
33 36 0.85
33 37 0.73
33 38 1.02
33 39 0.67
33 40 0.46
33 41 0.7
33 42 0.83
33 43 0.8
33 44 0.85
33 45 0.76
33 46 0.8
33 47 0.75
33 48 0.67
33 49 0.76
33 50 0.13
33 51 0.11
33 52 0.42
33 53 0.41
33 54 0.33
33 55 0.48
33 56 0.6
33 57 0.75
33 58 0.51
33 59 0.63
33 60 0.61
33 61 0.78
33 62 0.46
33 63 0.45
33 64 0.78
33 65 0.42
33 66 0.35
33 67 0.87
33 68 0.2
33 69 0.27
33 70 0.25
33 71 0.26
33 72 0.61
33 73 0.54
33 74 0.6
33 75 0.67
33 76 0.17
33 77 0.15
33 78 0.12
33 79 0.09
33 80 0.26
33 81 0.05
33 82 0.58
33 83 0.64
33 84 0.77
33 85 0.79
33 86 0.92
33 87 0.61
33 88 0.43
33 89 0.46
33 90 0.41
33 91 0.84
33 92 0.65
33 93 0.67
33 94 0.58
33 95 0.66
33 96 0.65
33 97 0.7
33 98 0.78
33 99 0.71
33 100 0.82
34 35 0.17
34 36 0.95
34 37 0.94
34 38 1.23
34 39 0.75
34 40 0.66
34 41 0.94
34 42 0.99
34 43 1.04
34 44 0.98
34 45 0.96
34 46 1
34 47 0.87
34 48 0.89
34 49 1.05
34 50 0.34
34 51 0.26
34 52 0.72
34 53 0.55
34 54 0.46
34 55 0.52
34 56 0.71
34 57 0.84
34 58 0.63
34 59 0.9
34 60 0.82
34 61 0.98
34 62 0.73
34 63 0.64
34 64 0.85
34 65 0.34
34 66 0.4
34 67 0.82
34 68 0.32
34 69 0.45
34 70 0.44
34 71 0.24
34 72 0.65
34 73 0.66
34 74 0.76
34 75 0.7
34 76 0.36
34 77 0.28
34 78 0.08
34 79 0.17
34 80 0.32
34 81 0.15
34 82 0.89
34 83 0.9
34 84 0.82
34 85 0.89
34 86 1.24
34 87 0.84
34 88 0.64
34 89 0.67
34 90 0.62
34 91 1.06
34 92 0.87
34 93 0.91
34 94 0.85
34 95 0.8
34 96 0.79
34 97 0.82
34 98 0.9
34 99 0.8
34 100 0.89
35 36 0.99
35 37 0.99
35 38 1.31
35 39 0.91
35 40 0.74
35 41 1.11
35 42 0.99
35 43 1.21
35 44 1.06
35 45 1.02
35 46 1
35 47 0.92
35 48 0.86
35 49 0.87
35 50 0.38
35 51 0.24
35 52 0.7
35 53 0.73
35 54 0.54
35 55 0.61
35 56 0.9
35 57 1.09
35 58 0.76
35 59 0.9
35 60 0.81
35 61 1.13
35 62 0.6
35 63 0.56
35 64 0.78
35 65 0.2
35 66 0.26
35 67 1.04
35 68 0.44
35 69 0.56
35 70 0.42
35 71 0.11
35 72 0.84
35 73 0.86
35 74 0.85
35 75 0.87
35 76 0.44
35 77 0.41
35 78 0.23
35 79 0.3
35 80 0.48
35 81 0.21
35 82 0.76
35 83 0.89
35 84 1.07
35 85 1.04
35 86 1.24
35 87 0.91
35 88 0.65
35 89 0.79
35 90 0.51
35 91 1.03
35 92 0.89
35 93 0.88
35 94 0.84
35 95 0.98
35 96 0.93
35 97 0.92
35 98 0.98
35 99 0.99
35 100 1.02
36 37 0.72
36 38 0.82
36 39 1.28
36 40 0.82
36 41 0.99
36 42 0.82
36 43 1
36 44 0.75
36 45 0.4
36 46 0.17
36 47 0.11
36 48 0.21
36 49 0.15
36 50 0.8
36 51 0.75
36 52 0.47
36 53 0.72
36 54 0.95
36 55 1.18
36 56 1
36 57 0.83
36 58 0.71
36 59 0.69
36 60 0.51
36 61 0.67
36 62 0.34
36 63 0.42
36 64 0.32
36 65 0.92
36 66 0.84
36 67 1.34
36 68 0.91
36 69 0.61
36 70 0.54
36 71 0.92
36 72 0.96
36 73 1.04
36 74 1
36 75 1.09
36 76 0.73
36 77 0.89
36 78 0.91
36 79 0.88
36 80 0.88
36 81 0.79
36 82 0.27
36 83 0.42
36 84 0.49
36 85 0.58
36 86 0.62
36 87 0.75
36 88 0.38
36 89 0.54
36 90 0.52
36 91 0.72
36 92 0.7
36 93 0.61
36 94 0.66
36 95 0.7
36 96 0.67
36 97 0.73
36 98 0.72
36 99 0.66
36 100 0.75
37 38 0.36
37 39 0.68
37 40 0.34
37 41 0.38
37 42 0.14
37 43 0.26
37 44 0.18
37 45 0.35
37 46 0.55
37 47 0.57
37 48 0.52
37 49 0.73
37 50 0.59
37 51 0.82
37 52 0.41
37 53 0.31
37 54 0.65
37 55 0.66
37 56 0.53
37 57 0.24
37 58 0.26
37 59 0.07
37 60 0.21
37 61 0.13
37 62 0.55
37 63 0.81
37 64 0.91
37 65 1.18
37 66 1.07
37 67 0.78
37 68 0.65
37 69 0.52
37 70 0.61
37 71 0.98
37 72 0.44
37 73 0.37
37 74 0.41
37 75 0.45
37 76 0.53
37 77 0.59
37 78 0.89
37 79 0.81
37 80 0.68
37 81 0.74
37 82 0.48
37 83 0.28
37 84 0.21
37 85 0.07
37 86 0.23
37 87 0.13
37 88 0.55
37 89 0.27
37 90 0.71
37 91 0.08
37 92 0.04
37 93 0.08
37 94 0.16
37 95 0.1
37 96 0.12
37 97 0.07
37 98 0.02
37 99 0.09
37 100 0.05
38 39 0.91
38 40 0.72
38 41 0.65
38 42 0.29
38 43 0.27
38 44 0.17
38 45 0.52
38 46 0.71
38 47 0.79
38 48 0.76
38 49 0.97
38 50 0.92
38 51 1.01
38 52 0.69
38 53 0.64
38 54 0.92
38 55 0.98
38 56 0.79
38 57 0.42
38 58 0.61
38 59 0.39
38 60 0.54
38 61 0.31
38 62 0.98
38 63 0.97
38 64 1.18
38 65 1.57
38 66 1.33
38 67 0.96
38 68 0.95
38 69 0.86
38 70 0.89
38 71 1.2
38 72 0.66
38 73 0.67
38 74 0.69
38 75 0.76
38 76 0.84
38 77 1.07
38 78 1.07
38 79 1.05
38 80 1.01
38 81 1.13
38 82 0.71
38 83 0.5
38 84 0.43
38 85 0.35
38 86 0.19
38 87 0.4
38 88 0.89
38 89 0.54
38 90 0.98
38 91 0.28
38 92 0.42
38 93 0.34
38 94 0.49
38 95 0.41
38 96 0.42
38 97 0.41
38 98 0.35
38 99 0.44
38 100 0.28
39 40 0.41
39 41 0.32
39 42 0.65
39 43 0.6
39 44 0.76
39 45 0.87
39 46 1.05
39 47 1.08
39 48 0.9
39 49 1.23
39 50 0.58
39 51 0.73
39 52 0.68
39 53 0.43
39 54 0.3
39 55 0.18
39 56 0.11
39 57 0.42
39 58 0.48
39 59 0.68
39 60 0.73
39 61 0.8
39 62 0.84
39 63 0.97
39 64 1.4
39 65 0.98
39 66 0.98
39 67 0.16
39 68 0.43
39 69 0.63
39 70 0.75
39 71 0.85
39 72 0.19
39 73 0.26
39 74 0.25
39 75 0.18
39 76 0.47
39 77 0.49
39 78 0.68
39 79 0.6
39 80 0.4
39 81 0.7
39 82 0.86
39 83 0.77
39 84 0.77
39 85 0.68
39 86 0.86
39 87 0.51
39 88 0.75
39 89 0.67
39 90 1.09
39 91 0.66
39 92 0.63
39 93 0.66
39 94 0.6
39 95 0.6
39 96 0.63
39 97 0.65
39 98 0.7
39 99 0.63
39 100 0.72
40 41 0.31
40 42 0.34
40 43 0.51
40 44 0.54
40 45 0.64
40 46 0.68
40 47 0.65
40 48 0.61
40 49 0.9
40 50 0.34
40 51 0.52
40 52 0.38
40 53 0.12
40 54 0.27
40 55 0.37
40 56 0.28
40 57 0.25
40 58 0.07
40 59 0.29
40 60 0.37
40 61 0.46
40 62 0.58
40 63 0.67
40 64 1.02
40 65 0.92
40 66 0.8
40 67 0.54
40 68 0.36
40 69 0.36
40 70 0.47
40 71 0.78
40 72 0.17
40 73 0.14
40 74 0.2
40 75 0.27
40 76 0.32
40 77 0.33
40 78 0.56
40 79 0.46
40 80 0.3
40 81 0.55
40 82 0.52
40 83 0.5
40 84 0.44
40 85 0.36
40 86 0.58
40 87 0.23
40 88 0.48
40 89 0.25
40 90 0.75
40 91 0.4
40 92 0.32
40 93 0.33
40 94 0.23
40 95 0.28
40 96 0.29
40 97 0.27
40 98 0.34
40 99 0.32
40 100 0.33
41 42 0.28
41 43 0.28
41 44 0.47
41 45 0.72
41 46 0.97
41 47 0.93
41 48 0.81
41 49 1.18
41 50 0.63
41 51 0.8
41 52 0.65
41 53 0.4
41 54 0.44
41 55 0.46
41 56 0.21
41 57 0.18
41 58 0.36
41 59 0.47
41 60 0.57
41 61 0.49
41 62 0.91
41 63 1.07
41 64 1.16
41 65 1.17
41 66 1.03
41 67 0.44
41 68 0.56
41 69 0.73
41 70 0.8
41 71 0.94
41 72 0.17
41 73 0.16
41 74 0.12
41 75 0.12
41 76 0.54
41 77 0.63
41 78 0.77
41 79 0.73
41 80 0.53
41 81 0.69
41 82 0.71
41 83 0.61
41 84 0.6
41 85 0.46
41 86 0.6
41 87 0.3
41 88 0.78
41 89 0.51
41 90 0.89
41 91 0.49
41 92 0.38
41 93 0.44
41 94 0.42
41 95 0.38
41 96 0.43
41 97 0.35
41 98 0.42
41 99 0.47
41 100 0.4
42 43 0.13
42 44 0.2
42 45 0.49
42 46 0.68
42 47 0.78
42 48 0.61
42 49 0.96
42 50 0.62
42 51 0.88
42 52 0.47
42 53 0.37
42 54 0.59
42 55 0.69
42 56 0.5
42 57 0.12
42 58 0.32
42 59 0.18
42 60 0.34
42 61 0.25
42 62 0.67
42 63 0.91
42 64 0.97
42 65 1.27
42 66 1.02
42 67 0.75
42 68 0.61
42 69 0.57
42 70 0.73
42 71 1.08
42 72 0.37
42 73 0.3
42 74 0.34
42 75 0.39
42 76 0.61
42 77 0.67
42 78 0.91
42 79 0.71
42 80 0.73
42 81 0.89
42 82 0.56
42 83 0.4
42 84 0.4
42 85 0.19
42 86 0.35
42 87 0.11
42 88 0.6
42 89 0.35
42 90 0.83
42 91 0.19
42 92 0.16
42 93 0.19
42 94 0.27
42 95 0.18
42 96 0.22
42 97 0.14
42 98 0.17
42 99 0.22
42 100 0.13
43 44 0.25
43 45 0.64
43 46 0.76
43 47 0.9
43 48 0.77
43 49 1.15
43 50 0.74
43 51 0.88
43 52 0.69
43 53 0.5
43 54 0.76
43 55 0.71
43 56 0.55
43 57 0.2
43 58 0.44
43 59 0.31
43 60 0.49
43 61 0.39
43 62 0.9
43 63 1.01
43 64 1.21
43 65 1.21
43 66 1.14
43 67 0.71
43 68 0.74
43 69 0.72
43 70 1
43 71 1.12
43 72 0.43
43 73 0.39
43 74 0.42
43 75 0.44
43 76 0.69
43 77 0.8
43 78 1.04
43 79 0.96
43 80 0.72
43 81 0.87
43 82 0.65
43 83 0.58
43 84 0.47
43 85 0.29
43 86 0.36
43 87 0.27
43 88 0.74
43 89 0.48
43 90 1.03
43 91 0.3
43 92 0.32
43 93 0.35
43 94 0.4
43 95 0.33
43 96 0.42
43 97 0.26
43 98 0.28
43 99 0.38
43 100 0.25
44 45 0.41
44 46 0.55
44 47 0.7
44 48 0.56
44 49 0.91
44 50 0.83
44 51 0.91
44 52 0.5
44 53 0.56
44 54 0.75
44 55 0.78
44 56 0.64
44 57 0.34
44 58 0.49
44 59 0.24
44 60 0.33
44 61 0.14
44 62 0.81
44 63 0.87
44 64 1.1
44 65 1.26
44 66 1.21
44 67 0.84
44 68 0.9
44 69 0.7
44 70 0.88
44 71 1.06
44 72 0.62
44 73 0.48
44 74 0.52
44 75 0.57
44 76 0.72
44 77 0.86
44 78 1.01
44 79 1.04
44 80 0.82
44 81 1.04
44 82 0.49
44 83 0.35
44 84 0.27
44 85 0.15
44 86 0.14
44 87 0.3
44 88 0.64
44 89 0.38
44 90 0.9
44 91 0.09
44 92 0.22
44 93 0.22
44 94 0.28
44 95 0.29
44 96 0.25
44 97 0.27
44 98 0.17
44 99 0.23
44 100 0.14
45 46 0.16
45 47 0.26
45 48 0.24
45 49 0.45
45 50 0.68
45 51 0.84
45 52 0.34
45 53 0.53
45 54 0.9
45 55 0.9
45 56 0.98
45 57 0.66
45 58 0.49
45 59 0.33
45 60 0.18
45 61 0.24
45 62 0.47
45 63 0.65
45 64 0.62
45 65 0.98
45 66 0.85
45 67 1.15
45 68 0.71
45 69 0.52
45 70 0.52
45 71 1.01
45 72 0.74
45 73 0.73
45 74 0.85
45 75 0.85
45 76 0.73
45 77 0.77
45 78 0.95
45 79 0.81
45 80 0.79
45 81 0.76
45 82 0.22
45 83 0.13
45 84 0.14
45 85 0.32
45 86 0.34
45 87 0.46
45 88 0.41
45 89 0.3
45 90 0.61
45 91 0.35
45 92 0.41
45 93 0.32
45 94 0.39
45 95 0.38
45 96 0.27
45 97 0.39
45 98 0.34
45 99 0.28
45 100 0.37
46 47 0.17
46 48 0.18
46 49 0.33
46 50 0.74
46 51 0.71
46 52 0.38
46 53 0.59
46 54 0.94
46 55 1.13
46 56 0.99
46 57 0.71
46 58 0.71
46 59 0.51
46 60 0.33
46 61 0.41
46 62 0.36
46 63 0.53
46 64 0.49
46 65 1.07
46 66 0.79
46 67 1.19
46 68 0.93
46 69 0.5
46 70 0.58
46 71 0.94
46 72 0.79
46 73 0.87
46 74 0.94
46 75 0.91
46 76 0.77
46 77 0.84
46 78 0.88
46 79 0.89
46 80 0.85
46 81 0.88
46 82 0.19
46 83 0.25
46 84 0.31
46 85 0.5
46 86 0.45
46 87 0.66
46 88 0.36
46 89 0.4
46 90 0.52
46 91 0.44
46 92 0.48
46 93 0.44
46 94 0.49
46 95 0.5
46 96 0.42
46 97 0.62
46 98 0.49
46 99 0.43
46 100 0.52
47 48 0.11
47 49 0.18
47 50 0.61
47 51 0.7
47 52 0.35
47 53 0.56
47 54 0.96
47 55 0.98
47 56 0.91
47 57 0.76
47 58 0.74
47 59 0.55
47 60 0.4
47 61 0.55
47 62 0.25
47 63 0.39
47 64 0.32
47 65 0.98
47 66 0.75
47 67 1.14
47 68 0.85
47 69 0.49
47 70 0.45
47 71 0.76
47 72 0.83
47 73 0.82
47 74 0.89
47 75 0.92
47 76 0.66
47 77 0.79
47 78 0.8
47 79 0.83
47 80 0.8
47 81 0.73
47 82 0.18
47 83 0.34
47 84 0.39
47 85 0.55
47 86 0.59
47 87 0.7
47 88 0.3
47 89 0.46
47 90 0.43
47 91 0.57
47 92 0.57
47 93 0.52
47 94 0.57
47 95 0.58
47 96 0.47
47 97 0.66
47 98 0.56
47 99 0.52
47 100 0.55
48 49 0.26
48 50 0.55
48 51 0.66
48 52 0.24
48 53 0.51
48 54 0.74
48 55 0.88
48 56 0.84
48 57 0.67
48 58 0.55
48 59 0.43
48 60 0.29
48 61 0.41
48 62 0.23
48 63 0.37
48 64 0.44
48 65 0.85
48 66 0.73
48 67 1.15
48 68 0.73
48 69 0.36
48 70 0.36
48 71 0.74
48 72 0.81
48 73 0.77
48 74 0.8
48 75 0.86
48 76 0.64
48 77 0.65
48 78 0.71
48 79 0.69
48 80 0.72
48 81 0.7
48 82 0.09
48 83 0.23
48 84 0.3
48 85 0.46
48 86 0.51
48 87 0.61
48 88 0.2
48 89 0.32
48 90 0.36
48 91 0.52
48 92 0.52
48 93 0.4
48 94 0.4
48 95 0.49
48 96 0.41
48 97 0.55
48 98 0.58
48 99 0.45
48 100 0.51
49 50 0.78
49 51 0.67
49 52 0.49
49 53 0.74
49 54 1.14
49 55 1.28
49 56 1.1
49 57 0.91
49 58 0.86
49 59 0.72
49 60 0.57
49 61 0.66
49 62 0.33
49 63 0.29
49 64 0.19
49 65 0.91
49 66 0.66
49 67 1.31
49 68 0.96
49 69 0.57
49 70 0.56
49 71 0.77
49 72 1.12
49 73 1.02
49 74 1.15
49 75 1.18
49 76 0.8
49 77 0.83
49 78 1.01
49 79 0.84
49 80 1.03
49 81 0.83
49 82 0.39
49 83 0.55
49 84 0.61
49 85 0.75
49 86 0.72
49 87 0.92
49 88 0.38
49 89 0.68
49 90 0.39
49 91 0.83
49 92 0.82
49 93 0.7
49 94 0.71
49 95 0.72
49 96 0.79
49 97 0.81
49 98 0.82
49 99 0.71
49 100 0.78
50 51 0.17
50 52 0.32
50 53 0.29
50 54 0.29
50 55 0.44
50 56 0.55
50 57 0.57
50 58 0.4
50 59 0.51
50 60 0.54
50 61 0.73
50 62 0.36
50 63 0.44
50 64 0.81
50 65 0.55
50 66 0.39
50 67 0.7
50 68 0.2
50 69 0.18
50 70 0.24
50 71 0.34
50 72 0.46
50 73 0.48
50 74 0.6
50 75 0.56
50 76 0.09
50 77 0.12
50 78 0.23
50 79 0.18
50 80 0.22
50 81 0.17
50 82 0.55
50 83 0.54
50 84 0.63
50 85 0.64
50 86 0.8
50 87 0.51
50 88 0.33
50 89 0.38
50 90 0.44
50 91 0.65
50 92 0.59
50 93 0.61
50 94 0.43
50 95 0.53
50 96 0.5
50 97 0.53
50 98 0.6
50 99 0.53
50 100 0.65
51 52 0.41
51 53 0.51
51 54 0.46
51 55 0.57
51 56 0.73
51 57 0.84
51 58 0.51
51 59 0.78
51 60 0.63
51 61 0.84
51 62 0.41
51 63 0.38
51 64 0.65
51 65 0.35
51 66 0.22
51 67 0.93
51 68 0.32
51 69 0.24
51 70 0.18
51 71 0.21
51 72 0.63
51 73 0.65
51 74 0.77
51 75 0.74
51 76 0.25
51 77 0.24
51 78 0.22
51 79 0.19
51 80 0.37
51 81 0.11
51 82 0.6
51 83 0.67
51 84 0.86
51 85 0.75
51 86 1.02
51 87 0.73
51 88 0.4
51 89 0.5
51 90 0.3
51 91 0.79
51 92 0.73
51 93 0.68
51 94 0.61
51 95 0.63
51 96 0.67
51 97 0.64
51 98 0.74
51 99 0.64
51 100 0.76
52 53 0.26
52 54 0.51
52 55 0.61
52 56 0.62
52 57 0.47
52 58 0.29
52 59 0.28
52 60 0.22
52 61 0.37
52 62 0.23
52 63 0.37
52 64 0.63
52 65 0.86
52 66 0.6
52 67 0.82
52 68 0.44
52 69 0.17
52 70 0.25
52 71 0.64
52 72 0.54
52 73 0.47
52 74 0.57
52 75 0.58
52 76 0.33
52 77 0.39
52 78 0.61
52 79 0.5
52 80 0.48
52 81 0.47
52 82 0.19
52 83 0.22
52 84 0.34
52 85 0.39
52 86 0.55
52 87 0.41
52 88 0.16
52 89 0.12
52 90 0.37
52 91 0.41
52 92 0.35
52 93 0.33
52 94 0.27
52 95 0.29
52 96 0.26
52 97 0.34
52 98 0.4
52 99 0.31
52 100 0.41
53 54 0.32
53 55 0.45
53 56 0.41
53 57 0.32
53 58 0.09
53 59 0.29
53 60 0.31
53 61 0.41
53 62 0.5
53 63 0.69
53 64 0.78
53 65 0.79
53 66 0.67
53 67 0.61
53 68 0.32
53 69 0.25
53 70 0.37
53 71 0.66
53 72 0.27
53 73 0.23
53 74 0.3
53 75 0.36
53 76 0.25
53 77 0.31
53 78 0.54
53 79 0.44
53 80 0.33
53 81 0.52
53 82 0.41
53 83 0.36
53 84 0.39
53 85 0.35
53 86 0.55
53 87 0.26
53 88 0.39
53 89 0.2
53 90 0.55
53 91 0.39
53 92 0.29
53 93 0.35
53 94 0.18
53 95 0.21
53 96 0.26
53 97 0.25
53 98 0.35
53 99 0.28
53 100 0.4
54 55 0.13
54 56 0.28
54 57 0.51
54 58 0.36
54 59 0.54
54 60 0.66
54 61 0.63
54 62 0.73
54 63 0.86
54 64 0.95
54 65 0.82
54 66 0.72
54 67 0.41
54 68 0.15
54 69 0.4
54 70 0.56
54 71 0.7
54 72 0.26
54 73 0.25
54 74 0.3
54 75 0.33
54 76 0.27
54 77 0.24
54 78 0.39
54 79 0.3
54 80 0.13
54 81 0.43
54 82 0.65
54 83 0.73
54 84 0.8
54 85 0.67
54 86 0.83
54 87 0.47
54 88 0.55
54 89 0.46
54 90 0.71
54 91 0.75
54 92 0.53
54 93 0.62
54 94 0.49
54 95 0.48
54 96 0.6
54 97 0.49
54 98 0.63
54 99 0.65
54 100 0.68
55 56 0.21
55 57 0.58
55 58 0.47
55 59 0.62
55 60 0.78
55 61 0.77
55 62 0.81
55 63 0.96
55 64 1.14
55 65 0.77
55 66 0.9
55 67 0.33
55 68 0.31
55 69 0.57
55 70 0.64
55 71 0.7
55 72 0.3
55 73 0.35
55 74 0.29
55 75 0.32
55 76 0.42
55 77 0.33
55 78 0.46
55 79 0.45
55 80 0.26
55 81 0.48
55 82 0.8
55 83 0.9
55 84 0.87
55 85 0.73
55 86 0.98
55 87 0.57
55 88 0.72
55 89 0.56
55 90 0.89
55 91 0.78
55 92 0.64
55 93 0.81
55 94 0.56
55 95 0.62
55 96 0.66
55 97 0.61
55 98 0.66
55 99 0.63
55 100 0.75
56 57 0.3
56 58 0.35
56 59 0.53
56 60 0.71
56 61 0.7
56 62 0.79
56 63 1.03
56 64 1.11
56 65 0.98
56 66 1
56 67 0.23
56 68 0.5
56 69 0.64
56 70 0.68
56 71 0.84
56 72 0.12
56 73 0.16
56 74 0.12
56 75 0.06
56 76 0.47
56 77 0.53
56 78 0.62
56 79 0.61
56 80 0.43
56 81 0.7
56 82 0.76
56 83 0.73
56 84 0.77
56 85 0.58
56 86 0.73
56 87 0.43
56 88 0.79
56 89 0.61
56 90 0.93
56 91 0.68
56 92 0.5
56 93 0.61
56 94 0.51
56 95 0.47
56 96 0.56
56 97 0.43
56 98 0.54
56 99 0.55
56 100 0.55
57 58 0.23
57 59 0.24
57 60 0.42
57 61 0.38
57 62 0.76
57 63 0.8
57 64 1.22
57 65 1.22
57 66 1
57 67 0.57
57 68 0.58
57 69 0.59
57 70 0.64
57 71 0.88
57 72 0.23
57 73 0.21
57 74 0.22
57 75 0.27
57 76 0.5
57 77 0.54
57 78 0.72
57 79 0.72
57 80 0.57
57 81 0.81
57 82 0.6
57 83 0.5
57 84 0.46
57 85 0.29
57 86 0.53
57 87 0.12
57 88 0.7
57 89 0.35
57 90 0.83
57 91 0.28
57 92 0.22
57 93 0.32
57 94 0.28
57 95 0.21
57 96 0.27
57 97 0.17
57 98 0.27
57 99 0.3
57 100 0.24
58 59 0.26
58 60 0.34
58 61 0.39
58 62 0.54
58 63 0.65
58 64 0.85
58 65 0.99
58 66 0.73
58 67 0.58
58 68 0.35
58 69 0.33
58 70 0.48
58 71 0.79
58 72 0.27
58 73 0.17
58 74 0.26
58 75 0.35
58 76 0.34
58 77 0.36
58 78 0.57
58 79 0.49
58 80 0.37
58 81 0.54
58 82 0.49
58 83 0.4
58 84 0.39
58 85 0.35
58 86 0.49
58 87 0.19
58 88 0.48
58 89 0.22
58 90 0.63
58 91 0.33
58 92 0.23
58 93 0.28
58 94 0.18
58 95 0.16
58 96 0.22
58 97 0.17
58 98 0.3
58 99 0.22
58 100 0.31
59 60 0.16
59 61 0.14
59 62 0.57
59 63 0.77
59 64 0.88
59 65 1.07
59 66 0.85
59 67 0.78
59 68 0.62
59 69 0.43
59 70 0.57
59 71 0.93
59 72 0.46
59 73 0.4
59 74 0.42
59 75 0.54
59 76 0.56
59 77 0.54
59 78 0.7
59 79 0.64
59 80 0.64
59 81 0.7
59 82 0.37
59 83 0.23
59 84 0.21
59 85 0.08
59 86 0.28
59 87 0.17
59 88 0.47
59 89 0.2
59 90 0.65
59 91 0.12
59 92 0.03
59 93 0.05
59 94 0.09
59 95 0.06
59 96 0.05
59 97 0.07
59 98 0.06
59 99 0.03
59 100 0.11
60 61 0.2
60 62 0.35
60 63 0.6
60 64 0.66
60 65 0.95
60 66 0.78
60 67 0.88
60 68 0.57
60 69 0.38
60 70 0.51
60 71 0.8
60 72 0.56
60 73 0.48
60 74 0.6
60 75 0.61
60 76 0.58
60 77 0.62
60 78 0.71
60 79 0.65
60 80 0.66
60 81 0.65
60 82 0.2
60 83 0.07
60 84 0.1
60 85 0.19
60 86 0.32
60 87 0.31
60 88 0.3
60 89 0.14
60 90 0.61
60 91 0.24
60 92 0.21
60 93 0.18
60 94 0.18
60 95 0.19
60 96 0.13
60 97 0.23
60 98 0.19
60 99 0.14
60 100 0.27
61 62 0.56
61 63 0.71
61 64 0.92
61 65 1.08
61 66 1.06
61 67 0.88
61 68 0.68
61 69 0.48
61 70 0.61
61 71 1.06
61 72 0.55
61 73 0.52
61 74 0.57
61 75 0.59
61 76 0.68
61 77 0.72
61 78 0.96
61 79 0.83
61 80 0.76
61 81 0.83
61 82 0.38
61 83 0.2
61 84 0.11
61 85 0.07
61 86 0.14
61 87 0.27
61 88 0.51
61 89 0.29
61 90 0.68
61 91 0.09
61 92 0.16
61 93 0.09
61 94 0.21
61 95 0.22
61 96 0.17
61 97 0.21
61 98 0.12
61 99 0.14
61 100 0.14
62 63 0.19
62 64 0.34
62 65 0.72
62 66 0.51
62 67 1.13
62 68 0.64
62 69 0.29
62 70 0.19
62 71 0.51
62 72 0.72
62 73 0.72
62 74 0.76
62 75 0.94
62 76 0.46
62 77 0.55
62 78 0.65
62 79 0.54
62 80 0.67
62 81 0.52
62 82 0.23
62 83 0.35
62 84 0.45
62 85 0.58
62 86 0.8
62 87 0.63
62 88 0.1
62 89 0.38
62 90 0.17
62 91 0.64
62 92 0.63
62 93 0.54
62 94 0.45
62 95 0.5
62 96 0.48
62 97 0.56
62 98 0.55
62 99 0.54
62 100 0.62
63 64 0.21
63 65 0.56
63 66 0.38
63 67 1.15
63 68 0.64
63 69 0.39
63 70 0.27
63 71 0.44
63 72 0.87
63 73 0.86
63 74 0.92
63 75 0.91
63 76 0.56
63 77 0.61
63 78 0.6
63 79 0.59
63 80 0.77
63 81 0.49
63 82 0.36
63 83 0.51
63 84 0.65
63 85 0.75
63 86 0.91
63 87 0.76
63 88 0.25
63 89 0.59
63 90 0.07
63 91 0.81
63 92 0.75
63 93 0.79
63 94 0.71
63 95 0.77
63 96 0.64
63 97 0.84
63 98 0.74
63 99 0.69
63 100 0.89
64 65 0.76
64 66 0.58
64 67 1.31
64 68 0.86
64 69 0.56
64 70 0.48
64 71 0.64
64 72 1.05
64 73 1.02
64 74 1.07
64 75 1.17
64 76 0.81
64 77 0.76
64 78 0.79
64 79 0.84
64 80 0.91
64 81 0.75
64 82 0.5
64 83 0.6
64 84 0.81
64 85 0.85
64 86 0.93
64 87 1.04
64 88 0.46
64 89 0.66
64 90 0.32
64 91 0.87
64 92 0.87
64 93 0.89
64 94 0.77
64 95 0.81
64 96 0.86
64 97 0.97
64 98 0.85
64 99 0.91
64 100 1.02
65 66 0.23
65 67 1.2
65 68 0.56
65 69 0.68
65 70 0.52
65 71 0.15
65 72 1.09
65 73 1.02
65 74 1.14
65 75 1.05
65 76 0.59
65 77 0.59
65 78 0.35
65 79 0.47
65 80 0.62
65 81 0.42
65 82 0.83
65 83 0.94
65 84 1.1
65 85 1.11
65 86 1.45
65 87 1.05
65 88 0.68
65 89 0.97
65 90 0.49
65 91 1.21
65 92 1.09
65 93 1.09
65 94 1.04
65 95 0.98
65 96 1.06
65 97 1.18
65 98 1.08
65 99 1.11
65 100 1.21
66 67 1.17
66 68 0.6
66 69 0.51
66 70 0.31
66 71 0.13
66 72 0.88
66 73 0.9
66 74 1
66 75 0.93
66 76 0.46
66 77 0.46
66 78 0.37
66 79 0.41
66 80 0.62
66 81 0.35
66 82 0.72
66 83 0.8
66 84 0.91
66 85 0.92
66 86 1.2
66 87 0.95
66 88 0.54
66 89 0.7
66 90 0.31
66 91 0.94
66 92 0.86
66 93 0.91
66 94 0.74
66 95 0.78
66 96 0.83
66 97 0.91
66 98 0.9
66 99 0.91
66 100 1
67 68 0.58
67 69 0.74
67 70 0.91
67 71 0.92
67 72 0.32
67 73 0.46
67 74 0.33
67 75 0.32
67 76 0.67
67 77 0.67
67 78 0.83
67 79 0.77
67 80 0.53
67 81 0.76
67 82 1.05
67 83 0.95
67 84 0.86
67 85 0.9
67 86 0.97
67 87 0.63
67 88 0.91
67 89 0.76
67 90 1.2
67 91 0.79
67 92 0.8
67 93 0.81
67 94 0.76
67 95 0.68
67 96 0.71
67 97 0.68
67 98 0.78
67 99 0.78
67 100 0.86
68 69 0.34
68 70 0.41
68 71 0.48
68 72 0.42
68 73 0.4
68 74 0.5
68 75 0.47
68 76 0.13
68 77 0.08
68 78 0.23
68 79 0.16
68 80 0.03
68 81 0.25
68 82 0.64
68 83 0.66
68 84 0.78
68 85 0.64
68 86 0.91
68 87 0.58
68 88 0.51
68 89 0.52
68 90 0.59
68 91 0.73
68 92 0.64
68 93 0.65
68 94 0.48
68 95 0.5
68 96 0.51
68 97 0.51
68 98 0.66
68 99 0.67
68 100 0.68
69 70 0.15
69 71 0.43
69 72 0.56
69 73 0.47
69 74 0.5
69 75 0.6
69 76 0.19
69 77 0.28
69 78 0.42
69 79 0.33
69 80 0.31
69 81 0.34
69 82 0.34
69 83 0.45
69 84 0.51
69 85 0.54
69 86 0.67
69 87 0.46
69 88 0.18
69 89 0.29
69 90 0.31
69 91 0.56
69 92 0.49
69 93 0.5
69 94 0.36
69 95 0.4
69 96 0.39
69 97 0.49
69 98 0.46
69 99 0.4
69 100 0.5
70 71 0.36
70 72 0.63
70 73 0.58
70 74 0.66
70 75 0.77
70 76 0.31
70 77 0.36
70 78 0.35
70 79 0.37
70 80 0.43
70 81 0.3
70 82 0.34
70 83 0.48
70 84 0.56
70 85 0.62
70 86 0.82
70 87 0.62
70 88 0.18
70 89 0.37
70 90 0.22
70 91 0.65
70 92 0.57
70 93 0.57
70 94 0.47
70 95 0.51
70 96 0.56
70 97 0.53
70 98 0.64
70 99 0.52
70 100 0.64
71 72 0.78
71 73 0.77
71 74 0.82
71 75 0.86
71 76 0.42
71 77 0.44
71 78 0.26
71 79 0.33
71 80 0.46
71 81 0.21
71 82 0.7
71 83 0.93
71 84 0.92
71 85 0.91
71 86 1.23
71 87 0.93
71 88 0.56
71 89 0.74
71 90 0.44
71 91 0.96
71 92 0.93
71 93 0.95
71 94 0.82
71 95 0.9
71 96 0.92
71 97 0.87
71 98 0.94
71 99 0.87
71 100 0.91
72 73 0.05
72 74 0.05
72 75 0.08
72 76 0.45
72 77 0.4
72 78 0.55
72 79 0.52
72 80 0.39
72 81 0.68
72 82 0.7
72 83 0.64
72 84 0.57
72 85 0.5
72 86 0.62
72 87 0.31
72 88 0.64
72 89 0.46
72 90 0.93
72 91 0.52
72 92 0.45
72 93 0.53
72 94 0.33
72 95 0.36
72 96 0.43
72 97 0.34
72 98 0.44
72 99 0.47
72 100 0.44
73 74 0.07
73 75 0.13
73 76 0.45
73 77 0.46
73 78 0.62
73 79 0.49
73 80 0.36
73 81 0.62
73 82 0.64
73 83 0.55
73 84 0.59
73 85 0.45
73 86 0.65
73 87 0.26
73 88 0.6
73 89 0.4
73 90 0.83
73 91 0.49
73 92 0.34
73 93 0.45
73 94 0.32
73 95 0.34
73 96 0.36
73 97 0.31
73 98 0.4
73 99 0.44
73 100 0.44
74 75 0.06
74 76 0.49
74 77 0.5
74 78 0.72
74 79 0.63
74 80 0.45
74 81 0.61
74 82 0.79
74 83 0.64
74 84 0.67
74 85 0.49
74 86 0.64
74 87 0.3
74 88 0.68
74 89 0.54
74 90 0.84
74 91 0.51
74 92 0.39
74 93 0.45
74 94 0.38
74 95 0.36
74 96 0.45
74 97 0.37
74 98 0.48
74 99 0.48
74 100 0.46
75 76 0.49
75 77 0.5
75 78 0.67
75 79 0.62
75 80 0.4
75 81 0.76
75 82 0.78
75 83 0.71
75 84 0.74
75 85 0.59
75 86 0.68
75 87 0.35
75 88 0.82
75 89 0.59
75 90 0.89
75 91 0.6
75 92 0.48
75 93 0.51
75 94 0.44
75 95 0.42
75 96 0.5
75 97 0.43
75 98 0.49
75 99 0.5
75 100 0.53
76 77 0.06
76 78 0.26
76 79 0.17
76 80 0.13
76 81 0.22
76 82 0.55
76 83 0.53
76 84 0.66
76 85 0.61
76 86 0.88
76 87 0.52
76 88 0.38
76 89 0.4
76 90 0.51
76 91 0.61
76 92 0.51
76 93 0.52
76 94 0.41
76 95 0.44
76 96 0.46
76 97 0.48
76 98 0.58
76 99 0.5
76 100 0.64
77 78 0.21
77 79 0.1
77 80 0.1
77 81 0.19
77 82 0.6
77 83 0.61
77 84 0.72
77 85 0.62
77 86 0.88
77 87 0.59
77 88 0.49
77 89 0.41
77 90 0.55
77 91 0.66
77 92 0.55
77 93 0.61
77 94 0.56
77 95 0.49
77 96 0.61
77 97 0.6
77 98 0.62
77 99 0.55
77 100 0.74
78 79 0.09
78 80 0.26
78 81 0.12
78 82 0.66
78 83 0.77
78 84 0.99
78 85 0.81
78 86 1.14
78 87 0.71
78 88 0.56
78 89 0.63
78 90 0.51
78 91 0.86
78 92 0.76
78 93 0.86
78 94 0.69
78 95 0.67
78 96 0.72
78 97 0.76
78 98 0.76
78 99 0.8
78 100 0.89
79 80 0.17
79 81 0.1
79 82 0.62
79 83 0.64
79 84 0.83
79 85 0.77
79 86 1.04
79 87 0.69
79 88 0.49
79 89 0.53
79 90 0.55
79 91 0.91
79 92 0.69
79 93 0.71
79 94 0.67
79 95 0.71
79 96 0.6
79 97 0.65
79 98 0.73
79 99 0.64
79 100 0.79
80 81 0.26
80 82 0.72
80 83 0.66
80 84 0.7
80 85 0.63
80 86 0.87
80 87 0.51
80 88 0.55
80 89 0.46
80 90 0.58
80 91 0.62
80 92 0.63
80 93 0.66
80 94 0.49
80 95 0.51
80 96 0.55
80 97 0.52
80 98 0.61
80 99 0.63
80 100 0.71
81 82 0.63
81 83 0.66
81 84 0.8
81 85 0.84
81 86 0.92
81 87 0.66
81 88 0.49
81 89 0.57
81 90 0.45
81 91 0.92
81 92 0.7
81 93 0.84
81 94 0.65
81 95 0.64
81 96 0.69
81 97 0.72
81 98 0.85
81 99 0.76
81 100 0.88
82 83 0.16
82 84 0.28
82 85 0.43
82 86 0.52
82 87 0.55
82 88 0.21
82 89 0.25
82 90 0.42
82 91 0.45
82 92 0.39
82 93 0.38
82 94 0.36
82 95 0.38
82 96 0.3
82 97 0.44
82 98 0.43
82 99 0.34
82 100 0.51
83 84 0.1
83 85 0.27
83 86 0.34
83 87 0.39
83 88 0.31
83 89 0.21
83 90 0.54
83 91 0.28
83 92 0.24
83 93 0.21
83 94 0.25
83 95 0.25
83 96 0.19
83 97 0.32
83 98 0.26
83 99 0.19
83 100 0.31
84 85 0.15
84 86 0.23
84 87 0.33
84 88 0.38
84 89 0.26
84 90 0.67
84 91 0.2
84 92 0.21
84 93 0.17
84 94 0.22
84 95 0.27
84 96 0.18
84 97 0.26
84 98 0.2
84 99 0.17
84 100 0.24
85 86 0.22
85 87 0.21
85 88 0.44
85 89 0.24
85 90 0.83
85 91 0.05
85 92 0.09
85 93 0.05
85 94 0.16
85 95 0.13
85 96 0.12
85 97 0.14
85 98 0.05
85 99 0.09
85 100 0.07
86 87 0.4
86 88 0.59
86 89 0.48
86 90 0.86
86 91 0.16
86 92 0.31
86 93 0.24
86 94 0.39
86 95 0.33
86 96 0.32
86 97 0.38
86 98 0.26
86 99 0.29
86 100 0.21
87 88 0.61
87 89 0.28
87 90 0.77
87 91 0.22
87 92 0.11
87 93 0.17
87 94 0.15
87 95 0.1
87 96 0.16
87 97 0.07
87 98 0.14
87 99 0.19
87 100 0.15
88 89 0.26
88 90 0.26
88 91 0.58
88 92 0.5
88 93 0.5
88 94 0.38
88 95 0.43
88 96 0.42
88 97 0.53
88 98 0.47
88 99 0.45
88 100 0.52
89 90 0.54
89 91 0.29
89 92 0.22
89 93 0.23
89 94 0.14
89 95 0.17
89 96 0.14
89 97 0.22
89 98 0.29
89 99 0.16
89 100 0.31
90 91 0.82
90 92 0.71
90 93 0.7
90 94 0.69
90 95 0.69
90 96 0.63
90 97 0.72
90 98 0.73
90 99 0.68
90 100 0.87
91 92 0.11
91 93 0.1
91 94 0.21
91 95 0.18
91 96 0.17
91 97 0.15
91 98 0.08
91 99 0.14
91 100 0.05
92 93 0.07
92 94 0.1
92 95 0.05
92 96 0.08
92 97 0.05
92 98 0.05
92 99 0.07
92 100 0.1
93 94 0.12
93 95 0.11
93 96 0.08
93 97 0.11
93 98 0.05
93 99 0.04
93 100 0.1
94 95 0.05
94 96 0.06
94 97 0.11
94 98 0.14
94 99 0.09
94 100 0.19
95 96 0.07
95 97 0.05
95 98 0.1
95 99 0.09
95 100 0.16
96 97 0.1
96 98 0.1
96 99 0.03
96 100 0.16
97 98 0.1
97 99 0.11
97 100 0.13
98 99 0.09
98 100 0.05
99 100 0.13
