0 1 0.99
0 2 1.05
0 3 1.24
0 4 0.54
0 5 0.72
0 6 0.83
0 7 1.01
0 8 1.11
0 9 0.89
0 10 0.94
0 11 1.01
0 12 0.72
0 13 0.41
0 14 0.63
0 15 0.64
0 16 1.08
0 17 0.57
0 18 0.63
0 19 0.29
0 20 1.21
0 21 1.13
0 22 1.09
0 23 0.99
0 24 0.81
0 25 0.67
0 26 1.16
0 27 0.9
0 28 1.28
0 29 1.24
0 30 1.07
0 31 1.36
0 32 0.86
0 33 0.8
0 34 1.19
0 35 1.54
0 36 1.6
0 37 0.63
0 38 0.91
0 39 1.04
0 40 0.14
0 41 0.33
0 42 0.39
0 43 1.1
0 44 0.51
0 45 0.67
0 46 0.8
0 47 0.6
0 48 1.09
0 49 0.95
0 50 1.14
1 2 0.18
1 3 0.28
1 4 0.48
1 5 0.35
1 6 0.25
1 7 0.38
1 8 0.19
1 9 0.35
1 10 0.56
1 11 0.2
1 12 0.3
1 13 0.73
1 14 0.44
1 15 0.54
1 16 0.28
1 17 0.46
1 18 0.44
1 19 0.7
1 20 0.31
1 21 0.45
1 22 0.11
1 23 0.34
1 24 0.45
1 25 0.54
1 26 0.33
1 27 0.13
1 28 0.27
1 29 0.36
1 30 0.56
1 31 0.25
1 32 0.09
1 33 0.68
1 34 0.48
1 35 0.45
1 36 0.47
1 37 0.54
1 38 0.3
1 39 0.69
1 40 0.84
1 41 0.72
1 42 0.73
1 43 0.59
1 44 0.55
1 45 0.73
1 46 0.23
1 47 0.38
1 48 0.22
1 49 0.44
1 50 0.39
2 3 0.24
2 4 0.58
2 5 0.31
2 6 0.42
2 7 0.6
2 8 0.32
2 9 0.25
2 10 0.48
2 11 0.15
2 12 0.37
2 13 0.88
2 14 0.57
2 15 0.61
2 16 0.13
2 17 0.56
2 18 0.59
2 19 0.75
2 20 0.19
2 21 0.25
2 22 0.2
2 23 0.49
2 24 0.68
2 25 0.77
2 26 0.47
2 27 0.34
2 28 0.3
2 29 0.16
2 30 0.35
2 31 0.42
2 32 0.17
2 33 0.58
2 34 0.34
2 35 0.32
2 36 0.4
2 37 0.54
2 38 0.21
2 39 0.59
2 40 0.92
2 41 0.74
2 42 0.81
2 43 0.79
2 44 0.59
2 45 0.63
2 46 0.35
2 47 0.45
2 48 0.38
2 49 0.34
2 50 0.24
3 4 0.75
3 5 0.6
3 6 0.57
3 7 0.52
3 8 0.35
3 9 0.49
3 10 0.7
3 11 0.39
3 12 0.66
3 13 0.92
3 14 0.76
3 15 0.83
3 16 0.41
3 17 0.72
3 18 0.77
3 19 0.95
3 20 0.13
3 21 0.41
3 22 0.18
3 23 0.54
3 24 0.74
3 25 0.91
3 26 0.39
3 27 0.4
3 28 0.13
3 29 0.26
3 30 0.58
3 31 0.25
3 32 0.36
3 33 0.89
3 34 0.48
3 35 0.16
3 36 0.19
3 37 0.76
3 38 0.47
3 39 0.87
3 40 1.14
3 41 0.96
3 42 0.99
3 43 0.68
3 44 0.86
3 45 0.94
3 46 0.51
3 47 0.66
3 48 0.5
3 49 0.63
3 50 0.45
4 5 0.32
4 6 0.32
4 7 0.57
4 8 0.63
4 9 0.51
4 10 0.47
4 11 0.43
4 12 0.22
4 13 0.25
4 14 0.27
4 15 0.28
4 16 0.53
4 17 0.13
4 18 0.11
4 19 0.24
4 20 0.81
4 21 0.71
4 22 0.59
4 23 0.51
4 24 0.48
4 25 0.31
4 26 0.71
4 27 0.38
4 28 0.71
4 29 0.72
4 30 0.68
4 31 0.67
4 32 0.44
4 33 0.52
4 34 0.65
4 35 0.97
4 36 1.03
4 37 0.22
4 38 0.42
4 39 0.71
4 40 0.42
4 41 0.23
4 42 0.24
4 43 0.69
4 44 0.26
4 45 0.39
4 46 0.29
4 47 0.12
4 48 0.45
4 49 0.46
4 50 0.6
5 6 0.43
5 7 0.66
5 8 0.55
5 9 0.19
5 10 0.22
5 11 0.17
5 12 0.13
5 13 0.61
5 14 0.47
5 15 0.26
5 16 0.25
5 17 0.24
5 18 0.34
5 19 0.51
5 20 0.54
5 21 0.42
5 22 0.45
5 23 0.62
5 24 0.62
5 25 0.58
5 26 0.59
5 27 0.35
5 28 0.69
5 29 0.39
5 30 0.29
5 31 0.66
5 32 0.25
5 33 0.35
5 34 0.35
5 35 0.65
5 36 0.8
5 37 0.19
5 38 0.11
5 39 0.42
5 40 0.63
5 41 0.49
5 42 0.42
5 43 0.8
5 44 0.27
5 45 0.31
5 46 0.18
5 47 0.24
5 48 0.49
5 49 0.14
5 50 0.27
6 7 0.24
6 8 0.3
6 9 0.59
6 10 0.57
6 11 0.35
6 12 0.27
6 13 0.45
6 14 0.17
6 15 0.52
6 16 0.49
6 17 0.44
6 18 0.21
6 19 0.55
6 20 0.58
6 21 0.73
6 22 0.36
6 23 0.17
6 24 0.22
6 25 0.24
6 26 0.34
6 27 0.14
6 28 0.45
6 29 0.63
6 30 0.72
6 31 0.42
6 32 0.27
6 33 0.74
6 34 0.61
6 35 0.65
6 36 0.71
6 37 0.46
6 38 0.44
6 39 0.82
6 40 0.7
6 41 0.48
6 42 0.62
6 43 0.4
6 44 0.5
6 45 0.62
6 46 0.24
6 47 0.23
6 48 0.13
6 49 0.5
6 50 0.63
7 8 0.23
7 9 0.68
7 10 0.79
7 11 0.58
7 12 0.51
7 13 0.66
7 14 0.39
7 15 0.76
7 16 0.69
7 17 0.66
7 18 0.44
7 19 0.74
7 20 0.7
7 21 0.76
7 22 0.39
7 23 0.09
7 24 0.21
7 25 0.4
7 26 0.18
7 27 0.35
7 28 0.43
7 29 0.63
7 30 0.97
7 31 0.32
7 32 0.47
7 33 0.97
7 34 0.84
7 35 0.7
7 36 0.74
7 37 0.7
7 38 0.61
7 39 1.15
7 40 0.87
7 41 0.73
7 42 0.86
7 43 0.18
7 44 0.8
7 45 0.89
7 46 0.42
7 47 0.51
7 48 0.17
7 49 0.78
7 50 0.73
8 9 0.53
8 10 0.65
8 11 0.41
8 12 0.45
8 13 0.78
8 14 0.45
8 15 0.76
8 16 0.5
8 17 0.63
8 18 0.48
8 19 0.9
8 20 0.4
8 21 0.59
8 22 0.21
8 23 0.23
8 24 0.42
8 25 0.55
8 26 0.12
8 27 0.21
8 28 0.2
8 29 0.51
8 30 0.78
8 31 0.15
8 32 0.27
8 33 0.93
8 34 0.62
8 35 0.49
8 36 0.53
8 37 0.67
8 38 0.43
8 39 0.87
8 40 1
8 41 0.91
8 42 0.79
8 43 0.41
8 44 0.73
8 45 0.85
8 46 0.37
8 47 0.46
8 48 0.14
8 49 0.54
8 50 0.57
9 10 0.21
9 11 0.19
9 12 0.39
9 13 0.7
9 14 0.71
9 15 0.39
9 16 0.14
9 17 0.43
9 18 0.57
9 19 0.75
9 20 0.41
9 21 0.22
9 22 0.4
9 23 0.75
9 24 0.73
9 25 0.71
9 26 0.65
9 27 0.4
9 28 0.55
9 29 0.25
9 30 0.14
9 31 0.64
9 32 0.32
9 33 0.41
9 34 0.16
9 35 0.49
9 36 0.54
9 37 0.39
9 38 0.11
9 39 0.32
9 40 0.88
9 41 0.68
9 42 0.56
9 43 0.89
9 44 0.43
9 45 0.45
9 46 0.31
9 47 0.41
9 48 0.53
9 49 0.1
9 50 0.09
10 11 0.34
10 12 0.39
10 13 0.7
10 14 0.73
10 15 0.24
10 16 0.29
10 17 0.37
10 18 0.63
10 19 0.58
10 20 0.6
10 21 0.37
10 22 0.58
10 23 0.8
10 24 0.86
10 25 0.73
10 26 0.77
10 27 0.58
10 28 0.74
10 29 0.48
10 30 0.16
10 31 0.8
10 32 0.43
10 33 0.2
10 34 0.24
10 35 0.69
10 36 0.74
10 37 0.31
10 38 0.24
10 39 0.17
10 40 0.76
10 41 0.74
10 42 0.52
10 43 1.01
10 44 0.38
10 45 0.27
10 46 0.38
10 47 0.46
10 48 0.73
10 49 0.12
10 50 0.24
11 12 0.2
11 13 0.59
11 14 0.46
11 15 0.38
11 16 0.17
11 17 0.34
11 18 0.45
11 19 0.63
11 20 0.38
11 21 0.35
11 22 0.26
11 23 0.44
11 24 0.55
11 25 0.6
11 26 0.51
11 27 0.23
11 28 0.37
11 29 0.25
11 30 0.35
11 31 0.39
11 32 0.11
11 33 0.46
11 34 0.33
11 35 0.52
11 36 0.55
11 37 0.33
11 38 0.1
11 39 0.54
11 40 0.85
11 41 0.69
11 42 0.54
11 43 0.61
11 44 0.47
11 45 0.5
11 46 0.15
11 47 0.34
11 48 0.34
11 49 0.23
11 50 0.22
12 13 0.39
12 14 0.33
12 15 0.25
12 16 0.34
12 17 0.16
12 18 0.21
12 19 0.41
12 20 0.56
12 21 0.54
12 22 0.49
12 23 0.42
12 24 0.48
12 25 0.41
12 26 0.63
12 27 0.25
12 28 0.6
12 29 0.51
12 30 0.4
12 31 0.56
12 32 0.28
12 33 0.4
12 34 0.52
12 35 0.75
12 36 0.75
12 37 0.16
12 38 0.23
12 39 0.47
12 40 0.59
12 41 0.4
12 42 0.36
12 43 0.74
12 44 0.26
12 45 0.36
12 46 0.11
12 47 0.09
12 48 0.36
12 49 0.28
12 50 0.43
13 14 0.29
13 15 0.46
13 16 0.84
13 17 0.37
13 18 0.25
13 19 0.21
13 20 1.02
13 21 1.01
13 22 0.79
13 23 0.53
13 24 0.43
13 25 0.2
13 26 0.81
13 27 0.54
13 28 0.85
13 29 1.02
13 30 0.92
13 31 0.87
13 32 0.58
13 33 0.7
13 34 0.99
13 35 1.06
13 36 1.16
13 37 0.4
13 38 0.62
13 39 0.91
13 40 0.29
13 41 0.14
13 42 0.36
13 43 0.58
13 44 0.42
13 45 0.62
13 46 0.51
13 47 0.34
13 48 0.57
13 49 0.64
13 50 0.85
14 15 0.56
14 16 0.59
14 17 0.4
14 18 0.18
14 19 0.45
14 20 0.69
14 21 0.79
14 22 0.49
14 23 0.24
14 24 0.17
14 25 0.1
14 26 0.48
14 27 0.32
14 28 0.68
14 29 0.73
14 30 0.73
14 31 0.54
14 32 0.44
14 33 0.68
14 34 0.76
14 35 0.88
14 36 0.86
14 37 0.49
14 38 0.54
14 39 0.9
14 40 0.58
14 41 0.38
14 42 0.54
14 43 0.39
14 44 0.52
14 45 0.71
14 46 0.33
14 47 0.23
14 48 0.31
14 49 0.61
14 50 0.67
15 16 0.45
15 17 0.19
15 18 0.42
15 19 0.36
15 20 0.72
15 21 0.63
15 22 0.71
15 23 0.75
15 24 0.72
15 25 0.64
15 26 0.91
15 27 0.49
15 28 0.8
15 29 0.63
15 30 0.4
15 31 0.83
15 32 0.45
15 33 0.19
15 34 0.51
15 35 0.76
15 36 0.97
15 37 0.11
15 38 0.31
15 39 0.33
15 40 0.53
15 41 0.41
15 42 0.26
15 43 0.92
15 44 0.09
15 45 0.1
15 46 0.39
15 47 0.32
15 48 0.62
15 49 0.25
15 50 0.44
16 17 0.54
16 18 0.55
16 19 0.83
16 20 0.28
16 21 0.16
16 22 0.31
16 23 0.64
16 24 0.76
16 25 0.67
16 26 0.56
16 27 0.34
16 28 0.4
16 29 0.16
16 30 0.26
16 31 0.54
16 32 0.23
16 33 0.46
16 34 0.2
16 35 0.35
16 36 0.49
16 37 0.45
16 38 0.16
16 39 0.43
16 40 0.9
16 41 0.83
16 42 0.67
16 43 0.8
16 44 0.58
16 45 0.54
16 46 0.32
16 47 0.49
16 48 0.5
16 49 0.2
16 50 0.09
17 18 0.22
17 19 0.29
17 20 0.8
17 21 0.6
17 22 0.55
17 23 0.56
17 24 0.52
17 25 0.38
17 26 0.73
17 27 0.38
17 28 0.74
17 29 0.63
17 30 0.46
17 31 0.72
17 32 0.39
17 33 0.4
17 34 0.56
17 35 0.91
17 36 0.97
17 37 0.09
17 38 0.34
17 39 0.54
17 40 0.43
17 41 0.28
17 42 0.22
17 43 0.77
17 44 0.12
17 45 0.3
17 46 0.27
17 47 0.14
17 48 0.47
17 49 0.35
17 50 0.57
18 19 0.32
18 20 0.71
18 21 0.78
18 22 0.57
18 23 0.39
18 24 0.37
18 25 0.18
18 26 0.53
18 27 0.29
18 28 0.72
18 29 0.69
18 30 0.68
18 31 0.66
18 32 0.37
18 33 0.58
18 34 0.61
18 35 0.87
18 36 1.03
18 37 0.28
18 38 0.47
18 39 0.78
18 40 0.46
18 41 0.31
18 42 0.36
18 43 0.58
18 44 0.36
18 45 0.54
18 46 0.25
18 47 0.13
18 48 0.37
18 49 0.5
18 50 0.66
19 20 1.02
19 21 0.94
19 22 0.93
19 23 0.65
19 24 0.61
19 25 0.4
19 26 0.85
19 27 0.7
19 28 0.91
19 29 0.85
19 30 0.73
19 31 0.96
19 32 0.66
19 33 0.48
19 34 0.89
19 35 1.11
19 36 1.23
19 37 0.34
19 38 0.58
19 39 0.74
19 40 0.16
19 41 0.08
19 42 0.13
19 43 0.74
19 44 0.25
19 45 0.39
19 46 0.51
19 47 0.33
19 48 0.68
19 49 0.59
19 50 0.76
20 21 0.25
20 22 0.21
20 23 0.61
20 24 0.79
20 25 0.75
20 26 0.56
20 27 0.43
20 28 0.28
20 29 0.15
20 30 0.51
20 31 0.41
20 32 0.36
20 33 0.78
20 34 0.43
20 35 0.11
20 36 0.19
20 37 0.77
20 38 0.41
20 39 0.73
20 40 1.19
20 41 0.96
20 42 1.03
20 43 0.77
20 44 0.77
20 45 0.79
20 46 0.56
20 47 0.69
20 48 0.53
20 49 0.47
20 50 0.33
21 22 0.38
21 23 0.78
21 24 0.86
21 25 0.85
21 26 0.68
21 27 0.51
21 28 0.51
21 29 0.11
21 30 0.25
21 31 0.59
21 32 0.39
21 33 0.5
21 34 0.14
21 35 0.34
21 36 0.41
21 37 0.52
21 38 0.26
21 39 0.43
21 40 1.12
21 41 0.85
21 42 0.76
21 43 0.95
21 44 0.63
21 45 0.72
21 46 0.47
21 47 0.56
21 48 0.67
21 49 0.32
21 50 0.13
22 23 0.41
22 24 0.56
22 25 0.67
22 26 0.3
22 27 0.25
22 28 0.16
22 29 0.26
22 30 0.58
22 31 0.23
22 32 0.16
22 33 0.71
22 34 0.51
22 35 0.31
22 36 0.42
22 37 0.56
22 38 0.38
22 39 0.69
22 40 1.07
22 41 0.86
22 42 0.8
22 43 0.63
22 44 0.73
22 45 0.78
22 46 0.3
22 47 0.51
22 48 0.28
22 49 0.47
22 50 0.43
23 24 0.15
23 25 0.35
23 26 0.23
23 27 0.29
23 28 0.46
23 29 0.7
23 30 0.88
23 31 0.4
23 32 0.37
23 33 0.94
23 34 0.89
23 35 0.8
23 36 0.78
23 37 0.65
23 38 0.58
23 39 0.98
23 40 0.84
23 41 0.71
23 42 0.82
23 43 0.19
23 44 0.71
23 45 0.8
23 46 0.41
23 47 0.41
23 48 0.16
23 49 0.67
23 50 0.66
24 25 0.21
24 26 0.38
24 27 0.34
24 28 0.6
24 29 0.77
24 30 0.83
24 31 0.51
24 32 0.52
24 33 0.87
24 34 0.91
24 35 0.81
24 36 0.93
24 37 0.66
24 38 0.68
24 39 0.96
24 40 0.72
24 41 0.58
24 42 0.73
24 43 0.18
24 44 0.67
24 45 0.83
24 46 0.43
24 47 0.45
24 48 0.26
24 49 0.76
24 50 0.85
25 26 0.53
25 27 0.37
25 28 0.77
25 29 0.92
25 30 0.91
25 31 0.66
25 32 0.5
25 33 0.76
25 34 0.88
25 35 0.99
25 36 0.92
25 37 0.44
25 38 0.64
25 39 0.84
25 40 0.52
25 41 0.32
25 42 0.53
25 43 0.44
25 44 0.47
25 45 0.71
25 46 0.39
25 47 0.34
25 48 0.42
25 49 0.65
25 50 0.71
26 27 0.31
26 28 0.23
26 29 0.63
26 30 0.8
26 31 0.17
26 32 0.39
26 33 0.92
26 34 0.82
26 35 0.64
26 36 0.57
26 37 0.82
26 38 0.61
26 39 1.06
26 40 0.96
26 41 0.87
26 42 0.95
26 43 0.37
26 44 0.78
26 45 1.05
26 46 0.43
26 47 0.55
26 48 0.22
26 49 0.75
26 50 0.73
27 28 0.33
27 29 0.46
27 30 0.61
27 31 0.33
27 32 0.14
27 33 0.72
27 34 0.56
27 35 0.55
27 36 0.57
27 37 0.46
27 38 0.35
27 39 0.71
27 40 0.76
27 41 0.63
27 42 0.58
27 43 0.48
27 44 0.52
27 45 0.57
27 46 0.16
27 47 0.26
27 48 0.13
27 49 0.49
27 50 0.43
28 29 0.39
28 30 0.67
28 31 0.1
28 32 0.36
28 33 0.82
28 34 0.58
28 35 0.29
28 36 0.29
28 37 0.74
28 38 0.55
28 39 0.84
28 40 1.14
28 41 0.86
28 42 1.02
28 43 0.55
28 44 0.79
28 45 0.9
28 46 0.45
28 47 0.61
28 48 0.34
28 49 0.63
28 50 0.53
29 30 0.3
29 31 0.47
29 32 0.32
29 33 0.64
29 34 0.22
29 35 0.27
29 36 0.34
29 37 0.58
29 38 0.32
29 39 0.49
29 40 1.01
29 41 0.85
29 42 0.75
29 43 0.9
29 44 0.66
29 45 0.69
29 46 0.44
29 47 0.59
29 48 0.57
29 49 0.34
29 50 0.18
30 31 0.76
30 32 0.43
30 33 0.32
30 34 0.1
30 35 0.54
30 36 0.68
30 37 0.43
30 38 0.25
30 39 0.2
30 40 0.93
30 41 0.79
30 42 0.62
30 43 1.09
30 44 0.45
30 45 0.41
30 46 0.5
30 47 0.51
30 48 0.69
30 49 0.16
30 50 0.18
31 32 0.37
31 33 0.99
31 34 0.69
31 35 0.42
31 36 0.38
31 37 0.7
31 38 0.55
31 39 0.89
31 40 1.02
31 41 0.85
31 42 1.03
31 43 0.56
31 44 0.8
31 45 1
31 46 0.44
31 47 0.62
31 48 0.28
31 49 0.62
31 50 0.53
32 33 0.6
32 34 0.41
32 35 0.49
32 36 0.54
32 37 0.41
32 38 0.21
32 39 0.56
32 40 0.76
32 41 0.64
32 42 0.57
32 43 0.53
32 44 0.48
32 45 0.62
32 46 0.16
32 47 0.29
32 48 0.23
32 49 0.31
32 50 0.33
33 34 0.44
33 35 0.87
33 36 0.93
33 37 0.31
33 38 0.4
33 39 0.21
33 40 0.66
33 41 0.63
33 42 0.45
33 43 1.07
33 44 0.25
33 45 0.11
33 46 0.53
33 47 0.47
33 48 0.76
33 49 0.29
33 50 0.45
34 35 0.49
34 36 0.51
34 37 0.46
34 38 0.25
34 39 0.33
34 40 0.99
34 41 0.79
34 42 0.78
34 43 1.03
34 44 0.53
34 45 0.48
34 46 0.49
34 47 0.6
34 48 0.69
34 49 0.23
34 50 0.09
35 36 0.1
35 37 0.75
35 38 0.5
35 39 0.75
35 40 1.2
35 41 1.09
35 42 1.11
35 43 0.92
35 44 0.93
35 45 0.86
35 46 0.61
35 47 0.74
35 48 0.63
35 49 0.54
35 50 0.43
36 37 0.89
36 38 0.66
36 39 0.96
36 40 1.52
36 41 1.24
36 42 1.11
36 43 0.97
36 44 1.03
36 45 0.99
36 46 0.63
36 47 0.91
36 48 0.6
36 49 0.64
36 50 0.51
37 38 0.33
37 39 0.46
37 40 0.51
37 41 0.33
37 42 0.24
37 43 0.72
37 44 0.12
37 45 0.22
37 46 0.28
37 47 0.21
37 48 0.5
37 49 0.28
37 50 0.45
38 39 0.37
38 40 0.8
38 41 0.6
38 42 0.51
38 43 0.81
38 44 0.41
38 45 0.44
38 46 0.23
38 47 0.33
38 48 0.42
38 49 0.11
38 50 0.19
39 40 0.82
39 41 0.79
39 42 0.61
39 43 1.12
39 44 0.49
39 45 0.31
39 46 0.6
39 47 0.62
39 48 0.83
39 49 0.27
39 50 0.38
40 41 0.19
40 42 0.29
40 43 0.86
40 44 0.43
40 45 0.53
40 46 0.76
40 47 0.56
40 48 0.82
40 49 0.75
40 50 0.9
41 42 0.21
41 43 0.8
41 44 0.3
41 45 0.46
41 46 0.51
41 47 0.32
41 48 0.64
41 49 0.61
41 50 0.77
42 43 0.98
42 44 0.17
42 45 0.27
42 46 0.52
42 47 0.35
42 48 0.71
42 49 0.49
42 50 0.71
43 44 0.89
43 45 1.08
43 46 0.6
43 47 0.61
43 48 0.34
43 49 0.96
43 50 0.91
44 45 0.18
44 46 0.39
44 47 0.29
44 48 0.61
44 49 0.36
44 50 0.56
45 46 0.49
45 47 0.4
45 48 0.71
45 49 0.32
45 50 0.54
46 47 0.16
46 48 0.28
46 49 0.29
46 50 0.4
47 48 0.36
47 49 0.35
47 50 0.5
48 49 0.62
48 50 0.6
49 50 0.18
