0 1 0.52
0 2 0.71
0 3 0.81
0 4 0.89
0 5 0.86
0 6 0.75
0 7 1.1
0 8 1.12
0 9 0.95
0 10 1.21
0 11 1.45
0 12 1.02
0 13 1.27
0 14 1.27
0 15 1.03
0 16 0.7
0 17 0.8
0 18 1
0 19 1.3
0 20 1.05
0 21 0.73
0 22 0.46
0 23 0.51
0 24 0.64
0 25 1
0 26 0.93
0 27 0.95
0 28 0.68
0 29 0.89
0 30 0.84
0 31 1.35
0 32 0.84
0 33 0.71
0 34 1.01
0 35 1.2
0 36 0.94
0 37 0.92
0 38 1.24
0 39 1.2
0 40 0.95
0 41 0.31
0 42 0.3
0 43 0.38
0 44 0.88
0 45 0.94
0 46 1.09
0 47 0.78
0 48 0.88
0 49 0.65
0 50 0.91
0 51 0.79
0 52 1.06
0 53 1.18
0 54 1.33
0 55 1.16
0 56 0.4
0 57 1.2
0 58 1.1
0 59 1.44
0 60 1.11
0 61 0.57
0 62 0.53
0 63 0.6
0 64 0.26
0 65 1.42
0 66 1.42
0 67 0.94
0 68 0.8
0 69 0.89
0 70 1.02
0 71 0.97
0 72 1.08
0 73 0.53
0 74 0.77
0 75 0.8
1 2 0.25
1 3 0.34
1 4 0.43
1 5 0.55
1 6 0.26
1 7 0.61
1 8 0.66
1 9 0.54
1 10 0.74
1 11 0.97
1 12 0.49
1 13 0.62
1 14 0.94
1 15 0.61
1 16 0.24
1 17 0.36
1 18 0.57
1 19 0.76
1 20 0.79
1 21 0.39
1 22 0.14
1 23 0.21
1 24 0.4
1 25 0.64
1 26 0.43
1 27 0.58
1 28 0.21
1 29 0.5
1 30 0.35
1 31 1
1 32 0.48
1 33 0.14
1 34 0.55
1 35 0.68
1 36 0.61
1 37 0.67
1 38 0.79
1 39 0.69
1 40 0.51
1 41 0.17
1 42 0.16
1 43 0.11
1 44 0.39
1 45 0.44
1 46 0.58
1 47 0.47
1 48 0.44
1 49 0.29
1 50 0.6
1 51 0.32
1 52 0.54
1 53 0.71
1 54 0.79
1 55 0.75
1 56 0.29
1 57 0.75
1 58 0.69
1 59 1.06
1 60 0.71
1 61 0.32
1 62 0.14
1 63 0.12
1 64 0.3
1 65 0.89
1 66 0.92
1 67 0.43
1 68 0.31
1 69 0.6
1 70 0.79
1 71 0.63
1 72 0.6
1 73 0.09
1 74 0.28
1 75 0.39
2 3 0.37
2 4 0.21
2 5 0.31
2 6 0.14
2 7 0.41
2 8 0.45
2 9 0.52
2 10 0.66
2 11 0.63
2 12 0.37
2 13 0.46
2 14 0.68
2 15 0.4
2 16 0.26
2 17 0.29
2 18 0.59
2 19 0.54
2 20 0.47
2 21 0.23
2 22 0.23
2 23 0.39
2 24 0.56
2 25 0.63
2 26 0.32
2 27 0.31
2 28 0.15
2 29 0.23
2 30 0.1
2 31 0.87
2 32 0.44
2 33 0.16
2 34 0.33
2 35 0.5
2 36 0.36
2 37 0.41
2 38 0.72
2 39 0.55
2 40 0.38
2 41 0.43
2 42 0.35
2 43 0.37
2 44 0.38
2 45 0.23
2 46 0.37
2 47 0.27
2 48 0.21
2 49 0.4
2 50 0.63
2 51 0.23
2 52 0.38
2 53 0.56
2 54 0.54
2 55 0.8
2 56 0.48
2 57 0.44
2 58 0.57
2 59 0.9
2 60 0.62
2 61 0.32
2 62 0.15
2 63 0.28
2 64 0.44
2 65 0.72
2 66 0.79
2 67 0.28
2 68 0.12
2 69 0.42
2 70 0.58
2 71 0.54
2 72 0.57
2 73 0.16
2 74 0.12
2 75 0.19
3 4 0.4
3 5 0.64
3 6 0.29
3 7 0.51
3 8 0.59
3 9 0.26
3 10 0.48
3 11 0.59
3 12 0.23
3 13 0.6
3 14 0.68
3 15 0.77
3 16 0.15
3 17 0.19
3 18 0.24
3 19 0.69
3 20 0.89
3 21 0.68
3 22 0.53
3 23 0.33
3 24 0.25
3 25 0.33
3 26 0.31
3 27 0.61
3 28 0.51
3 29 0.53
3 30 0.46
3 31 0.56
3 32 0.11
3 33 0.25
3 34 0.49
3 35 0.5
3 36 0.81
3 37 0.81
3 38 0.59
3 39 0.27
3 40 0.17
3 41 0.5
3 42 0.51
3 43 0.46
3 44 0.05
3 45 0.52
3 46 0.44
3 47 0.7
3 48 0.59
3 49 0.19
3 50 0.2
3 51 0.15
3 52 0.61
3 53 0.57
3 54 0.79
3 55 0.42
3 56 0.43
3 57 0.74
3 58 0.39
3 59 0.76
3 60 0.89
3 61 0.67
3 62 0.47
3 63 0.22
3 64 0.61
3 65 0.63
3 66 0.71
3 67 0.35
3 68 0.32
3 69 0.75
3 70 0.93
3 71 0.82
3 72 0.32
3 73 0.32
3 74 0.49
3 75 0.3
4 5 0.3
4 6 0.18
4 7 0.25
4 8 0.21
4 9 0.47
4 10 0.53
4 11 0.55
4 12 0.31
4 13 0.28
4 14 0.45
4 15 0.34
4 16 0.4
4 17 0.22
4 18 0.65
4 19 0.35
4 20 0.43
4 21 0.34
4 22 0.43
4 23 0.56
4 24 0.59
4 25 0.65
4 26 0.2
4 27 0.17
4 28 0.34
4 29 0.18
4 30 0.16
4 31 0.67
4 32 0.44
4 33 0.3
4 34 0.11
4 35 0.29
4 36 0.41
4 37 0.41
4 38 0.51
4 39 0.48
4 40 0.34
4 41 0.54
4 42 0.53
4 43 0.52
4 44 0.46
4 45 0.11
4 46 0.15
4 47 0.33
4 48 0.23
4 49 0.57
4 50 0.57
4 51 0.29
4 52 0.15
4 53 0.36
4 54 0.33
4 55 0.77
4 56 0.58
4 57 0.33
4 58 0.42
4 59 0.66
4 60 0.58
4 61 0.47
4 62 0.37
4 63 0.43
4 64 0.7
4 65 0.51
4 66 0.63
4 67 0.12
4 68 0.12
4 69 0.55
4 70 0.56
4 71 0.55
4 72 0.43
4 73 0.35
4 74 0.24
4 75 0.08
5 6 0.4
5 7 0.49
5 8 0.43
5 9 0.82
5 10 0.9
5 11 0.68
5 12 0.61
5 13 0.28
5 14 0.57
5 15 0.12
5 16 0.65
5 17 0.54
5 18 0.95
5 19 0.42
5 20 0.2
5 21 0.22
5 22 0.44
5 23 0.63
5 24 0.85
5 25 0.92
5 26 0.43
5 27 0.23
5 28 0.31
5 29 0.1
5 30 0.24
5 31 0.93
5 32 0.76
5 33 0.55
5 34 0.33
5 35 0.48
5 36 0.16
5 37 0.11
5 38 0.72
5 39 0.7
5 40 0.66
5 41 0.64
5 42 0.59
5 43 0.6
5 44 0.8
5 45 0.18
5 46 0.35
5 47 0.11
5 48 0.11
5 49 0.74
5 50 0.85
5 51 0.5
5 52 0.28
5 53 0.62
5 54 0.37
5 55 0.98
5 56 0.79
5 57 0.2
5 58 0.66
5 59 0.72
5 60 0.28
5 61 0.39
5 62 0.36
5 63 0.53
5 64 0.69
5 65 0.8
5 66 0.81
5 67 0.38
5 68 0.35
5 69 0.25
5 70 0.25
5 71 0.27
5 72 0.8
5 73 0.5
5 74 0.26
5 75 0.38
6 7 0.34
6 8 0.4
6 9 0.38
6 10 0.58
6 11 0.57
6 12 0.29
6 13 0.44
6 14 0.57
6 15 0.45
6 16 0.19
6 17 0.14
6 18 0.52
6 19 0.54
6 20 0.55
6 21 0.37
6 22 0.35
6 23 0.37
6 24 0.45
6 25 0.52
6 26 0.23
6 27 0.36
6 28 0.32
6 29 0.33
6 30 0.22
6 31 0.75
6 32 0.36
6 33 0.14
6 34 0.26
6 35 0.45
6 36 0.46
6 37 0.54
6 38 0.54
6 39 0.43
6 40 0.24
6 41 0.42
6 42 0.45
6 43 0.35
6 44 0.33
6 45 0.27
6 46 0.32
6 47 0.4
6 48 0.32
6 49 0.32
6 50 0.46
6 51 0.11
6 52 0.33
6 53 0.45
6 54 0.56
6 55 0.66
6 56 0.46
6 57 0.56
6 58 0.46
6 59 0.71
6 60 0.65
6 61 0.47
6 62 0.24
6 63 0.23
6 64 0.55
6 65 0.6
6 66 0.74
6 67 0.22
6 68 0.08
6 69 0.54
6 70 0.74
6 71 0.64
6 72 0.42
6 73 0.17
6 74 0.24
6 75 0.13
7 8 0.12
7 9 0.42
7 10 0.29
7 11 0.27
7 12 0.24
7 13 0.28
7 14 0.22
7 15 0.52
7 16 0.54
7 17 0.29
7 18 0.66
7 19 0.19
7 20 0.56
7 21 0.56
7 22 0.68
7 23 0.67
7 24 0.63
7 25 0.58
7 26 0.15
7 27 0.27
7 28 0.65
7 29 0.36
7 30 0.36
7 31 0.47
7 32 0.5
7 33 0.56
7 34 0.15
7 35 0.08
7 36 0.67
7 37 0.58
7 38 0.25
7 39 0.4
7 40 0.3
7 41 0.9
7 42 0.82
7 43 0.77
7 44 0.48
7 45 0.29
7 46 0.12
7 47 0.55
7 48 0.43
7 49 0.57
7 50 0.57
7 51 0.37
7 52 0.21
7 53 0.15
7 54 0.34
7 55 0.65
7 56 0.78
7 57 0.4
7 58 0.22
7 59 0.38
7 60 0.74
7 61 0.69
7 62 0.62
7 63 0.66
7 64 0.87
7 65 0.31
7 66 0.38
7 67 0.16
7 68 0.36
7 69 0.78
7 70 0.79
7 71 0.71
7 72 0.29
7 73 0.61
7 74 0.55
7 75 0.25
8 9 0.5
8 10 0.42
8 11 0.32
8 12 0.31
8 13 0.18
8 14 0.24
8 15 0.33
8 16 0.62
8 17 0.39
8 18 0.78
8 19 0.11
8 20 0.55
8 21 0.53
8 22 0.74
8 23 0.69
8 24 0.77
8 25 0.62
8 26 0.23
8 27 0.18
8 28 0.55
8 29 0.3
8 30 0.34
8 31 0.64
8 32 0.57
8 33 0.54
8 34 0.11
8 35 0.08
8 36 0.6
8 37 0.48
8 38 0.34
8 39 0.44
8 40 0.37
8 41 0.83
8 42 0.84
8 43 0.69
8 44 0.57
8 45 0.25
8 46 0.08
8 47 0.5
8 48 0.4
8 49 0.74
8 50 0.72
8 51 0.43
8 52 0.12
8 53 0.2
8 54 0.19
8 55 0.81
8 56 0.78
8 57 0.32
8 58 0.32
8 59 0.39
8 60 0.65
8 61 0.7
8 62 0.64
8 63 0.66
8 64 0.9
8 65 0.41
8 66 0.49
8 67 0.17
8 68 0.32
8 69 0.67
8 70 0.59
8 71 0.61
8 72 0.42
8 73 0.61
8 74 0.51
8 75 0.27
9 10 0.23
9 11 0.44
9 12 0.2
9 13 0.74
9 14 0.54
9 15 0.81
9 16 0.38
9 17 0.24
9 18 0.28
9 19 0.55
9 20 0.85
9 21 0.83
9 22 0.77
9 23 0.6
9 24 0.39
9 25 0.18
9 26 0.33
9 27 0.61
9 28 0.65
9 29 0.68
9 30 0.63
9 31 0.28
9 32 0.11
9 33 0.44
9 34 0.46
9 35 0.5
9 36 0.89
9 37 0.95
9 38 0.36
9 39 0.07
9 40 0.16
9 41 0.61
9 42 0.77
9 43 0.66
9 44 0.22
9 45 0.58
9 46 0.51
9 47 0.81
9 48 0.65
9 49 0.41
9 50 0.18
9 51 0.31
9 52 0.51
9 53 0.47
9 54 0.72
9 55 0.31
9 56 0.61
9 57 0.77
9 58 0.23
9 59 0.75
9 60 1.12
9 61 0.89
9 62 0.61
9 63 0.47
9 64 0.88
9 65 0.4
9 66 0.55
9 67 0.44
9 68 0.43
9 69 0.95
9 70 1.01
9 71 0.94
9 72 0.15
9 73 0.54
9 74 0.61
9 75 0.44
10 11 0.26
10 12 0.25
10 13 0.58
10 14 0.4
10 15 0.74
10 16 0.59
10 17 0.37
10 18 0.55
10 19 0.5
10 20 0.85
10 21 0.77
10 22 0.85
10 23 0.72
10 24 0.69
10 25 0.38
10 26 0.35
10 27 0.54
10 28 0.76
10 29 0.7
10 30 0.65
10 31 0.23
10 32 0.34
10 33 0.6
10 34 0.43
10 35 0.37
10 36 0.92
10 37 0.8
10 38 0.1
10 39 0.19
10 40 0.29
10 41 0.86
10 42 0.93
10 43 0.84
10 44 0.37
10 45 0.68
10 46 0.44
10 47 0.85
10 48 0.68
10 49 0.63
10 50 0.39
10 51 0.47
10 52 0.5
10 53 0.28
10 54 0.62
10 55 0.47
10 56 0.88
10 57 0.68
10 58 0.1
10 59 0.48
10 60 1.11
10 61 1.01
10 62 0.76
10 63 0.61
10 64 0.98
10 65 0.18
10 66 0.27
10 67 0.39
10 68 0.54
10 69 0.94
10 70 0.95
10 71 0.94
10 72 0.12
10 73 0.73
10 74 0.79
10 75 0.44
11 12 0.41
11 13 0.47
11 14 0.17
11 15 0.67
11 16 0.71
11 17 0.45
11 18 0.7
11 19 0.27
11 20 0.89
11 21 0.77
11 22 0.98
11 23 0.85
11 24 0.78
11 25 0.65
11 26 0.39
11 27 0.53
11 28 0.86
11 29 0.65
11 30 0.64
11 31 0.44
11 32 0.52
11 33 0.8
11 34 0.42
11 35 0.24
11 36 0.8
11 37 0.75
11 38 0.14
11 39 0.41
11 40 0.44
11 41 1.09
11 42 1.09
11 43 0.9
11 44 0.6
11 45 0.55
11 46 0.34
11 47 0.71
11 48 0.64
11 49 0.87
11 50 0.72
11 51 0.56
11 52 0.4
11 53 0.12
11 54 0.42
11 55 0.76
11 56 1.05
11 57 0.59
11 58 0.24
11 59 0.22
11 60 1.13
11 61 1.03
11 62 0.76
11 63 0.81
11 64 1.09
11 65 0.1
11 66 0.11
11 67 0.44
11 68 0.59
11 69 0.88
11 70 0.85
11 71 0.9
11 72 0.31
11 73 0.88
11 74 0.69
11 75 0.47
12 13 0.53
12 14 0.47
12 15 0.65
12 16 0.34
12 17 0.11
12 18 0.42
12 19 0.44
12 20 0.78
12 21 0.61
12 22 0.59
12 23 0.5
12 24 0.49
12 25 0.34
12 26 0.13
12 27 0.42
12 28 0.51
12 29 0.51
12 30 0.42
12 31 0.41
12 32 0.19
12 33 0.36
12 34 0.29
12 35 0.32
12 36 0.72
12 37 0.66
12 38 0.32
12 39 0.17
12 40 0.08
12 41 0.68
12 42 0.71
12 43 0.65
12 44 0.22
12 45 0.41
12 46 0.29
12 47 0.66
12 48 0.52
12 49 0.41
12 50 0.31
12 51 0.21
12 52 0.39
12 53 0.31
12 54 0.56
12 55 0.51
12 56 0.64
12 57 0.61
12 58 0.16
12 59 0.62
12 60 0.82
12 61 0.75
12 62 0.52
12 63 0.42
12 64 0.79
12 65 0.4
12 66 0.48
12 67 0.22
12 68 0.31
12 69 0.81
12 70 0.77
12 71 0.78
12 72 0.15
12 73 0.42
12 74 0.5
12 75 0.23
13 14 0.34
13 15 0.16
13 16 0.63
13 17 0.51
13 18 0.88
13 19 0.22
13 20 0.34
13 21 0.42
13 22 0.76
13 23 0.81
13 24 0.82
13 25 0.95
13 26 0.4
13 27 0.12
13 28 0.5
13 29 0.22
13 30 0.31
13 31 0.8
13 32 0.64
13 33 0.57
13 34 0.2
13 35 0.25
13 36 0.41
13 37 0.29
13 38 0.55
13 39 0.68
13 40 0.55
13 41 0.76
13 42 0.8
13 43 0.74
13 44 0.76
13 45 0.23
13 46 0.22
13 47 0.37
13 48 0.3
13 49 0.81
13 50 0.76
13 51 0.5
13 52 0.14
13 53 0.33
13 54 0.13
13 55 0.99
13 56 0.98
13 57 0.13
13 58 0.55
13 59 0.53
13 60 0.51
13 61 0.55
13 62 0.5
13 63 0.65
13 64 0.8
13 65 0.6
13 66 0.55
13 67 0.26
13 68 0.41
13 69 0.59
13 70 0.47
13 71 0.47
13 72 0.56
13 73 0.54
13 74 0.46
13 75 0.39
14 15 0.55
14 16 0.69
14 17 0.51
14 18 0.81
14 19 0.14
14 20 0.7
14 21 0.68
14 22 0.96
14 23 0.95
14 24 1.02
14 25 0.68
14 26 0.39
14 27 0.38
14 28 0.76
14 29 0.58
14 30 0.55
14 31 0.61
14 32 0.59
14 33 0.75
14 34 0.32
14 35 0.16
14 36 0.73
14 37 0.69
14 38 0.26
14 39 0.49
14 40 0.5
14 41 1.02
14 42 0.99
14 43 0.87
14 44 0.63
14 45 0.49
14 46 0.28
14 47 0.63
14 48 0.61
14 49 0.83
14 50 0.84
14 51 0.64
14 52 0.3
14 53 0.11
14 54 0.25
14 55 0.92
14 56 1.11
14 57 0.52
14 58 0.36
14 59 0.17
14 60 0.79
14 61 0.95
14 62 0.75
14 63 0.83
14 64 1.02
14 65 0.25
14 66 0.25
14 67 0.36
14 68 0.5
14 69 0.82
14 70 0.89
14 71 0.74
14 72 0.42
14 73 0.84
14 74 0.72
14 75 0.46
15 16 0.69
15 17 0.56
15 18 1.14
15 19 0.39
15 20 0.18
15 21 0.35
15 22 0.57
15 23 0.88
15 24 1.04
15 25 0.91
15 26 0.53
15 27 0.22
15 28 0.42
15 29 0.16
15 30 0.29
15 31 0.88
15 32 0.84
15 33 0.57
15 34 0.33
15 35 0.45
15 36 0.27
15 37 0.14
15 38 0.68
15 39 0.77
15 40 0.66
15 41 0.86
15 42 0.76
15 43 0.78
15 44 0.69
15 45 0.2
15 46 0.35
15 47 0.24
15 48 0.25
15 49 0.89
15 50 0.92
15 51 0.65
15 52 0.24
15 53 0.47
15 54 0.26
15 55 1.04
15 56 0.92
15 57 0.07
15 58 0.63
15 59 0.7
15 60 0.32
15 61 0.48
15 62 0.49
15 63 0.63
15 64 0.78
15 65 0.75
15 66 0.72
15 67 0.37
15 68 0.37
15 69 0.41
15 70 0.27
15 71 0.27
15 72 0.76
15 73 0.58
15 74 0.33
15 75 0.4
16 17 0.22
16 18 0.37
16 19 0.66
16 20 0.86
16 21 0.49
16 22 0.34
16 23 0.22
16 24 0.24
16 25 0.43
16 26 0.36
16 27 0.53
16 28 0.41
16 29 0.51
16 30 0.41
16 31 0.68
16 32 0.27
16 33 0.15
16 34 0.5
16 35 0.56
16 36 0.63
16 37 0.67
16 38 0.57
16 39 0.41
16 40 0.26
16 41 0.31
16 42 0.37
16 43 0.26
16 44 0.2
16 45 0.49
16 46 0.44
16 47 0.63
16 48 0.46
16 49 0.15
16 50 0.3
16 51 0.15
16 52 0.55
16 53 0.6
16 54 0.76
16 55 0.55
16 56 0.33
16 57 0.79
16 58 0.47
16 59 0.82
16 60 0.77
16 61 0.58
16 62 0.31
16 63 0.09
16 64 0.53
16 65 0.67
16 66 0.88
16 67 0.42
16 68 0.29
16 69 0.7
16 70 0.77
16 71 0.73
16 72 0.44
16 73 0.22
16 74 0.38
16 75 0.28
17 18 0.39
17 19 0.49
17 20 0.72
17 21 0.53
17 22 0.52
17 23 0.46
17 24 0.37
17 25 0.41
17 26 0.13
17 27 0.36
17 28 0.46
17 29 0.38
17 30 0.29
17 31 0.49
17 32 0.24
17 33 0.29
17 34 0.28
17 35 0.36
17 36 0.66
17 37 0.68
17 38 0.41
17 39 0.28
17 40 0.12
17 41 0.48
17 42 0.53
17 43 0.44
17 44 0.21
17 45 0.32
17 46 0.3
17 47 0.56
17 48 0.44
17 49 0.36
17 50 0.33
17 51 0.1
17 52 0.32
17 53 0.41
17 54 0.52
17 55 0.51
17 56 0.48
17 57 0.61
17 58 0.29
17 59 0.71
17 60 0.81
17 61 0.65
17 62 0.36
17 63 0.3
17 64 0.66
17 65 0.44
17 66 0.54
17 67 0.18
17 68 0.19
17 69 0.66
17 70 0.7
17 71 0.72
17 72 0.27
17 73 0.34
17 74 0.39
17 75 0.18
18 19 0.79
18 20 1.05
18 21 0.97
18 22 0.72
18 23 0.51
18 24 0.23
18 25 0.17
18 26 0.56
18 27 0.76
18 28 0.72
18 29 0.82
18 30 0.79
18 31 0.48
18 32 0.2
18 33 0.5
18 34 0.78
18 35 0.69
18 36 1.04
18 37 0.96
18 38 0.67
18 39 0.34
18 40 0.38
18 41 0.61
18 42 0.65
18 43 0.59
18 44 0.21
18 45 0.72
18 46 0.73
18 47 0.85
18 48 0.92
18 49 0.28
18 50 0.1
18 51 0.4
18 52 0.83
18 53 0.75
18 54 0.95
18 55 0.22
18 56 0.55
18 57 1.03
18 58 0.47
18 59 0.95
18 60 1.24
18 61 0.83
18 62 0.63
18 63 0.42
18 64 0.78
18 65 0.71
18 66 0.74
18 67 0.62
18 68 0.6
18 69 1.02
18 70 1.14
18 71 1.11
18 72 0.38
18 73 0.54
18 74 0.73
18 75 0.64
19 20 0.53
19 21 0.6
19 22 0.77
19 23 0.79
19 24 0.98
19 25 0.75
19 26 0.35
19 27 0.25
19 28 0.63
19 29 0.35
19 30 0.45
19 31 0.63
19 32 0.68
19 33 0.62
19 34 0.22
19 35 0.12
19 36 0.64
19 37 0.5
19 38 0.37
19 39 0.49
19 40 0.53
19 41 0.91
19 42 1
19 43 0.94
19 44 0.65
19 45 0.38
19 46 0.19
19 47 0.55
19 48 0.44
19 49 0.77
19 50 0.67
19 51 0.6
19 52 0.22
19 53 0.16
19 54 0.13
19 55 0.84
19 56 0.94
19 57 0.31
19 58 0.4
19 59 0.3
19 60 0.69
19 61 0.74
19 62 0.68
19 63 0.66
19 64 1.1
19 65 0.41
19 66 0.37
19 67 0.3
19 68 0.49
19 69 0.76
19 70 0.69
19 71 0.69
19 72 0.51
19 73 0.72
19 74 0.6
19 75 0.39
20 21 0.37
20 22 0.65
20 23 0.81
20 24 0.99
20 25 1.04
20 26 0.58
20 27 0.36
20 28 0.49
20 29 0.29
20 30 0.37
20 31 1.22
20 32 0.96
20 33 0.66
20 34 0.44
20 35 0.66
20 36 0.23
20 37 0.11
20 38 0.87
20 39 0.87
20 40 0.86
20 41 0.9
20 42 0.79
20 43 0.77
20 44 0.91
20 45 0.34
20 46 0.53
20 47 0.26
20 48 0.27
20 49 0.96
20 50 0.95
20 51 0.69
20 52 0.45
20 53 0.68
20 54 0.46
20 55 1.24
20 56 0.96
20 57 0.19
20 58 0.79
20 59 0.88
20 60 0.16
20 61 0.56
20 62 0.61
20 63 0.77
20 64 0.72
20 65 0.91
20 66 1
20 67 0.6
20 68 0.5
20 69 0.32
20 70 0.09
20 71 0.2
20 72 0.8
20 73 0.65
20 74 0.42
20 75 0.55
21 22 0.31
21 23 0.57
21 24 0.76
21 25 1.02
21 26 0.61
21 27 0.39
21 28 0.17
21 29 0.25
21 30 0.2
21 31 1.08
21 32 0.74
21 33 0.38
21 34 0.46
21 35 0.57
21 36 0.16
21 37 0.26
21 38 0.79
21 39 0.81
21 40 0.65
21 41 0.51
21 42 0.44
21 43 0.42
21 44 0.67
21 45 0.33
21 46 0.46
21 47 0.1
21 48 0.14
21 49 0.7
21 50 0.82
21 51 0.46
21 52 0.41
21 53 0.72
21 54 0.59
21 55 1.1
21 56 0.7
21 57 0.41
21 58 0.78
21 59 0.97
21 60 0.34
21 61 0.16
21 62 0.23
21 63 0.43
21 64 0.45
21 65 0.96
21 66 0.9
21 67 0.45
21 68 0.31
21 69 0.16
21 70 0.39
21 71 0.25
21 72 0.85
21 73 0.33
21 74 0.14
21 75 0.41
22 23 0.37
22 24 0.61
22 25 0.89
22 26 0.54
22 27 0.54
22 28 0.14
22 29 0.47
22 30 0.39
22 31 0.87
22 32 0.61
22 33 0.28
22 34 0.59
22 35 0.74
22 36 0.41
22 37 0.5
22 38 0.93
22 39 0.71
22 40 0.58
22 41 0.24
22 42 0.19
22 43 0.19
22 44 0.52
22 45 0.51
22 46 0.61
22 47 0.37
22 48 0.4
22 49 0.45
22 50 0.65
22 51 0.43
22 52 0.61
22 53 0.9
22 54 0.79
22 55 0.91
22 56 0.34
22 57 0.73
22 58 0.77
22 59 1.11
22 60 0.63
22 61 0.18
22 62 0.14
22 63 0.3
22 64 0.21
22 65 0.91
22 66 1.1
22 67 0.53
22 68 0.35
22 69 0.42
22 70 0.58
22 71 0.55
22 72 0.75
22 73 0.17
22 74 0.23
22 75 0.43
23 24 0.28
23 25 0.56
23 26 0.52
23 27 0.79
23 28 0.43
23 29 0.59
23 30 0.53
23 31 0.74
23 32 0.4
23 33 0.26
23 34 0.7
23 35 0.91
23 36 0.71
23 37 0.87
23 38 0.8
23 39 0.58
23 40 0.51
23 41 0.17
23 42 0.25
23 43 0.18
23 44 0.36
23 45 0.58
23 46 0.61
23 47 0.73
23 48 0.61
23 49 0.16
23 50 0.45
23 51 0.35
23 52 0.69
23 53 0.83
23 54 1.03
23 55 0.71
23 56 0.09
23 57 0.85
23 58 0.69
23 59 1.21
23 60 0.86
23 61 0.54
23 62 0.37
23 63 0.14
23 64 0.35
23 65 0.87
23 66 1.08
23 67 0.55
23 68 0.5
23 69 0.68
23 70 0.96
23 71 0.79
23 72 0.64
23 73 0.24
23 74 0.48
23 75 0.46
24 25 0.38
24 26 0.54
24 27 0.76
24 28 0.64
24 29 0.71
24 30 0.65
24 31 0.71
24 32 0.32
24 33 0.38
24 34 0.71
24 35 0.73
24 36 0.94
24 37 0.94
24 38 0.79
24 39 0.46
24 40 0.39
24 41 0.48
24 42 0.47
24 43 0.39
24 44 0.22
24 45 0.82
24 46 0.65
24 47 0.88
24 48 0.69
24 49 0.1
24 50 0.25
24 51 0.37
24 52 0.76
24 53 0.82
24 54 1.05
24 55 0.42
24 56 0.29
24 57 0.9
24 58 0.59
24 59 0.99
24 60 1.15
24 61 0.83
24 62 0.47
24 63 0.32
24 64 0.58
24 65 0.83
24 66 0.85
24 67 0.57
24 68 0.46
24 69 0.95
24 70 1.12
24 71 1.09
24 72 0.53
24 73 0.46
24 74 0.64
24 75 0.55
25 26 0.49
25 27 0.75
25 28 0.72
25 29 0.88
25 30 0.76
25 31 0.32
25 32 0.2
25 33 0.56
25 34 0.67
25 35 0.59
25 36 1.07
25 37 1.03
25 38 0.48
25 39 0.19
25 40 0.31
25 41 0.82
25 42 0.72
25 43 0.78
25 44 0.26
25 45 0.79
25 46 0.62
25 47 1.03
25 48 0.89
25 49 0.39
25 50 0.12
25 51 0.42
25 52 0.74
25 53 0.58
25 54 0.97
25 55 0.14
25 56 0.64
25 57 0.99
25 58 0.38
25 59 0.79
25 60 1.26
25 61 1.09
25 62 0.79
25 63 0.54
25 64 0.95
25 65 0.56
25 66 0.69
25 67 0.52
25 68 0.61
25 69 1.08
25 70 1.19
25 71 1.13
25 72 0.33
25 73 0.63
25 74 0.75
25 75 0.53
26 27 0.29
26 28 0.49
26 29 0.36
26 30 0.3
26 31 0.47
26 32 0.35
26 33 0.38
26 34 0.17
26 35 0.21
26 36 0.58
26 37 0.54
26 38 0.34
26 39 0.26
26 40 0.18
26 41 0.65
26 42 0.61
26 43 0.56
26 44 0.32
26 45 0.28
26 46 0.15
26 47 0.53
26 48 0.43
26 49 0.46
26 50 0.46
26 51 0.24
26 52 0.25
26 53 0.3
26 54 0.44
26 55 0.57
26 56 0.6
26 57 0.48
26 58 0.22
26 59 0.61
26 60 0.74
26 61 0.66
26 62 0.41
26 63 0.39
26 64 0.7
26 65 0.38
26 66 0.48
26 67 0.1
26 68 0.22
26 69 0.73
26 70 0.72
26 71 0.75
26 72 0.22
26 73 0.44
26 74 0.39
26 75 0.16
27 28 0.45
27 29 0.14
27 30 0.24
27 31 0.73
27 32 0.61
27 33 0.49
27 34 0.13
27 35 0.24
27 36 0.37
27 37 0.33
27 38 0.47
27 39 0.57
27 40 0.44
27 41 0.66
27 42 0.68
27 43 0.59
27 44 0.59
27 45 0.1
27 46 0.13
27 47 0.31
27 48 0.23
27 49 0.7
27 50 0.73
27 51 0.4
27 52 0.06
27 53 0.35
27 54 0.25
27 55 0.93
27 56 0.88
27 57 0.2
27 58 0.49
27 59 0.48
27 60 0.49
27 61 0.51
27 62 0.41
27 63 0.55
27 64 0.76
27 65 0.57
27 66 0.57
27 67 0.2
27 68 0.24
27 69 0.52
27 70 0.41
27 71 0.53
27 72 0.52
27 73 0.43
27 74 0.31
27 75 0.24
28 29 0.34
28 30 0.23
28 31 0.98
28 32 0.63
28 33 0.23
28 34 0.44
28 35 0.58
28 36 0.3
28 37 0.41
28 38 0.87
28 39 0.7
28 40 0.59
28 41 0.35
28 42 0.32
28 43 0.33
28 44 0.56
28 45 0.36
28 46 0.52
28 47 0.24
28 48 0.23
28 49 0.49
28 50 0.68
28 51 0.39
28 52 0.41
28 53 0.74
28 54 0.66
28 55 0.99
28 56 0.46
28 57 0.55
28 58 0.65
28 59 0.93
28 60 0.49
28 61 0.15
28 62 0.11
28 63 0.32
28 64 0.36
28 65 0.82
28 66 1.03
28 67 0.46
28 68 0.32
28 69 0.3
28 70 0.47
28 71 0.45
28 72 0.71
28 73 0.19
28 74 0.1
28 75 0.33
29 30 0.13
29 31 0.88
29 32 0.61
29 33 0.39
29 34 0.21
29 35 0.37
29 36 0.26
29 37 0.23
29 38 0.58
29 39 0.64
29 40 0.53
29 41 0.63
29 42 0.59
29 43 0.61
29 44 0.64
29 45 0.07
29 46 0.25
29 47 0.19
29 48 0.09
29 49 0.71
29 50 0.7
29 51 0.44
29 52 0.2
29 53 0.46
29 54 0.35
29 55 0.94
29 56 0.77
29 57 0.2
29 58 0.58
29 59 0.67
29 60 0.39
29 61 0.41
29 62 0.38
29 63 0.52
29 64 0.72
29 65 0.77
29 66 0.76
29 67 0.28
29 68 0.26
29 69 0.37
29 70 0.39
29 71 0.35
29 72 0.57
29 73 0.41
29 74 0.22
29 75 0.25
30 31 0.81
30 32 0.57
30 33 0.28
30 34 0.23
30 35 0.43
30 36 0.34
30 37 0.35
30 38 0.64
30 39 0.58
30 40 0.39
30 41 0.55
30 42 0.52
30 43 0.43
30 44 0.54
30 45 0.14
30 46 0.33
30 47 0.21
30 48 0.12
30 49 0.51
30 50 0.61
30 51 0.33
30 52 0.26
30 53 0.55
30 54 0.51
30 55 0.9
30 56 0.64
30 57 0.35
30 58 0.49
30 59 0.73
30 60 0.45
30 61 0.34
30 62 0.23
30 63 0.41
30 64 0.57
30 65 0.67
30 66 0.81
30 67 0.26
30 68 0.15
30 69 0.39
30 70 0.51
30 71 0.41
30 72 0.54
30 73 0.24
30 74 0.13
30 75 0.18
31 32 0.42
31 33 0.72
31 34 0.63
31 35 0.61
31 36 1.17
31 37 1.2
31 38 0.3
31 39 0.25
31 40 0.4
31 41 0.95
31 42 1.04
31 43 0.97
31 44 0.53
31 45 0.76
31 46 0.64
31 47 1.09
31 48 0.95
31 49 0.65
31 50 0.4
31 51 0.6
31 52 0.78
31 53 0.48
31 54 0.84
31 55 0.38
31 56 0.96
31 57 0.97
31 58 0.32
31 59 0.67
31 60 1.37
31 61 1.08
31 62 0.93
31 63 0.73
31 64 1.31
31 65 0.32
31 66 0.43
31 67 0.62
31 68 0.7
31 69 1.22
31 70 1.2
31 71 1.37
31 72 0.29
31 73 0.88
31 74 0.95
31 75 0.65
32 33 0.36
32 34 0.46
32 35 0.52
32 36 0.81
32 37 0.91
32 38 0.42
32 39 0.17
32 40 0.13
32 41 0.63
32 42 0.64
32 43 0.6
32 44 0.08
32 45 0.56
32 46 0.45
32 47 0.73
32 48 0.69
32 49 0.32
32 50 0.13
32 51 0.24
32 52 0.52
32 53 0.52
32 54 0.68
32 55 0.32
32 56 0.54
32 57 0.83
32 58 0.32
32 59 0.73
32 60 0.97
32 61 0.82
32 62 0.56
32 63 0.35
32 64 0.74
32 65 0.53
32 66 0.71
32 67 0.42
32 68 0.39
32 69 0.89
32 70 1.04
32 71 1.09
32 72 0.26
32 73 0.47
32 74 0.53
32 75 0.43
33 34 0.43
33 35 0.53
33 36 0.53
33 37 0.56
33 38 0.64
33 39 0.48
33 40 0.37
33 41 0.31
33 42 0.31
33 43 0.21
33 44 0.31
33 45 0.37
33 46 0.5
33 47 0.42
33 48 0.38
33 49 0.26
33 50 0.44
33 51 0.16
33 52 0.51
33 53 0.69
33 54 0.66
33 55 0.77
33 56 0.37
33 57 0.6
33 58 0.5
33 59 0.91
33 60 0.77
33 61 0.35
33 62 0.14
33 63 0.11
33 64 0.42
33 65 0.76
33 66 0.78
33 67 0.38
33 68 0.19
33 69 0.62
33 70 0.76
33 71 0.64
33 72 0.48
33 73 0.07
33 74 0.28
33 75 0.27
34 35 0.17
34 36 0.47
34 37 0.41
34 38 0.4
34 39 0.45
34 40 0.34
34 41 0.67
34 42 0.71
34 43 0.59
34 44 0.5
34 45 0.15
34 46 0.03
34 47 0.38
34 48 0.28
34 49 0.64
34 50 0.57
34 51 0.38
34 52 0.07
34 53 0.27
34 54 0.27
34 55 0.85
34 56 0.75
34 57 0.28
34 58 0.34
34 59 0.55
34 60 0.62
34 61 0.57
34 62 0.41
34 63 0.49
34 64 0.77
34 65 0.45
34 66 0.53
34 67 0.08
34 68 0.24
34 69 0.59
34 70 0.6
34 71 0.63
34 72 0.39
34 73 0.4
34 74 0.35
34 75 0.17
35 36 0.65
35 37 0.58
35 38 0.31
35 39 0.39
35 40 0.36
35 41 0.91
35 42 0.88
35 43 0.81
35 44 0.6
35 45 0.31
35 46 0.13
35 47 0.52
35 48 0.5
35 49 0.73
35 50 0.65
35 51 0.47
35 52 0.17
35 53 0.12
35 54 0.21
35 55 0.75
35 56 0.82
35 57 0.41
35 58 0.29
35 59 0.3
35 60 0.75
35 61 0.82
35 62 0.69
35 63 0.57
35 64 0.96
35 65 0.32
35 66 0.35
35 67 0.2
35 68 0.4
35 69 0.83
35 70 0.68
35 71 0.77
35 72 0.35
35 73 0.67
35 74 0.51
35 75 0.3
36 37 0.13
36 38 0.95
36 39 0.91
36 40 0.76
36 41 0.63
36 42 0.55
36 43 0.66
36 44 0.81
36 45 0.34
36 46 0.54
36 47 0.1
36 48 0.19
36 49 0.82
36 50 0.91
36 51 0.67
36 52 0.47
36 53 0.8
36 54 0.59
36 55 1.32
36 56 0.76
36 57 0.32
36 58 0.89
36 59 0.95
36 60 0.19
36 61 0.34
36 62 0.41
36 63 0.57
36 64 0.61
36 65 1.01
36 66 0.93
36 67 0.53
36 68 0.47
36 69 0.12
36 70 0.17
36 71 0.11
36 72 0.9
36 73 0.46
36 74 0.28
36 75 0.43
37 38 0.81
37 39 0.97
37 40 0.76
37 41 0.8
37 42 0.72
37 43 0.65
37 44 0.77
37 45 0.26
37 46 0.41
37 47 0.18
37 48 0.21
37 49 0.85
37 50 0.92
37 51 0.66
37 52 0.4
37 53 0.7
37 54 0.41
37 55 1.06
37 56 0.9
37 57 0.22
37 58 0.87
37 59 0.77
37 60 0.17
37 61 0.39
37 62 0.45
37 63 0.71
37 64 0.75
37 65 0.86
37 66 0.97
37 67 0.47
37 68 0.48
37 69 0.24
37 70 0.15
37 71 0.17
37 72 0.78
37 73 0.53
37 74 0.34
37 75 0.47
38 39 0.3
38 40 0.4
38 41 1.03
38 42 0.99
38 43 0.91
38 44 0.49
38 45 0.58
38 46 0.38
38 47 0.74
38 48 0.73
38 49 0.74
38 50 0.56
38 51 0.49
38 52 0.47
38 53 0.2
38 54 0.49
38 55 0.54
38 56 0.94
38 57 0.67
38 58 0.15
38 59 0.37
38 60 0.99
38 61 0.98
38 62 0.75
38 63 0.72
38 64 0.97
38 65 0.08
38 66 0.18
38 67 0.34
38 68 0.55
38 69 0.95
38 70 1.09
38 71 1.01
38 72 0.2
38 73 0.77
38 74 0.75
38 75 0.46
39 40 0.15
39 41 0.66
39 42 0.81
39 43 0.68
39 44 0.25
39 45 0.52
39 46 0.48
39 47 0.77
39 48 0.73
39 49 0.45
39 50 0.28
39 51 0.33
39 52 0.54
39 53 0.36
39 54 0.62
39 55 0.41
39 56 0.66
39 57 0.73
39 58 0.16
39 59 0.7
39 60 1
39 61 0.84
39 62 0.72
39 63 0.54
39 64 0.96
39 65 0.39
39 66 0.43
39 67 0.37
39 68 0.44
39 69 1.04
39 70 1.04
39 71 0.92
39 72 0.08
39 73 0.61
39 74 0.68
39 75 0.42
40 41 0.56
40 42 0.57
40 43 0.52
40 44 0.14
40 45 0.44
40 46 0.32
40 47 0.64
40 48 0.56
40 49 0.35
40 50 0.28
40 51 0.15
40 52 0.42
40 53 0.46
40 54 0.54
40 55 0.46
40 56 0.59
40 57 0.64
40 58 0.21
40 59 0.61
40 60 0.9
40 61 0.74
40 62 0.45
40 63 0.38
40 64 0.81
40 65 0.46
40 66 0.52
40 67 0.26
40 68 0.32
40 69 0.78
40 70 0.8
40 71 0.85
40 72 0.18
40 73 0.38
40 74 0.5
40 75 0.24
41 42 0.06
41 43 0.08
41 44 0.49
41 45 0.68
41 46 0.71
41 47 0.57
41 48 0.58
41 49 0.31
41 50 0.59
41 51 0.43
41 52 0.75
41 53 0.91
41 54 0.91
41 55 0.83
41 56 0.17
41 57 0.86
41 58 0.83
41 59 1.14
41 60 0.81
41 61 0.39
41 62 0.3
41 63 0.23
41 64 0.19
41 65 0.95
41 66 1.13
41 67 0.73
41 68 0.43
41 69 0.67
41 70 0.82
41 71 0.75
41 72 0.77
41 73 0.29
41 74 0.46
41 75 0.53
42 43 0.08
42 44 0.53
42 45 0.63
42 46 0.75
42 47 0.6
42 48 0.53
42 49 0.42
42 50 0.68
42 51 0.47
42 52 0.67
42 53 0.94
42 54 0.85
42 55 0.85
42 56 0.23
42 57 0.84
42 58 0.81
42 59 1.12
42 60 0.8
42 61 0.38
42 62 0.24
42 63 0.27
42 64 0.14
42 65 1.01
42 66 1.07
42 67 0.7
42 68 0.45
42 69 0.52
42 70 0.84
42 71 0.73
42 72 0.75
42 73 0.23
42 74 0.39
42 75 0.5
43 44 0.49
43 45 0.53
43 46 0.71
43 47 0.54
43 48 0.47
43 49 0.29
43 50 0.58
43 51 0.38
43 52 0.7
43 53 0.79
43 54 0.84
43 55 0.78
43 56 0.2
43 57 0.74
43 58 0.78
43 59 1.1
43 60 0.82
43 61 0.39
43 62 0.2
43 63 0.18
43 64 0.23
43 65 1.04
43 66 0.98
43 67 0.61
43 68 0.38
43 69 0.63
43 70 0.88
43 71 0.68
43 72 0.67
43 73 0.2
43 74 0.36
43 75 0.47
44 45 0.54
44 46 0.55
44 47 0.75
44 48 0.55
44 49 0.23
44 50 0.16
44 51 0.18
44 52 0.52
44 53 0.62
44 54 0.71
44 55 0.4
44 56 0.48
44 57 0.73
44 58 0.37
44 59 0.78
44 60 0.95
44 61 0.74
44 62 0.43
44 63 0.26
44 64 0.67
44 65 0.62
44 66 0.64
44 67 0.38
44 68 0.38
44 69 0.84
44 70 0.87
44 71 0.93
44 72 0.3
44 73 0.36
44 74 0.53
44 75 0.37
45 46 0.18
45 47 0.22
45 48 0.16
45 49 0.58
45 50 0.7
45 51 0.38
45 52 0.13
45 53 0.41
45 54 0.33
45 55 0.94
45 56 0.67
45 57 0.26
45 58 0.5
45 59 0.59
45 60 0.53
45 61 0.49
45 62 0.38
45 63 0.45
45 64 0.71
45 65 0.67
45 66 0.66
45 67 0.21
45 68 0.21
45 69 0.37
45 70 0.39
45 71 0.39
45 72 0.51
45 73 0.4
45 74 0.23
45 75 0.18
46 47 0.44
46 48 0.34
46 49 0.61
46 50 0.64
46 51 0.35
46 52 0.08
46 53 0.27
46 54 0.24
46 55 0.78
46 56 0.7
46 57 0.3
46 58 0.31
46 59 0.49
46 60 0.65
46 61 0.64
46 62 0.5
46 63 0.54
46 64 0.76
46 65 0.42
46 66 0.47
46 67 0.09
46 68 0.27
46 69 0.56
46 70 0.53
46 71 0.54
46 72 0.37
46 73 0.49
46 74 0.37
46 75 0.21
47 48 0.11
47 49 0.73
47 50 0.93
47 51 0.49
47 52 0.39
47 53 0.74
47 54 0.53
47 55 1.01
47 56 0.73
47 57 0.3
47 58 0.72
47 59 0.82
47 60 0.28
47 61 0.27
47 62 0.32
47 63 0.54
47 64 0.59
47 65 0.8
47 66 0.88
47 67 0.44
47 68 0.34
47 69 0.18
47 70 0.26
47 71 0.21
47 72 0.7
47 73 0.4
47 74 0.17
47 75 0.39
48 49 0.64
48 50 0.72
48 51 0.38
48 52 0.28
48 53 0.6
48 54 0.45
48 55 0.95
48 56 0.69
48 57 0.28
48 58 0.69
48 59 0.72
48 60 0.34
48 61 0.28
48 62 0.32
48 63 0.47
48 64 0.64
48 65 0.86
48 66 0.87
48 67 0.34
48 68 0.25
48 69 0.28
48 70 0.33
48 71 0.32
48 72 0.69
48 73 0.34
48 74 0.14
48 75 0.27
49 50 0.3
49 51 0.31
49 52 0.66
49 53 0.74
49 54 0.93
49 55 0.52
49 56 0.22
49 57 0.9
49 58 0.53
49 59 0.89
49 60 1.15
49 61 0.64
49 62 0.36
49 63 0.18
49 64 0.53
49 65 0.88
49 66 0.83
49 67 0.51
49 68 0.42
49 69 0.8
49 70 0.91
49 71 0.92
49 72 0.5
49 73 0.34
49 74 0.5
49 75 0.41
50 51 0.36
50 52 0.72
50 53 0.71
50 54 0.81
50 55 0.24
50 56 0.59
50 57 0.81
50 58 0.39
50 59 0.83
50 60 1.1
50 61 0.84
50 62 0.63
50 63 0.42
50 64 0.81
50 65 0.64
50 66 0.66
50 67 0.51
50 68 0.51
50 69 0.97
50 70 1.05
50 71 1.01
50 72 0.31
50 73 0.57
50 74 0.71
50 75 0.48
51 52 0.38
51 53 0.47
51 54 0.57
51 55 0.58
51 56 0.43
51 57 0.6
51 58 0.4
51 59 0.79
51 60 0.82
51 61 0.52
51 62 0.29
51 63 0.21
51 64 0.57
51 65 0.67
51 66 0.76
51 67 0.29
51 68 0.19
51 69 0.59
51 70 0.8
51 71 0.71
51 72 0.33
51 73 0.24
51 74 0.35
51 75 0.17
52 53 0.32
52 54 0.22
52 55 0.86
52 56 0.86
52 57 0.27
52 58 0.41
52 59 0.48
52 60 0.54
52 61 0.59
52 62 0.47
52 63 0.57
52 64 0.87
52 65 0.47
52 66 0.56
52 67 0.15
52 68 0.29
52 69 0.56
52 70 0.55
52 71 0.49
52 72 0.45
52 73 0.48
52 74 0.35
52 75 0.23
53 54 0.34
53 55 0.71
53 56 0.94
53 57 0.48
53 58 0.25
53 59 0.27
53 60 0.88
53 61 0.85
53 62 0.75
53 63 0.75
53 64 1.12
53 65 0.24
53 66 0.22
53 67 0.29
53 68 0.44
53 69 0.8
53 70 0.82
53 71 0.87
53 72 0.35
53 73 0.63
53 74 0.66
53 75 0.42
54 55 0.93
54 56 0.96
54 57 0.23
54 58 0.47
54 59 0.35
54 60 0.62
54 61 0.75
54 62 0.71
54 63 0.8
54 64 1.11
54 65 0.52
54 66 0.48
54 67 0.36
54 68 0.47
54 69 0.58
54 70 0.51
54 71 0.56
54 72 0.64
54 73 0.66
54 74 0.52
54 75 0.48
55 56 0.76
55 57 1.03
55 58 0.5
55 59 0.89
55 60 1.45
55 61 1.12
55 62 0.81
55 63 0.63
55 64 1.08
55 65 0.59
55 66 0.82
55 67 0.73
55 68 0.76
55 69 1.32
55 70 1.4
55 71 1.37
55 72 0.42
55 73 0.78
55 74 0.84
55 75 0.66
56 57 1.01
56 58 0.8
56 59 1.25
56 60 1.02
56 61 0.56
56 62 0.42
56 63 0.26
56 64 0.35
56 65 1.12
56 66 1.05
56 67 0.69
56 68 0.52
56 69 0.79
56 70 1.04
56 71 0.87
56 72 0.73
56 73 0.37
56 74 0.58
56 75 0.54
57 58 0.68
57 59 0.63
57 60 0.41
57 61 0.54
57 62 0.61
57 63 0.68
57 64 0.82
57 65 0.69
57 66 0.82
57 67 0.37
57 68 0.44
57 69 0.44
57 70 0.29
57 71 0.35
57 72 0.75
57 73 0.56
57 74 0.41
57 75 0.39
58 59 0.47
58 60 0.92
58 61 0.91
58 62 0.63
58 63 0.56
58 64 0.93
58 65 0.22
58 66 0.31
58 67 0.28
58 68 0.47
58 69 0.88
58 70 0.92
58 71 0.9
58 72 0.08
58 73 0.6
58 74 0.59
58 75 0.42
59 60 0.94
59 61 1.03
59 62 1.03
59 63 0.9
59 64 1.25
59 65 0.36
59 66 0.24
59 67 0.52
59 68 0.71
59 69 1.03
59 70 0.9
59 71 1.04
59 72 0.57
59 73 0.93
59 74 0.93
59 75 0.59
60 61 0.47
60 62 0.63
60 63 0.83
60 64 0.74
60 65 1.03
60 66 1.05
60 67 0.69
60 68 0.56
60 69 0.22
60 70 0.07
60 71 0.09
60 72 0.99
60 73 0.72
60 74 0.45
60 75 0.72
61 62 0.25
61 63 0.49
61 64 0.36
61 65 1.13
61 66 1.09
61 67 0.56
61 68 0.4
61 69 0.23
61 70 0.47
61 71 0.35
61 72 0.78
61 73 0.29
61 74 0.23
61 75 0.52
62 63 0.21
62 64 0.34
62 65 0.87
62 66 0.88
62 67 0.43
62 68 0.23
62 69 0.44
62 70 0.64
62 71 0.55
62 72 0.63
62 73 0.08
62 74 0.17
62 75 0.31
63 64 0.39
63 65 0.77
63 66 0.9
63 67 0.47
63 68 0.28
63 69 0.62
63 70 0.81
63 71 0.73
63 72 0.54
63 73 0.14
63 74 0.33
63 75 0.3
64 65 1.17
64 66 1.31
64 67 0.72
64 68 0.56
64 69 0.55
64 70 0.79
64 71 0.65
64 72 1.04
64 73 0.37
64 74 0.45
64 75 0.59
65 66 0.1
65 67 0.43
65 68 0.63
65 69 1.07
65 70 0.95
65 71 0.99
65 72 0.28
65 73 0.79
65 74 0.89
65 75 0.54
66 67 0.55
66 68 0.63
66 69 1.08
66 70 0.96
66 71 1.15
66 72 0.39
66 73 0.95
66 74 0.81
66 75 0.56
67 68 0.18
67 69 0.63
67 70 0.66
67 71 0.58
67 72 0.29
67 73 0.38
67 74 0.33
67 75 0.11
68 69 0.51
68 70 0.59
68 71 0.58
68 72 0.44
68 73 0.2
68 74 0.21
68 75 0.08
69 70 0.26
69 71 0.14
69 72 1.01
69 73 0.5
69 74 0.31
69 75 0.54
70 71 0.12
70 72 0.94
70 73 0.66
70 74 0.45
70 75 0.58
71 72 0.92
71 73 0.54
71 74 0.43
71 75 0.53
72 73 0.58
72 74 0.65
72 75 0.41
73 74 0.23
73 75 0.29
74 75 0.29
