0 1 0.98
0 2 0.57
0 3 1.1
0 4 0.97
0 5 0.51
0 6 0.59
0 7 0.86
0 8 0.81
0 9 1.2
0 10 1.09
0 11 1
0 12 0.99
0 13 0.58
0 14 0.3
0 15 0.52
0 16 0.34
0 17 0.49
0 18 0.72
0 19 1.04
0 20 1.13
0 21 0.83
0 22 0.74
0 23 0.9
0 24 1.26
0 25 1.12
0 26 0.79
0 27 0.83
0 28 0.93
0 29 1.15
0 30 1.13
0 31 0.9
0 32 1.16
0 33 1.15
0 34 1.41
0 35 1.54
0 36 1
0 37 0.46
0 38 0.1
0 39 0.9
0 40 0.76
0 41 0.77
0 42 0.46
0 43 0.4
0 44 0.27
0 45 0.55
0 46 0.77
0 47 1
0 48 0.79
0 49 1
0 50 1.16
0 51 1.32
0 52 0.74
0 53 0.72
0 54 1.16
0 55 1.16
0 56 0.89
0 57 0.54
0 58 0.68
0 59 0.53
0 60 0.61
0 61 0.47
0 62 1.02
0 63 1.11
0 64 1.21
0 65 1.52
0 66 1.34
0 67 1.22
0 68 1.1
0 69 0.98
0 70 0.99
0 71 1.52
0 72 0.79
0 73 0.77
0 74 0.72
0 75 0.74
0 76 0.95
0 77 1.17
0 78 1.25
0 79 1.17
0 80 1.03
0 81 1.09
0 82 0.77
0 83 0.62
0 84 0.51
0 85 0.41
0 86 0.29
0 87 0.57
0 88 1.03
0 89 0.77
0 90 1.22
0 91 0.37
0 92 0.48
0 93 0.47
0 94 0.58
0 95 0.55
0 96 0.56
0 97 0.6
0 98 0.47
0 99 0.58
0 100 0.44
1 2 0.49
1 3 0.22
1 4 0.47
1 5 0.54
1 6 0.42
1 7 0.34
1 8 0.49
1 9 0.28
1 10 0.23
1 11 0.41
1 12 0.28
1 13 0.41
1 14 0.8
1 15 0.79
1 16 0.65
1 17 0.66
1 18 0.37
1 19 0.47
1 20 0.28
1 21 0.49
1 22 0.67
1 23 0.76
1 24 0.48
1 25 0.65
1 26 0.3
1 27 0.18
1 28 0.21
1 29 0.4
1 30 0.17
1 31 0.17
1 32 0.36
1 33 0.2
1 34 0.42
1 35 0.44
1 36 0.73
1 37 0.57
1 38 0.82
1 39 0.63
1 40 0.38
1 41 0.69
1 42 0.63
1 43 0.74
1 44 0.7
1 45 0.64
1 46 0.6
1 47 0.55
1 48 0.41
1 49 0.64
1 50 0.1
1 51 0.22
1 52 0.25
1 53 0.29
1 54 0.38
1 55 0.53
1 56 0.59
1 57 0.55
1 58 0.38
1 59 0.53
1 60 0.45
1 61 0.58
1 62 0.29
1 63 0.37
1 64 0.59
1 65 0.53
1 66 0.38
1 67 0.72
1 68 0.27
1 69 0.07
1 70 0.14
1 71 0.42
1 72 0.51
1 73 0.52
1 74 0.66
1 75 0.62
1 76 0.17
1 77 0.21
1 78 0.31
1 79 0.23
1 80 0.28
1 81 0.25
1 82 0.39
1 83 0.5
1 84 0.52
1 85 0.54
1 86 0.78
1 87 0.48
1 88 0.24
1 89 0.34
1 90 0.36
1 91 0.64
1 92 0.54
1 93 0.52
1 94 0.41
1 95 0.44
1 96 0.43
1 97 0.47
1 98 0.52
1 99 0.49
1 100 0.55
2 3 0.5
2 4 0.32
2 5 0.36
2 6 0.26
2 7 0.58
2 8 0.56
2 9 0.71
2 10 0.73
2 11 0.74
2 12 0.39
2 13 0.15
2 14 0.36
2 15 0.2
2 16 0.42
2 17 0.51
2 18 0.41
2 19 0.74
2 20 0.84
2 21 0.15
2 22 0.18
2 23 0.38
2 24 0.54
2 25 0.5
2 26 0.26
2 27 0.35
2 28 0.35
2 29 0.65
2 30 0.75
2 31 0.52
2 32 0.81
2 33 0.6
2 34 0.83
2 35 0.97
2 36 0.9
2 37 0.24
2 38 0.5
2 39 0.44
2 40 0.16
2 41 0.18
2 42 0.21
2 43 0.28
2 44 0.41
2 45 0.53
2 46 0.65
2 47 0.8
2 48 0.71
2 49 0.91
2 50 0.51
2 51 0.66
2 52 0.45
2 53 0.21
2 54 0.37
2 55 0.46
2 56 0.29
2 57 0.09
2 58 0.15
2 59 0.27
2 60 0.39
2 61 0.38
2 62 0.72
2 63 0.95
2 64 1.14
2 65 1.01
2 66 0.88
2 67 0.53
2 68 0.44
2 69 0.49
2 70 0.61
2 71 0.81
2 72 0.19
2 73 0.13
2 74 0.18
2 75 0.25
2 76 0.48
2 77 0.49
2 78 0.63
2 79 0.56
2 80 0.45
2 81 0.7
2 82 0.6
2 83 0.49
2 84 0.41
2 85 0.3
2 86 0.46
2 87 0.11
2 88 0.57
2 89 0.31
2 90 0.74
2 91 0.34
2 92 0.25
2 93 0.31
2 94 0.2
2 95 0.19
2 96 0.26
2 97 0.15
2 98 0.24
2 99 0.26
2 100 0.29
3 4 0.38
3 5 0.67
3 6 0.51
3 7 0.59
3 8 0.75
3 9 0.23
3 10 0.42
3 11 0.65
3 12 0.17
3 13 0.46
3 14 0.89
3 15 0.7
3 16 0.81
3 17 0.94
3 18 0.56
3 19 0.79
3 20 0.39
3 21 0.48
3 22 0.54
3 23 0.68
3 24 0.22
3 25 0.41
3 26 0.27
3 27 0.35
3 28 0.25
3 29 0.16
3 30 0.33
3 31 0.39
3 32 0.53
3 33 0.12
3 34 0.22
3 35 0.36
3 36 0.82
3 37 0.74
3 38 1.01
3 39 0.49
3 40 0.38
3 41 0.61
3 42 0.74
3 43 0.78
3 44 0.85
3 45 0.74
3 46 0.88
3 47 0.81
3 48 0.63
3 49 0.98
3 50 0.14
3 51 0.25
3 52 0.43
3 53 0.36
3 54 0.29
3 55 0.35
3 56 0.58
3 57 0.65
3 58 0.44
3 59 0.67
3 60 0.65
3 61 0.77
3 62 0.49
3 63 0.53
3 64 0.86
3 65 0.58
3 66 0.41
3 67 0.63
3 68 0.09
3 69 0.27
3 70 0.34
3 71 0.37
3 72 0.51
3 73 0.49
3 74 0.52
3 75 0.53
3 76 0.11
3 77 0.05
3 78 0.16
3 79 0.06
3 80 0.14
3 81 0.16
3 82 0.59
3 83 0.62
3 84 0.79
3 85 0.69
3 86 0.94
3 87 0.58
3 88 0.48
3 89 0.5
3 90 0.5
3 91 0.72
3 92 0.61
3 93 0.73
3 94 0.48
3 95 0.55
3 96 0.59
3 97 0.58
3 98 0.67
3 99 0.66
3 100 0.69
4 5 0.68
4 6 0.52
4 7 0.76
4 8 0.86
4 9 0.61
4 10 0.73
4 11 0.92
4 12 0.26
4 13 0.4
4 14 0.7
4 15 0.47
4 16 0.75
4 17 0.76
4 18 0.66
4 19 0.88
4 20 0.85
4 21 0.15
4 22 0.23
4 23 0.22
4 24 0.31
4 25 0.16
4 26 0.25
4 27 0.46
4 28 0.36
4 29 0.4
4 30 0.7
4 31 0.63
4 32 0.78
4 33 0.51
4 34 0.51
4 35 0.69
4 36 1.01
4 37 0.52
4 38 0.81
4 39 0.13
4 40 0.26
4 41 0.33
4 42 0.56
4 43 0.61
4 44 0.77
4 45 0.79
4 46 0.9
4 47 0.93
4 48 0.81
4 49 1.17
4 50 0.46
4 51 0.61
4 52 0.58
4 53 0.35
4 54 0.14
4 55 0.14
4 56 0.14
4 57 0.35
4 58 0.3
4 59 0.53
4 60 0.65
4 61 0.72
4 62 0.82
4 63 0.88
4 64 1.08
4 65 0.89
4 66 0.89
4 67 0.28
4 68 0.28
4 69 0.52
4 70 0.63
4 71 0.78
4 72 0.14
4 73 0.18
4 74 0.18
4 75 0.16
4 76 0.34
4 77 0.41
4 78 0.47
4 79 0.41
4 80 0.29
4 81 0.56
4 82 0.75
4 83 0.67
4 84 0.74
4 85 0.6
4 86 0.84
4 87 0.42
4 88 0.67
4 89 0.48
4 90 0.77
4 91 0.62
4 92 0.52
4 93 0.65
4 94 0.49
4 95 0.46
4 96 0.51
4 97 0.5
4 98 0.52
4 99 0.61
4 100 0.54
5 6 0.15
5 7 0.35
5 8 0.21
5 9 0.81
5 10 0.59
5 11 0.65
5 12 0.6
5 13 0.27
5 14 0.28
5 15 0.46
5 16 0.19
5 17 0.15
5 18 0.18
5 19 0.5
5 20 0.78
5 21 0.49
5 22 0.63
5 23 0.79
5 24 0.74
5 25 0.74
5 26 0.45
5 27 0.35
5 28 0.4
5 29 0.77
5 30 0.55
5 31 0.4
5 32 0.7
5 33 0.75
5 34 0.85
5 35 0.93
5 36 0.5
5 37 0.18
5 38 0.42
5 39 0.82
5 40 0.43
5 41 0.54
5 42 0.34
5 43 0.44
5 44 0.25
5 45 0.18
5 46 0.38
5 47 0.45
5 48 0.32
5 49 0.58
5 50 0.57
5 51 0.75
5 52 0.27
5 53 0.34
5 54 0.64
5 55 0.77
5 56 0.66
5 57 0.44
5 58 0.35
5 59 0.14
5 60 0.07
5 61 0.11
5 62 0.46
5 63 0.6
5 64 0.81
5 65 1.06
5 66 0.87
5 67 0.91
5 68 0.69
5 69 0.44
5 70 0.58
5 71 0.89
5 72 0.64
5 73 0.47
5 74 0.57
5 75 0.61
5 76 0.5
5 77 0.65
5 78 0.87
5 79 0.76
5 80 0.62
5 81 0.75
5 82 0.25
5 83 0.12
5 84 0.07
5 85 0.13
5 86 0.29
5 87 0.25
5 88 0.39
5 89 0.2
5 90 0.65
5 91 0.17
5 92 0.15
5 93 0.11
5 94 0.19
5 95 0.17
5 96 0.12
5 97 0.23
5 98 0.16
5 99 0.09
5 100 0.19
6 7 0.34
6 8 0.31
6 9 0.66
6 10 0.46
6 11 0.57
6 12 0.43
6 13 0.11
6 14 0.34
6 15 0.38
6 16 0.26
6 17 0.35
6 18 0.18
6 19 0.45
6 20 0.66
6 21 0.33
6 22 0.4
6 23 0.63
6 24 0.6
6 25 0.62
6 26 0.34
6 27 0.21
6 28 0.28
6 29 0.63
6 30 0.49
6 31 0.35
6 32 0.65
6 33 0.57
6 34 0.78
6 35 0.74
6 36 0.57
6 37 0.17
6 38 0.49
6 39 0.58
6 40 0.24
6 41 0.44
6 42 0.28
6 43 0.4
6 44 0.32
6 45 0.36
6 46 0.49
6 47 0.45
6 48 0.38
6 49 0.69
6 50 0.45
6 51 0.55
6 52 0.2
6 53 0.2
6 54 0.51
6 55 0.63
6 56 0.56
6 57 0.29
6 58 0.22
6 59 0.11
6 60 0.13
6 61 0.23
6 62 0.45
6 63 0.65
6 64 0.82
6 65 0.87
6 66 0.84
6 67 0.78
6 68 0.57
6 69 0.31
6 70 0.48
6 71 0.85
6 72 0.43
6 73 0.36
6 74 0.42
6 75 0.48
6 76 0.43
6 77 0.47
6 78 0.65
6 79 0.54
6 80 0.57
6 81 0.56
6 82 0.29
6 83 0.2
6 84 0.25
6 85 0.19
6 86 0.35
6 87 0.22
6 88 0.34
6 89 0.08
6 90 0.62
6 91 0.25
6 92 0.14
6 93 0.16
6 94 0.05
6 95 0.11
6 96 0.06
6 97 0.15
6 98 0.17
6 99 0.1
6 100 0.2
7 8 0.19
7 9 0.6
7 10 0.24
7 11 0.24
7 12 0.49
7 13 0.42
7 14 0.65
7 15 0.81
7 16 0.47
7 17 0.37
7 18 0.17
7 19 0.2
7 20 0.48
7 21 0.68
7 22 0.78
7 23 0.97
7 24 0.8
7 25 0.89
7 26 0.53
7 27 0.28
7 28 0.4
7 29 0.76
7 30 0.34
7 31 0.17
7 32 0.39
7 33 0.57
7 34 0.73
7 35 0.78
7 36 0.33
7 37 0.46
7 38 0.77
7 39 0.82
7 40 0.5
7 41 0.79
7 42 0.57
7 43 0.76
7 44 0.65
7 45 0.27
7 46 0.27
7 47 0.21
7 48 0.11
7 49 0.43
7 50 0.41
7 51 0.53
7 52 0.15
7 53 0.4
7 54 0.67
7 55 0.84
7 56 0.71
7 57 0.63
7 58 0.46
7 59 0.39
7 60 0.24
7 61 0.46
7 62 0.14
7 63 0.37
7 64 0.4
7 65 0.87
7 66 0.57
7 67 1.09
7 68 0.6
7 69 0.32
7 70 0.29
7 71 0.71
7 72 0.67
7 73 0.74
7 74 0.74
7 75 0.73
7 76 0.48
7 77 0.57
7 78 0.64
7 79 0.57
7 80 0.68
7 81 0.54
7 82 0.09
7 83 0.22
7 84 0.34
7 85 0.47
7 86 0.62
7 87 0.53
7 88 0.1
7 89 0.26
7 90 0.34
7 91 0.54
7 92 0.46
7 93 0.37
7 94 0.34
7 95 0.42
7 96 0.35
7 97 0.41
7 98 0.47
7 99 0.4
7 100 0.48
8 9 0.72
8 10 0.38
8 11 0.36
8 12 0.65
8 13 0.4
8 14 0.55
8 15 0.69
8 16 0.34
8 17 0.2
8 18 0.17
8 19 0.3
8 20 0.66
8 21 0.66
8 22 0.74
8 23 0.92
8 24 0.92
8 25 0.94
8 26 0.54
8 27 0.41
8 28 0.52
8 29 0.8
8 30 0.57
8 31 0.38
8 32 0.6
8 33 0.65
8 34 0.85
8 35 0.92
8 36 0.29
8 37 0.41
8 38 0.6
8 39 0.87
8 40 0.53
8 41 0.77
8 42 0.55
8 43 0.62
8 44 0.46
8 45 0.11
8 46 0.16
8 47 0.22
8 48 0.16
8 49 0.46
8 50 0.64
8 51 0.64
8 52 0.25
8 53 0.43
8 54 0.75
8 55 0.88
8 56 0.8
8 57 0.63
8 58 0.55
8 59 0.33
8 60 0.18
8 61 0.31
8 62 0.31
8 63 0.47
8 64 0.58
8 65 0.9
8 66 0.77
8 67 1.05
8 68 0.78
8 69 0.42
8 70 0.5
8 71 0.89
8 72 0.76
8 73 0.69
8 74 0.73
8 75 0.77
8 76 0.64
8 77 0.69
8 78 0.86
8 79 0.77
8 80 0.72
8 81 0.71
8 82 0.1
8 83 0.12
8 84 0.21
8 85 0.33
8 86 0.4
8 87 0.53
8 88 0.29
8 89 0.28
8 90 0.5
8 91 0.41
8 92 0.37
8 93 0.35
8 94 0.34
8 95 0.39
8 96 0.3
8 97 0.41
8 98 0.41
8 99 0.31
8 100 0.39
9 10 0.4
9 11 0.53
9 12 0.39
9 13 0.76
9 14 1.05
9 15 1.01
9 16 0.88
9 17 1.05
9 18 0.6
9 19 0.64
9 20 0.17
9 21 0.68
9 22 0.75
9 23 0.89
9 24 0.39
9 25 0.65
9 26 0.46
9 27 0.47
9 28 0.42
9 29 0.32
9 30 0.22
9 31 0.45
9 32 0.35
9 33 0.13
9 34 0.19
9 35 0.14
9 36 0.79
9 37 0.85
9 38 1.19
9 39 0.78
9 40 0.6
9 41 0.89
9 42 0.83
9 43 1.03
9 44 0.95
9 45 0.87
9 46 0.91
9 47 0.69
9 48 0.71
9 49 0.75
9 50 0.28
9 51 0.1
9 52 0.49
9 53 0.57
9 54 0.52
9 55 0.58
9 56 0.74
9 57 0.8
9 58 0.58
9 59 0.81
9 60 0.79
9 61 0.9
9 62 0.48
9 63 0.49
9 64 0.71
9 65 0.3
9 66 0.21
9 67 0.96
9 68 0.36
9 69 0.31
9 70 0.29
9 71 0.13
9 72 0.72
9 73 0.7
9 74 0.76
9 75 0.85
9 76 0.29
9 77 0.26
9 78 0.14
9 79 0.2
9 80 0.37
9 81 0.1
9 82 0.68
9 83 0.73
9 84 0.85
9 85 0.87
9 86 1.06
9 87 0.82
9 88 0.47
9 89 0.56
9 90 0.4
9 91 0.92
9 92 0.81
9 93 0.82
9 94 0.71
9 95 0.68
9 96 0.74
9 97 0.77
9 98 0.78
9 99 0.73
9 100 0.83
10 11 0.16
10 12 0.48
10 13 0.55
10 14 0.83
10 15 0.78
10 16 0.7
10 17 0.6
10 18 0.34
10 19 0.26
10 20 0.24
10 21 0.72
10 22 0.84
10 23 0.92
10 24 0.72
10 25 0.9
10 26 0.49
10 27 0.34
10 28 0.43
10 29 0.61
10 30 0.15
10 31 0.13
10 32 0.17
10 33 0.44
10 34 0.57
10 35 0.55
10 36 0.4
10 37 0.63
10 38 0.92
10 39 0.82
10 40 0.58
10 41 0.88
10 42 0.7
10 43 0.88
10 44 0.85
10 45 0.47
10 46 0.49
10 47 0.35
10 48 0.29
10 49 0.37
10 50 0.36
10 51 0.32
10 52 0.3
10 53 0.46
10 54 0.69
10 55 0.74
10 56 0.82
10 57 0.71
10 58 0.57
10 59 0.58
10 60 0.41
10 61 0.61
10 62 0.1
10 63 0.15
10 64 0.35
10 65 0.57
10 66 0.4
10 67 1.04
10 68 0.57
10 69 0.26
10 70 0.13
10 71 0.41
10 72 0.71
10 73 0.66
10 74 0.83
10 75 0.92
10 76 0.46
10 77 0.44
10 78 0.47
10 79 0.51
10 80 0.56
10 81 0.44
10 82 0.3
10 83 0.46
10 84 0.53
10 85 0.63
10 86 0.8
10 87 0.67
10 88 0.14
10 89 0.39
10 90 0.11
10 91 0.69
10 92 0.56
10 93 0.58
10 94 0.52
10 95 0.62
10 96 0.5
10 97 0.6
10 98 0.63
10 99 0.53
10 100 0.69
11 12 0.66
11 13 0.63
11 14 0.89
11 15 1.02
11 16 0.71
11 17 0.62
11 18 0.43
11 19 0.1
11 20 0.38
11 21 0.89
11 22 0.99
11 23 1.07
11 24 0.99
11 25 0.88
11 26 0.63
11 27 0.48
11 28 0.59
11 29 0.79
11 30 0.3
11 31 0.29
11 32 0.26
11 33 0.54
11 34 0.69
11 35 0.72
11 36 0.31
11 37 0.73
11 38 1.02
11 39 1.17
11 40 0.7
11 41 0.95
11 42 0.76
11 43 0.99
11 44 0.84
11 45 0.5
11 46 0.36
11 47 0.22
11 48 0.23
11 49 0.25
11 50 0.48
11 51 0.5
11 52 0.34
11 53 0.56
11 54 0.86
11 55 1.01
11 56 1.02
11 57 0.86
11 58 0.74
11 59 0.71
11 60 0.47
11 61 0.67
11 62 0.13
11 63 0.14
11 64 0.19
11 65 0.68
11 66 0.5
11 67 1.21
11 68 0.76
11 69 0.4
11 70 0.33
11 71 0.6
11 72 0.95
11 73 0.79
11 74 0.94
11 75 1.02
11 76 0.59
11 77 0.65
11 78 0.67
11 79 0.63
11 80 0.78
11 81 0.54
11 82 0.28
11 83 0.43
11 84 0.52
11 85 0.73
11 86 0.86
11 87 0.8
11 88 0.22
11 89 0.45
11 90 0.19
11 91 0.74
11 92 0.64
11 93 0.6
11 94 0.58
11 95 0.61
11 96 0.62
11 97 0.77
11 98 0.75
11 99 0.6
11 100 0.77
12 13 0.39
12 14 0.69
12 15 0.56
12 16 0.76
12 17 0.67
12 18 0.46
12 19 0.81
12 20 0.46
12 21 0.25
12 22 0.4
12 23 0.45
12 24 0.23
12 25 0.33
12 26 0.12
12 27 0.24
12 28 0.15
12 29 0.27
12 30 0.42
12 31 0.42
12 32 0.6
12 33 0.32
12 34 0.38
12 35 0.54
12 36 0.78
12 37 0.5
12 38 0.79
12 39 0.39
12 40 0.22
12 41 0.47
12 42 0.56
12 43 0.7
12 44 0.76
12 45 0.69
12 46 0.85
12 47 0.69
12 48 0.63
12 49 0.87
12 50 0.19
12 51 0.34
12 52 0.39
12 53 0.21
12 54 0.14
12 55 0.27
12 56 0.34
12 57 0.52
12 58 0.28
12 59 0.49
12 60 0.61
12 61 0.59
12 62 0.6
12 63 0.69
12 64 0.82
12 65 0.66
12 66 0.59
12 67 0.56
12 68 0.11
12 69 0.27
12 70 0.38
12 71 0.51
12 72 0.31
12 73 0.32
12 74 0.36
12 75 0.38
12 76 0.11
12 77 0.14
12 78 0.31
12 79 0.24
12 80 0.1
12 81 0.31
12 82 0.55
12 83 0.54
12 84 0.61
12 85 0.57
12 86 0.83
12 87 0.45
12 88 0.51
12 89 0.39
12 90 0.6
12 91 0.57
12 92 0.48
12 93 0.59
12 94 0.43
12 95 0.41
12 96 0.45
12 97 0.46
12 98 0.51
12 99 0.47
12 100 0.55
13 14 0.35
13 15 0.32
13 16 0.31
13 17 0.37
13 18 0.28
13 19 0.56
13 20 0.73
13 21 0.25
13 22 0.31
13 23 0.47
13 24 0.62
13 25 0.53
13 26 0.26
13 27 0.25
13 28 0.25
13 29 0.68
13 30 0.55
13 31 0.44
13 32 0.76
13 33 0.57
13 34 0.68
13 35 0.8
13 36 0.67
13 37 0.17
13 38 0.6
13 39 0.54
13 40 0.16
13 41 0.32
13 42 0.25
13 43 0.38
13 44 0.36
13 45 0.46
13 46 0.56
13 47 0.64
13 48 0.53
13 49 0.76
13 50 0.43
13 51 0.57
13 52 0.29
13 53 0.14
13 54 0.44
13 55 0.51
13 56 0.45
13 57 0.21
13 58 0.1
13 59 0.14
13 60 0.27
13 61 0.27
13 62 0.53
13 63 0.66
13 64 0.86
13 65 1.04
13 66 0.78
13 67 0.74
13 68 0.46
13 69 0.35
13 70 0.48
13 71 0.78
13 72 0.32
13 73 0.27
13 74 0.29
13 75 0.39
13 76 0.43
13 77 0.52
13 78 0.64
13 79 0.57
13 80 0.49
13 81 0.6
13 82 0.44
13 83 0.3
13 84 0.32
13 85 0.21
13 86 0.44
13 87 0.11
13 88 0.42
13 89 0.18
13 90 0.7
13 91 0.28
13 92 0.13
13 93 0.22
13 94 0.07
13 95 0.09
13 96 0.13
13 97 0.1
13 98 0.18
13 99 0.16
13 100 0.21
14 15 0.24
14 16 0.18
14 17 0.39
14 18 0.45
14 19 0.74
14 20 1.02
14 21 0.5
14 22 0.5
14 23 0.64
14 24 1
14 25 0.82
14 26 0.53
14 27 0.59
14 28 0.67
14 29 0.94
14 30 0.85
14 31 0.78
14 32 1.02
14 33 0.99
14 34 1.01
14 35 1.11
14 36 0.82
14 37 0.2
14 38 0.16
14 39 0.67
14 40 0.48
14 41 0.39
14 42 0.16
14 43 0.19
14 44 0.08
14 45 0.44
14 46 0.66
14 47 0.72
14 48 0.71
14 49 0.95
14 50 0.79
14 51 0.85
14 52 0.61
14 53 0.51
14 54 0.8
14 55 0.72
14 56 0.56
14 57 0.29
14 58 0.39
14 59 0.22
14 60 0.37
14 61 0.25
14 62 0.77
14 63 0.87
14 64 1.06
14 65 1.32
14 66 1.04
14 67 0.9
14 68 0.72
14 69 0.72
14 70 0.77
14 71 1.12
14 72 0.56
14 73 0.46
14 74 0.49
14 75 0.53
14 76 0.7
14 77 0.82
14 78 1.01
14 79 0.89
14 80 0.71
14 81 0.93
14 82 0.61
14 83 0.45
14 84 0.33
14 85 0.19
14 86 0.22
14 87 0.26
14 88 0.66
14 89 0.46
14 90 1.02
14 91 0.15
14 92 0.23
14 93 0.22
14 94 0.31
14 95 0.29
14 96 0.3
14 97 0.22
14 98 0.18
14 99 0.24
14 100 0.13
15 16 0.41
15 17 0.54
15 18 0.62
15 19 0.88
15 20 0.96
15 21 0.37
15 22 0.28
15 23 0.36
15 24 0.66
15 25 0.62
15 26 0.49
15 27 0.56
15 28 0.61
15 29 0.82
15 30 0.9
15 31 0.83
15 32 1.09
15 33 0.78
15 34 0.91
15 35 1.07
15 36 1.07
15 37 0.3
15 38 0.37
15 39 0.49
15 40 0.35
15 41 0.19
15 42 0.14
15 43 0.11
15 44 0.32
15 45 0.71
15 46 0.77
15 47 0.8
15 48 0.85
15 49 1.01
15 50 0.71
15 51 0.89
15 52 0.59
15 53 0.38
15 54 0.52
15 55 0.64
15 56 0.38
15 57 0.12
15 58 0.32
15 59 0.33
15 60 0.53
15 61 0.42
15 62 0.88
15 63 1.02
15 64 1.17
15 65 1.29
15 66 1.13
15 67 0.6
15 68 0.64
15 69 0.74
15 70 0.72
15 71 1.2
15 72 0.34
15 73 0.27
15 74 0.27
15 75 0.31
15 76 0.62
15 77 0.7
15 78 0.91
15 79 0.77
15 80 0.61
15 81 0.91
15 82 0.77
15 83 0.56
15 84 0.5
15 85 0.34
15 86 0.42
15 87 0.22
15 88 0.83
15 89 0.49
15 90 0.95
15 91 0.33
15 92 0.28
15 93 0.35
15 94 0.34
15 95 0.32
15 96 0.39
15 97 0.25
15 98 0.3
15 99 0.37
15 100 0.26
16 17 0.17
16 18 0.34
16 19 0.64
16 20 0.96
16 21 0.54
16 22 0.55
16 23 0.82
16 24 0.84
16 25 0.95
16 26 0.56
16 27 0.53
16 28 0.62
16 29 1
16 30 0.89
16 31 0.61
16 32 0.91
16 33 0.88
16 34 0.96
16 35 1.04
16 36 0.64
16 37 0.17
16 38 0.25
16 39 0.77
16 40 0.51
16 41 0.59
16 42 0.24
16 43 0.33
16 44 0.09
16 45 0.3
16 46 0.45
16 47 0.58
16 48 0.5
16 49 0.72
16 50 0.74
16 51 0.81
16 52 0.41
16 53 0.46
16 54 0.81
16 55 0.87
16 56 0.75
16 57 0.35
16 58 0.38
16 59 0.18
16 60 0.27
16 61 0.07
16 62 0.64
16 63 0.9
16 64 0.91
16 65 1.16
16 66 0.97
16 67 0.95
16 68 0.81
16 69 0.66
16 70 0.66
16 71 1.02
16 72 0.64
16 73 0.56
16 74 0.57
16 75 0.62
16 76 0.74
16 77 0.73
16 78 0.97
16 79 0.9
16 80 0.8
16 81 0.85
16 82 0.48
16 83 0.3
16 84 0.19
16 85 0.09
16 86 0.11
16 87 0.28
16 88 0.54
16 89 0.39
16 90 0.92
16 91 0.07
16 92 0.18
16 93 0.14
16 94 0.26
16 95 0.26
16 96 0.2
16 97 0.24
16 98 0.15
16 99 0.19
16 100 0.13
17 18 0.29
17 19 0.47
17 20 0.92
17 21 0.72
17 22 0.77
17 23 0.89
17 24 0.89
17 25 0.88
17 26 0.65
17 27 0.5
17 28 0.61
17 29 1.11
17 30 0.67
17 31 0.62
17 32 0.7
17 33 0.88
17 34 0.97
17 35 1.12
17 36 0.47
17 37 0.32
17 38 0.41
17 39 0.85
17 40 0.57
17 41 0.78
17 42 0.45
17 43 0.5
17 44 0.24
17 45 0.13
17 46 0.3
17 47 0.4
17 48 0.39
17 49 0.66
17 50 0.64
17 51 0.84
17 52 0.42
17 53 0.48
17 54 0.76
17 55 0.91
17 56 0.73
17 57 0.52
17 58 0.45
17 59 0.27
17 60 0.19
17 61 0.14
17 62 0.61
17 63 0.7
17 64 0.85
17 65 1.28
17 66 1.03
17 67 1.18
17 68 0.78
17 69 0.66
17 70 0.66
17 71 0.99
17 72 0.68
17 73 0.71
17 74 0.72
17 75 0.77
17 76 0.76
17 77 0.71
17 78 0.85
17 79 0.95
17 80 0.77
17 81 0.99
17 82 0.34
17 83 0.19
17 84 0.09
17 85 0.22
17 86 0.18
17 87 0.42
17 88 0.53
17 89 0.32
17 90 0.71
17 91 0.26
17 92 0.28
17 93 0.22
17 94 0.32
17 95 0.33
17 96 0.29
17 97 0.36
17 98 0.24
17 99 0.24
17 100 0.28
18 19 0.35
18 20 0.56
18 21 0.52
18 22 0.6
18 23 0.75
18 24 0.75
18 25 0.77
18 26 0.47
18 27 0.22
18 28 0.34
18 29 0.71
18 30 0.45
18 31 0.28
18 32 0.48
18 33 0.59
18 34 0.79
18 35 0.82
18 36 0.44
18 37 0.35
18 38 0.57
18 39 0.71
18 40 0.41
18 41 0.7
18 42 0.49
18 43 0.63
18 44 0.44
18 45 0.2
18 46 0.29
18 47 0.32
18 48 0.24
18 49 0.52
18 50 0.48
18 51 0.59
18 52 0.12
18 53 0.3
18 54 0.63
18 55 0.8
18 56 0.74
18 57 0.56
18 58 0.33
18 59 0.24
18 60 0.1
18 61 0.3
18 62 0.29
18 63 0.5
18 64 0.57
18 65 0.92
18 66 0.67
18 67 0.96
18 68 0.59
18 69 0.28
18 70 0.36
18 71 0.79
18 72 0.54
18 73 0.51
18 74 0.58
18 75 0.67
18 76 0.46
18 77 0.47
18 78 0.65
18 79 0.65
18 80 0.61
18 81 0.63
18 82 0.13
18 83 0.11
18 84 0.2
18 85 0.33
18 86 0.5
18 87 0.37
18 88 0.23
18 89 0.14
18 90 0.48
18 91 0.32
18 92 0.27
18 93 0.25
18 94 0.21
18 95 0.29
18 96 0.21
18 97 0.34
18 98 0.3
18 99 0.2
18 100 0.37
19 20 0.48
19 21 0.83
19 22 0.87
19 23 1.19
19 24 0.96
19 25 1.11
19 26 0.62
19 27 0.41
19 28 0.5
19 29 0.88
19 30 0.43
19 31 0.29
19 32 0.32
19 33 0.66
19 34 0.74
19 35 0.77
19 36 0.2
19 37 0.65
19 38 0.85
19 39 1.11
19 40 0.7
19 41 1.03
19 42 0.73
19 43 0.88
19 44 0.75
19 45 0.39
19 46 0.27
19 47 0.14
19 48 0.13
19 49 0.17
19 50 0.59
19 51 0.51
19 52 0.34
19 53 0.55
19 54 0.92
19 55 1.01
19 56 1.05
19 57 0.8
19 58 0.62
19 59 0.59
19 60 0.47
19 61 0.61
19 62 0.14
19 63 0.25
19 64 0.27
19 65 0.82
19 66 0.59
19 67 1.22
19 68 0.74
19 69 0.37
19 70 0.33
19 71 0.74
19 72 0.89
19 73 0.88
19 74 0.81
19 75 1
19 76 0.59
19 77 0.6
19 78 0.77
19 79 0.65
19 80 0.75
19 81 0.61
19 82 0.21
19 83 0.37
19 84 0.48
19 85 0.62
19 86 0.72
19 87 0.68
19 88 0.2
19 89 0.44
19 90 0.28
19 91 0.67
19 92 0.7
19 93 0.57
19 94 0.56
19 95 0.57
19 96 0.59
19 97 0.68
19 98 0.64
19 99 0.53
19 100 0.64
20 21 0.69
20 22 0.97
20 23 1.05
20 24 0.58
20 25 0.74
20 26 0.58
20 27 0.41
20 28 0.47
20 29 0.48
20 30 0.11
20 31 0.28
20 32 0.2
20 33 0.23
20 34 0.38
20 35 0.27
20 36 0.67
20 37 0.76
20 38 1.1
20 39 0.9
20 40 0.66
20 41 0.87
20 42 0.91
20 43 0.93
20 44 1.02
20 45 0.74
20 46 0.74
20 47 0.56
20 48 0.5
20 49 0.62
20 50 0.31
20 51 0.12
20 52 0.43
20 53 0.54
20 54 0.6
20 55 0.68
20 56 0.88
20 57 0.83
20 58 0.58
20 59 0.83
20 60 0.7
20 61 0.82
20 62 0.33
20 63 0.31
20 64 0.51
20 65 0.37
20 66 0.15
20 67 0.96
20 68 0.46
20 69 0.31
20 70 0.2
20 71 0.2
20 72 0.81
20 73 0.77
20 74 0.92
20 75 0.89
20 76 0.35
20 77 0.36
20 78 0.34
20 79 0.33
20 80 0.48
20 81 0.22
20 82 0.58
20 83 0.67
20 84 0.75
20 85 0.77
20 86 0.86
20 87 0.74
20 88 0.33
20 89 0.61
20 90 0.22
20 91 0.78
20 92 0.84
20 93 0.73
20 94 0.75
20 95 0.65
20 96 0.71
20 97 0.82
20 98 0.78
20 99 0.74
20 100 0.94
21 22 0.17
21 23 0.31
21 24 0.43
21 25 0.33
21 26 0.16
21 27 0.34
21 28 0.28
21 29 0.45
21 30 0.6
21 31 0.54
21 32 0.82
21 33 0.52
21 34 0.65
21 35 0.75
21 36 0.93
21 37 0.43
21 38 0.69
21 39 0.24
21 40 0.11
21 41 0.21
21 42 0.33
21 43 0.46
21 44 0.51
21 45 0.7
21 46 0.76
21 47 0.77
21 48 0.82
21 49 0.96
21 50 0.43
21 51 0.61
21 52 0.43
21 53 0.22
21 54 0.25
21 55 0.28
21 56 0.2
21 57 0.26
21 58 0.16
21 59 0.36
21 60 0.47
21 61 0.5
21 62 0.65
21 63 0.87
21 64 1.01
21 65 0.97
21 66 0.85
21 67 0.44
21 68 0.38
21 69 0.45
21 70 0.56
21 71 0.83
21 72 0.08
21 73 0.05
21 74 0.1
21 75 0.16
21 76 0.39
21 77 0.38
21 78 0.57
21 79 0.5
21 80 0.31
21 81 0.51
21 82 0.61
21 83 0.6
21 84 0.55
21 85 0.42
21 86 0.72
21 87 0.25
21 88 0.64
21 89 0.36
21 90 0.8
21 91 0.46
21 92 0.38
21 93 0.45
21 94 0.34
21 95 0.3
21 96 0.39
21 97 0.34
21 98 0.41
21 99 0.4
21 100 0.4
22 23 0.19
22 24 0.53
22 25 0.39
22 26 0.35
22 27 0.47
22 28 0.46
22 29 0.68
22 30 0.89
22 31 0.7
22 32 1.04
22 33 0.63
22 34 0.82
22 35 0.89
22 36 0.92
22 37 0.42
22 38 0.61
22 39 0.24
22 40 0.27
22 41 0.07
22 42 0.34
22 43 0.33
22 44 0.5
22 45 0.71
22 46 0.93
22 47 0.99
22 48 0.88
22 49 1.22
22 50 0.61
22 51 0.76
22 52 0.59
22 53 0.36
22 54 0.39
22 55 0.38
22 56 0.13
22 57 0.21
22 58 0.31
22 59 0.48
22 60 0.61
22 61 0.6
22 62 0.81
22 63 0.91
22 64 1.18
22 65 1.25
22 66 1
22 67 0.37
22 68 0.48
22 69 0.59
22 70 0.75
22 71 0.9
22 72 0.1
22 73 0.1
22 74 0.05
22 75 0.06
22 76 0.5
22 77 0.55
22 78 0.81
22 79 0.64
22 80 0.45
22 81 0.71
22 82 0.87
22 83 0.73
22 84 0.61
22 85 0.49
22 86 0.67
22 87 0.29
22 88 0.71
22 89 0.53
22 90 1.02
22 91 0.53
22 92 0.43
22 93 0.5
22 94 0.38
22 95 0.39
22 96 0.43
22 97 0.4
22 98 0.43
22 99 0.52
22 100 0.48
23 24 0.53
23 25 0.27
23 26 0.45
23 27 0.7
23 28 0.54
23 29 0.58
23 30 0.84
23 31 0.86
23 32 1.05
23 33 0.7
23 34 0.84
23 35 1.02
23 36 1.09
23 37 0.54
23 38 0.73
23 39 0.13
23 40 0.36
23 41 0.22
23 42 0.46
23 43 0.46
23 44 0.67
23 45 1.01
23 46 1.15
23 47 1.08
23 48 0.89
23 49 1.24
23 50 0.64
23 51 0.85
23 52 0.75
23 53 0.46
23 54 0.39
23 55 0.29
23 56 0.11
23 57 0.4
23 58 0.47
23 59 0.7
23 60 0.8
23 61 0.74
23 62 1.01
23 63 1.1
23 64 1.49
23 65 1.18
23 66 1.1
23 67 0.2
23 68 0.55
23 69 0.67
23 70 0.83
23 71 0.94
23 72 0.22
23 73 0.25
23 74 0.2
23 75 0.13
23 76 0.68
23 77 0.54
23 78 0.77
23 79 0.63
23 80 0.46
23 81 0.86
23 82 0.93
23 83 0.86
23 84 0.91
23 85 0.74
23 86 0.75
23 87 0.48
23 88 0.83
23 89 0.7
23 90 1.1
23 91 0.71
23 92 0.61
23 93 0.61
23 94 0.54
23 95 0.62
23 96 0.67
23 97 0.51
23 98 0.57
23 99 0.68
23 100 0.62
24 25 0.23
24 26 0.34
24 27 0.47
24 28 0.38
24 29 0.11
24 30 0.55
24 31 0.6
24 32 0.72
24 33 0.32
24 34 0.32
24 35 0.46
24 36 1.13
24 37 0.74
24 38 1.03
24 39 0.34
24 40 0.47
24 41 0.59
24 42 0.69
24 43 0.95
24 44 0.93
24 45 1.02
24 46 0.92
24 47 0.88
24 48 0.86
24 49 1.03
24 50 0.35
24 51 0.45
24 52 0.58
24 53 0.48
24 54 0.16
24 55 0.18
24 56 0.39
24 57 0.59
24 58 0.5
24 59 0.7
24 60 0.81
24 61 0.99
24 62 0.74
24 63 0.82
24 64 1.04
24 65 0.7
24 66 0.63
24 67 0.43
24 68 0.16
24 69 0.43
24 70 0.56
24 71 0.52
24 72 0.37
24 73 0.4
24 74 0.47
24 75 0.43
24 76 0.26
24 77 0.24
24 78 0.25
24 79 0.23
24 80 0.14
24 81 0.32
24 82 0.76
24 83 0.8
24 84 0.91
24 85 0.81
24 86 1.07
24 87 0.62
24 88 0.68
24 89 0.65
24 90 0.74
24 91 0.95
24 92 0.75
24 93 0.81
24 94 0.63
24 95 0.66
24 96 0.7
24 97 0.62
24 98 0.76
24 99 0.73
24 100 0.81
25 26 0.35
25 27 0.59
25 28 0.49
25 29 0.36
25 30 0.71
25 31 0.75
25 32 0.89
25 33 0.48
25 34 0.6
25 35 0.64
25 36 1.08
25 37 0.67
25 38 1.04
25 39 0.14
25 40 0.39
25 41 0.39
25 42 0.61
25 43 0.68
25 44 0.91
25 45 1.06
25 46 1.04
25 47 1.05
25 48 0.89
25 49 1.28
25 50 0.51
25 51 0.63
25 52 0.76
25 53 0.49
25 54 0.18
25 55 0.06
25 56 0.23
25 57 0.52
25 58 0.52
25 59 0.73
25 60 0.83
25 61 0.78
25 62 0.84
25 63 0.99
25 64 1.3
25 65 0.91
25 66 0.82
25 67 0.25
25 68 0.33
25 69 0.63
25 70 0.82
25 71 0.78
25 72 0.32
25 73 0.35
25 74 0.35
25 75 0.27
25 76 0.43
25 77 0.39
25 78 0.48
25 79 0.48
25 80 0.3
25 81 0.56
25 82 0.91
25 83 0.84
25 84 0.93
25 85 0.76
25 86 0.96
25 87 0.58
25 88 0.81
25 89 0.69
25 90 0.99
25 91 0.78
25 92 0.7
25 93 0.76
25 94 0.62
25 95 0.68
25 96 0.71
25 97 0.66
25 98 0.73
25 99 0.68
25 100 0.8
26 27 0.23
26 28 0.14
26 29 0.38
26 30 0.44
26 31 0.45
26 32 0.7
26 33 0.42
26 34 0.51
26 35 0.6
26 36 0.77
26 37 0.47
26 38 0.83
26 39 0.35
26 40 0.11
26 41 0.36
26 42 0.41
26 43 0.57
26 44 0.54
26 45 0.65
26 46 0.76
26 47 0.76
26 48 0.63
26 49 0.88
26 50 0.29
26 51 0.41
26 52 0.33
26 53 0.12
26 54 0.18
26 55 0.31
26 56 0.3
26 57 0.37
26 58 0.16
26 59 0.37
26 60 0.44
26 61 0.52
26 62 0.53
26 63 0.64
26 64 0.89
26 65 0.74
26 66 0.63
26 67 0.54
26 68 0.21
26 69 0.32
26 70 0.41
26 71 0.6
26 72 0.21
26 73 0.19
26 74 0.25
26 75 0.31
26 76 0.23
26 77 0.26
26 78 0.43
26 79 0.34
26 80 0.22
26 81 0.44
26 82 0.54
26 83 0.54
26 84 0.58
26 85 0.53
26 86 0.67
26 87 0.34
26 88 0.49
26 89 0.33
26 90 0.65
26 91 0.52
26 92 0.41
26 93 0.42
26 94 0.31
26 95 0.33
26 96 0.41
26 97 0.36
26 98 0.49
26 99 0.42
26 100 0.49
27 28 0.11
27 29 0.48
27 30 0.3
27 31 0.2
27 32 0.43
27 33 0.31
27 34 0.57
27 35 0.59
27 36 0.61
27 37 0.37
27 38 0.67
27 39 0.61
27 40 0.28
27 41 0.57
27 42 0.44
27 43 0.59
27 44 0.64
27 45 0.45
27 46 0.5
27 47 0.49
27 48 0.44
27 49 0.61
27 50 0.21
27 51 0.35
27 52 0.12
27 53 0.15
27 54 0.37
27 55 0.51
27 56 0.5
27 57 0.43
27 58 0.21
27 59 0.31
27 60 0.3
27 61 0.48
27 62 0.34
27 63 0.55
27 64 0.72
27 65 0.7
27 66 0.52
27 67 0.75
27 68 0.33
27 69 0.11
27 70 0.24
27 71 0.55
27 72 0.39
27 73 0.36
27 74 0.51
27 75 0.51
27 76 0.24
27 77 0.34
27 78 0.51
27 79 0.4
27 80 0.37
27 81 0.41
27 82 0.35
27 83 0.33
27 84 0.4
27 85 0.42
27 86 0.58
27 87 0.4
27 88 0.24
27 89 0.15
27 90 0.45
27 91 0.45
27 92 0.33
27 93 0.34
27 94 0.26
27 95 0.3
27 96 0.32
27 97 0.34
27 98 0.4
27 99 0.34
27 100 0.42
28 29 0.35
28 30 0.34
28 31 0.28
28 32 0.56
28 33 0.32
28 34 0.49
28 35 0.53
28 36 0.76
28 37 0.41
28 38 0.82
28 39 0.48
28 40 0.2
28 41 0.5
28 42 0.53
28 43 0.6
28 44 0.6
28 45 0.54
28 46 0.69
28 47 0.6
28 48 0.52
28 49 0.66
28 50 0.2
28 51 0.33
28 52 0.24
28 53 0.12
28 54 0.3
28 55 0.37
28 56 0.45
28 57 0.41
28 58 0.19
28 59 0.34
28 60 0.42
28 61 0.5
28 62 0.39
28 63 0.5
28 64 0.82
28 65 0.67
28 66 0.59
28 67 0.65
28 68 0.25
28 69 0.17
28 70 0.3
28 71 0.58
28 72 0.35
28 73 0.35
28 74 0.39
28 75 0.45
28 76 0.16
28 77 0.2
28 78 0.39
28 79 0.29
28 80 0.25
28 81 0.33
28 82 0.47
28 83 0.45
28 84 0.48
28 85 0.47
28 86 0.71
28 87 0.41
28 88 0.3
28 89 0.22
28 90 0.52
28 91 0.49
28 92 0.35
28 93 0.42
28 94 0.26
28 95 0.37
28 96 0.33
28 97 0.37
28 98 0.41
28 99 0.39
28 100 0.45
29 30 0.56
29 31 0.55
29 32 0.58
29 33 0.24
29 34 0.21
29 35 0.4
29 36 1.11
29 37 0.86
29 38 1.02
29 39 0.49
29 40 0.48
29 41 0.69
29 42 0.74
29 43 0.95
29 44 0.94
29 45 0.92
29 46 0.92
29 47 0.91
29 48 0.9
29 49 0.94
29 50 0.27
29 51 0.34
29 52 0.56
29 53 0.49
29 54 0.22
29 55 0.27
29 56 0.51
29 57 0.73
29 58 0.54
29 59 0.75
29 60 0.8
29 61 0.88
29 62 0.63
29 63 0.73
29 64 0.9
29 65 0.57
29 66 0.55
29 67 0.56
29 68 0.14
29 69 0.45
29 70 0.46
29 71 0.39
29 72 0.49
29 73 0.47
29 74 0.54
29 75 0.52
29 76 0.22
29 77 0.18
29 78 0.17
29 79 0.15
29 80 0.15
29 81 0.26
29 82 0.73
29 83 0.79
29 84 0.82
29 85 0.77
29 86 1
29 87 0.76
29 88 0.59
29 89 0.55
29 90 0.75
29 91 0.86
29 92 0.77
29 93 0.8
29 94 0.6
29 95 0.73
29 96 0.67
29 97 0.79
29 98 0.87
29 99 0.75
29 100 0.88
30 31 0.2
30 32 0.15
30 33 0.23
30 34 0.39
30 35 0.39
30 36 0.58
30 37 0.7
30 38 1.14
30 39 0.81
30 40 0.54
30 41 0.77
30 42 0.73
30 43 0.96
30 44 0.85
30 45 0.63
30 46 0.64
30 47 0.53
30 48 0.47
30 49 0.61
30 50 0.22
30 51 0.17
30 52 0.35
30 53 0.49
30 54 0.51
30 55 0.67
30 56 0.81
30 57 0.79
30 58 0.5
30 59 0.66
30 60 0.53
30 61 0.69
30 62 0.27
30 63 0.26
30 64 0.53
30 65 0.42
30 66 0.26
30 67 0.96
30 68 0.4
30 69 0.23
30 70 0.09
30 71 0.29
30 72 0.7
30 73 0.61
30 74 0.79
30 75 0.72
30 76 0.3
30 77 0.33
30 78 0.33
30 79 0.32
30 80 0.45
30 81 0.24
30 82 0.41
30 83 0.56
30 84 0.68
30 85 0.71
30 86 0.82
30 87 0.72
30 88 0.24
30 89 0.46
30 90 0.19
30 91 0.76
30 92 0.65
30 93 0.63
30 94 0.59
30 95 0.64
30 96 0.54
30 97 0.67
30 98 0.75
30 99 0.59
30 100 0.74
31 32 0.27
31 33 0.31
31 34 0.51
31 35 0.56
31 36 0.47
31 37 0.55
31 38 0.9
31 39 0.89
31 40 0.42
31 41 0.71
31 42 0.63
31 43 0.84
31 44 0.69
31 45 0.42
31 46 0.45
31 47 0.37
31 48 0.29
31 49 0.45
31 50 0.27
31 51 0.28
31 52 0.15
31 53 0.35
31 54 0.62
31 55 0.77
31 56 0.71
31 57 0.64
31 58 0.4
31 59 0.48
31 60 0.41
31 61 0.56
31 62 0.14
31 63 0.26
31 64 0.49
31 65 0.66
31 66 0.41
31 67 0.92
31 68 0.41
31 69 0.13
31 70 0.12
31 71 0.47
31 72 0.6
31 73 0.59
31 74 0.73
31 75 0.7
31 76 0.32
31 77 0.41
31 78 0.48
31 79 0.4
31 80 0.43
31 81 0.39
31 82 0.26
31 83 0.35
31 84 0.44
31 85 0.51
31 86 0.75
31 87 0.55
31 88 0.07
31 89 0.3
31 90 0.23
31 91 0.54
31 92 0.45
31 93 0.49
31 94 0.39
31 95 0.49
31 96 0.48
31 97 0.5
31 98 0.57
31 99 0.45
31 100 0.59
32 33 0.39
32 34 0.5
32 35 0.49
32 36 0.6
32 37 0.74
32 38 1.06
32 39 1.05
32 40 0.64
32 41 1.01
32 42 0.86
32 43 1.11
32 44 0.86
32 45 0.68
32 46 0.58
32 47 0.47
32 48 0.45
32 49 0.49
32 50 0.38
32 51 0.26
32 52 0.39
32 53 0.57
32 54 0.67
32 55 0.77
32 56 0.86
32 57 0.92
32 58 0.68
32 59 0.73
32 60 0.63
32 61 0.79
32 62 0.23
32 63 0.13
32 64 0.35
32 65 0.46
32 66 0.21
32 67 1.16
32 68 0.54
32 69 0.35
32 70 0.23
32 71 0.36
32 72 0.85
32 73 0.78
32 74 0.91
32 75 0.89
32 76 0.45
32 77 0.51
32 78 0.52
32 79 0.45
32 80 0.64
32 81 0.38
32 82 0.45
32 83 0.61
32 84 0.73
32 85 0.84
32 86 1
32 87 0.87
32 88 0.33
32 89 0.59
32 90 0.07
32 91 0.85
32 92 0.72
32 93 0.79
32 94 0.66
32 95 0.73
32 96 0.67
32 97 0.73
32 98 0.76
32 99 0.7
32 100 0.88
33 34 0.19
33 35 0.28
33 36 0.9
33 37 0.71
33 38 1
33 39 0.61
33 40 0.46
33 41 0.72
33 42 0.72
33 43 0.95
33 44 0.85
33 45 0.88
33 46 0.75
33 47 0.66
33 48 0.7
33 49 0.84
33 50 0.12
33 51 0.11
33 52 0.46
33 53 0.46
33 54 0.37
33 55 0.53
33 56 0.66
33 57 0.74
33 58 0.51
33 59 0.73
33 60 0.72
33 61 0.74
33 62 0.45
33 63 0.54
33 64 0.74
33 65 0.45
33 66 0.37
33 67 0.83
33 68 0.22
33 69 0.3
33 70 0.25
33 71 0.25
33 72 0.6
33 73 0.55
33 74 0.59
33 75 0.6
33 76 0.17
33 77 0.14
33 78 0.14
33 79 0.1
33 80 0.27
33 81 0.05
33 82 0.61
33 83 0.65
33 84 0.72
33 85 0.74
33 86 0.99
33 87 0.73
33 88 0.45
33 89 0.53
33 90 0.4
33 91 0.77
33 92 0.62
33 93 0.73
33 94 0.62
33 95 0.57
33 96 0.69
33 97 0.62
33 98 0.72
33 99 0.63
33 100 0.74
34 35 0.16
34 36 0.99
34 37 0.88
34 38 1.42
34 39 0.68
34 40 0.64
34 41 0.86
34 42 0.92
34 43 1
34 44 1.06
34 45 0.92
34 46 0.96
34 47 0.81
34 48 0.86
34 49 0.94
34 50 0.3
34 51 0.24
34 52 0.6
34 53 0.58
34 54 0.43
34 55 0.5
34 56 0.66
34 57 0.85
34 58 0.6
34 59 0.9
34 60 0.89
34 61 1.06
34 62 0.6
34 63 0.59
34 64 0.89
34 65 0.37
34 66 0.39
34 67 0.79
34 68 0.28
34 69 0.43
34 70 0.41
34 71 0.26
34 72 0.66
34 73 0.68
34 74 0.71
34 75 0.72
34 76 0.33
34 77 0.29
34 78 0.07
34 79 0.15
34 80 0.35
34 81 0.15
34 82 0.81
34 83 0.95
34 84 0.84
34 85 0.89
34 86 1.07
34 87 0.98
34 88 0.61
34 89 0.77
34 90 0.65
34 91 1.06
34 92 0.92
34 93 0.91
34 94 0.74
34 95 0.78
34 96 0.8
34 97 0.76
34 98 0.85
34 99 0.8
34 100 1
35 36 0.92
35 37 0.91
35 38 1.28
35 39 0.78
35 40 0.74
35 41 0.92
35 42 0.95
35 43 1.17
35 44 1.21
35 45 0.94
35 46 1
35 47 0.82
35 48 0.8
35 49 0.96
35 50 0.39
35 51 0.25
35 52 0.65
35 53 0.68
35 54 0.57
35 55 0.61
35 56 0.77
35 57 0.92
35 58 0.82
35 59 0.98
35 60 0.94
35 61 0.99
35 62 0.65
35 63 0.52
35 64 0.75
35 65 0.19
35 66 0.26
35 67 0.91
35 68 0.42
35 69 0.56
35 70 0.49
35 71 0.12
35 72 0.87
35 73 0.86
35 74 0.87
35 75 0.9
35 76 0.41
35 77 0.38
35 78 0.2
35 79 0.28
35 80 0.46
35 81 0.21
35 82 0.81
35 83 0.92
35 84 0.99
35 85 0.91
35 86 1.18
35 87 0.87
35 88 0.72
35 89 0.76
35 90 0.49
35 91 1.17
35 92 0.84
35 93 0.91
35 94 0.78
35 95 0.81
35 96 0.94
35 97 0.85
35 98 1.11
35 99 0.9
35 100 0.94
36 37 0.73
36 38 0.93
36 39 1.3
36 40 0.9
36 41 1.06
36 42 0.77
36 43 0.9
36 44 0.74
36 45 0.39
36 46 0.2
36 47 0.12
36 48 0.24
36 49 0.15
36 50 0.8
36 51 0.78
36 52 0.5
36 53 0.78
36 54 1
36 55 1.13
36 56 0.98
36 57 1.01
36 58 0.73
36 59 0.67
36 60 0.44
36 61 0.63
36 62 0.31
36 63 0.43
36 64 0.32
36 65 0.99
36 66 0.73
36 67 1.43
36 68 0.92
36 69 0.54
36 70 0.6
36 71 0.81
36 72 1
36 73 0.9
36 74 1.18
36 75 1.22
36 76 0.84
36 77 0.78
36 78 1.04
36 79 0.93
36 80 0.97
36 81 0.93
36 82 0.31
36 83 0.36
36 84 0.48
36 85 0.61
36 86 0.66
36 87 0.81
36 88 0.43
36 89 0.52
36 90 0.46
36 91 0.67
36 92 0.74
36 93 0.64
36 94 0.72
36 95 0.73
36 96 0.61
36 97 0.74
36 98 0.7
36 99 0.61
36 100 0.72
37 38 0.34
37 39 0.65
37 40 0.31
37 41 0.42
37 42 0.15
37 43 0.29
37 44 0.16
37 45 0.41
37 46 0.51
37 47 0.65
37 48 0.52
37 49 0.85
37 50 0.59
37 51 0.75
37 52 0.38
37 53 0.3
37 54 0.56
37 55 0.67
37 56 0.55
37 57 0.24
37 58 0.28
37 59 0.06
37 60 0.25
37 61 0.14
37 62 0.67
37 63 0.84
37 64 0.95
37 65 1.13
37 66 1.02
37 67 0.82
37 68 0.58
37 69 0.48
37 70 0.69
37 71 0.97
37 72 0.42
37 73 0.36
37 74 0.4
37 75 0.47
37 76 0.52
37 77 0.65
37 78 0.86
37 79 0.69
37 80 0.6
37 81 0.82
37 82 0.47
37 83 0.27
37 84 0.2
37 85 0.07
37 86 0.27
37 87 0.13
37 88 0.52
37 89 0.26
37 90 0.8
37 91 0.08
37 92 0.05
37 93 0.07
37 94 0.15
37 95 0.1
37 96 0.13
37 97 0.08
37 98 0.02
37 99 0.09
37 100 0.04
38 39 0.94
38 40 0.58
38 41 0.55
38 42 0.31
38 43 0.27
38 44 0.17
38 45 0.5
38 46 0.74
38 47 0.8
38 48 0.76
38 49 0.97
38 50 1.04
38 51 1.14
38 52 0.67
38 53 0.6
38 54 0.89
38 55 0.86
38 56 0.75
38 57 0.41
38 58 0.6
38 59 0.42
38 60 0.51
38 61 0.33
38 62 0.94
38 63 1.08
38 64 1.18
38 65 1.39
38 66 1.19
38 67 1.04
38 68 0.9
38 69 0.91
38 70 1.1
38 71 1.24
38 72 0.65
38 73 0.6
38 74 0.67
38 75 0.66
38 76 0.9
38 77 0.97
38 78 1.29
38 79 1.14
38 80 0.9
38 81 0.99
38 82 0.77
38 83 0.49
38 84 0.41
38 85 0.32
38 86 0.2
38 87 0.4
38 88 0.77
38 89 0.58
38 90 1.01
38 91 0.26
38 92 0.39
38 93 0.37
38 94 0.51
38 95 0.47
38 96 0.41
38 97 0.37
38 98 0.34
38 99 0.42
38 100 0.26
39 40 0.35
39 41 0.33
39 42 0.58
39 43 0.57
39 44 0.86
39 45 0.98
39 46 1
39 47 1.1
39 48 0.95
39 49 1.2
39 50 0.62
39 51 0.72
39 52 0.77
39 53 0.46
39 54 0.29
39 55 0.18
39 56 0.11
39 57 0.5
39 58 0.43
39 59 0.61
39 60 0.8
39 61 0.79
39 62 0.83
39 63 1.14
39 64 1.28
39 65 0.97
39 66 1.03
39 67 0.15
39 68 0.41
39 69 0.63
39 70 0.81
39 71 0.84
39 72 0.2
39 73 0.27
39 74 0.22
39 75 0.18
39 76 0.5
39 77 0.48
39 78 0.58
39 79 0.52
39 80 0.43
39 81 0.71
39 82 0.88
39 83 0.83
39 84 0.85
39 85 0.78
39 86 0.9
39 87 0.5
39 88 0.81
39 89 0.63
39 90 1.07
39 91 0.78
39 92 0.66
39 93 0.76
39 94 0.54
39 95 0.56
39 96 0.71
39 97 0.56
39 98 0.67
39 99 0.65
39 100 0.65
40 41 0.3
40 42 0.3
40 43 0.47
40 44 0.51
40 45 0.59
40 46 0.73
40 47 0.72
40 48 0.59
40 49 0.91
40 50 0.39
40 51 0.6
40 52 0.35
40 53 0.11
40 54 0.29
40 55 0.37
40 56 0.3
40 57 0.25
40 58 0.06
40 59 0.3
40 60 0.36
40 61 0.44
40 62 0.62
40 63 0.74
40 64 0.91
40 65 0.82
40 66 0.72
40 67 0.56
40 68 0.38
40 69 0.4
40 70 0.53
40 71 0.8
40 72 0.2
40 73 0.13
40 74 0.21
40 75 0.26
40 76 0.31
40 77 0.35
40 78 0.54
40 79 0.46
40 80 0.29
40 81 0.53
40 82 0.49
40 83 0.51
40 84 0.46
40 85 0.38
40 86 0.57
40 87 0.21
40 88 0.51
40 89 0.28
40 90 0.71
40 91 0.45
40 92 0.26
40 93 0.36
40 94 0.21
40 95 0.27
40 96 0.28
40 97 0.22
40 98 0.34
40 99 0.31
40 100 0.33
41 42 0.33
41 43 0.32
41 44 0.5
41 45 0.72
41 46 0.96
41 47 1.04
41 48 0.85
41 49 1.05
41 50 0.64
41 51 0.82
41 52 0.68
41 53 0.38
41 54 0.44
41 55 0.42
41 56 0.2
41 57 0.19
41 58 0.33
41 59 0.47
41 60 0.55
41 61 0.58
41 62 0.93
41 63 0.97
41 64 1.29
41 65 1.07
41 66 1.02
41 67 0.36
41 68 0.57
41 69 0.61
41 70 0.83
41 71 0.97
41 72 0.17
41 73 0.16
41 74 0.12
41 75 0.14
41 76 0.55
41 77 0.59
41 78 0.73
41 79 0.68
41 80 0.58
41 81 0.85
41 82 0.69
41 83 0.61
41 84 0.67
41 85 0.49
41 86 0.63
41 87 0.31
41 88 0.79
41 89 0.51
41 90 1
41 91 0.45
41 92 0.4
41 93 0.51
41 94 0.37
41 95 0.38
41 96 0.42
41 97 0.34
41 98 0.44
41 99 0.43
41 100 0.45
42 43 0.14
42 44 0.19
42 45 0.47
42 46 0.67
42 47 0.83
42 48 0.7
42 49 0.83
42 50 0.75
42 51 0.8
42 52 0.54
42 53 0.36
42 54 0.62
42 55 0.64
42 56 0.42
42 57 0.13
42 58 0.28
42 59 0.2
42 60 0.34
42 61 0.29
42 62 0.81
42 63 0.81
42 64 1.05
42 65 1.22
42 66 1.06
42 67 0.77
42 68 0.62
42 69 0.62
42 70 0.69
42 71 1.09
42 72 0.41
42 73 0.35
42 74 0.35
42 75 0.39
42 76 0.67
42 77 0.67
42 78 0.82
42 79 0.75
42 80 0.66
42 81 0.89
42 82 0.56
42 83 0.45
42 84 0.36
42 85 0.2
42 86 0.31
42 87 0.12
42 88 0.67
42 89 0.33
42 90 0.91
42 91 0.19
42 92 0.17
42 93 0.22
42 94 0.25
42 95 0.18
42 96 0.24
42 97 0.14
42 98 0.18
42 99 0.24
42 100 0.15
43 44 0.26
43 45 0.57
43 46 0.89
43 47 0.84
43 48 0.71
43 49 1.04
43 50 0.85
43 51 1.01
43 52 0.62
43 53 0.52
43 54 0.68
43 55 0.72
43 56 0.56
43 57 0.23
43 58 0.42
43 59 0.32
43 60 0.45
43 61 0.37
43 62 0.79
43 63 1.11
43 64 1.06
43 65 1.31
43 66 1.23
43 67 0.73
43 68 0.72
43 69 0.74
43 70 0.93
43 71 1.25
43 72 0.42
43 73 0.38
43 74 0.42
43 75 0.4
43 76 0.69
43 77 0.85
43 78 0.97
43 79 0.8
43 80 0.74
43 81 0.93
43 82 0.72
43 83 0.56
43 84 0.49
43 85 0.33
43 86 0.36
43 87 0.26
43 88 0.82
43 89 0.52
43 90 1.07
43 91 0.27
43 92 0.28
43 93 0.36
43 94 0.42
43 95 0.34
43 96 0.41
43 97 0.28
43 98 0.32
43 99 0.35
43 100 0.23
44 45 0.38
44 46 0.51
44 47 0.67
44 48 0.53
44 49 0.81
44 50 0.75
44 51 0.92
44 52 0.61
44 53 0.44
44 54 0.82
44 55 0.8
44 56 0.62
44 57 0.35
44 58 0.46
44 59 0.24
44 60 0.34
44 61 0.15
44 62 0.7
44 63 0.82
44 64 0.91
44 65 1.31
44 66 1.26
44 67 0.79
44 68 0.75
44 69 0.66
44 70 0.87
44 71 1.18
44 72 0.58
44 73 0.52
44 74 0.52
44 75 0.57
44 76 0.73
44 77 0.76
44 78 1.06
44 79 0.82
44 80 0.85
44 81 0.91
44 82 0.48
44 83 0.37
44 84 0.25
44 85 0.16
44 86 0.13
44 87 0.29
44 88 0.68
44 89 0.39
44 90 0.89
44 91 0.1
44 92 0.23
44 93 0.2
44 94 0.32
44 95 0.27
44 96 0.25
44 97 0.22
44 98 0.18
44 99 0.22
44 100 0.12
45 46 0.18
45 47 0.3
45 48 0.26
45 49 0.5
45 50 0.68
45 51 0.82
45 52 0.36
45 53 0.57
45 54 0.89
45 55 0.9
45 56 0.93
45 57 0.54
45 58 0.53
45 59 0.34
45 60 0.17
45 61 0.23
45 62 0.46
45 63 0.61
45 64 0.59
45 65 1.01
45 66 0.82
45 67 1.18
45 68 0.81
45 69 0.5
45 70 0.56
45 71 0.97
45 72 0.81
45 73 0.71
45 74 0.73
45 75 0.76
45 76 0.7
45 77 0.69
45 78 0.97
45 79 0.92
45 80 0.8
45 81 0.77
45 82 0.21
45 83 0.13
45 84 0.14
45 85 0.29
45 86 0.34
45 87 0.44
45 88 0.38
45 89 0.3
45 90 0.62
45 91 0.36
45 92 0.39
45 93 0.32
45 94 0.37
45 95 0.42
45 96 0.29
45 97 0.38
45 98 0.36
45 99 0.27
45 100 0.35
46 47 0.15
46 48 0.17
46 49 0.3
46 50 0.75
46 51 0.74
46 52 0.38
46 53 0.7
46 54 0.9
46 55 0.96
46 56 0.93
46 57 0.69
46 58 0.59
46 59 0.49
46 60 0.29
46 61 0.39
46 62 0.38
46 63 0.55
46 64 0.52
46 65 0.98
46 66 0.9
46 67 1.24
46 68 0.83
46 69 0.6
46 70 0.58
46 71 0.85
46 72 0.87
46 73 0.88
46 74 0.9
46 75 0.9
46 76 0.72
46 77 0.76
46 78 1.04
46 79 0.8
46 80 0.83
46 81 0.89
46 82 0.22
46 83 0.25
46 84 0.29
46 85 0.5
46 86 0.49
46 87 0.61
46 88 0.37
46 89 0.41
46 90 0.51
46 91 0.56
46 92 0.55
46 93 0.5
46 94 0.46
46 95 0.55
46 96 0.43
46 97 0.58
46 98 0.48
46 99 0.46
46 100 0.58
47 48 0.1
47 49 0.18
47 50 0.63
47 51 0.61
47 52 0.33
47 53 0.63
47 54 0.91
47 55 1.07
47 56 1.02
47 57 0.86
47 58 0.68
47 59 0.59
47 60 0.38
47 61 0.48
47 62 0.25
47 63 0.36
47 64 0.36
47 65 0.86
47 66 0.7
47 67 1.29
47 68 0.76
47 69 0.53
47 70 0.5
47 71 0.87
47 72 0.96
47 73 0.88
47 74 0.86
47 75 0.96
47 76 0.63
47 77 0.7
47 78 0.84
47 79 0.76
47 80 0.75
47 81 0.77
47 82 0.17
47 83 0.31
47 84 0.38
47 85 0.57
47 86 0.7
47 87 0.69
47 88 0.27
47 89 0.48
47 90 0.43
47 91 0.54
47 92 0.6
47 93 0.5
47 94 0.56
47 95 0.57
47 96 0.58
47 97 0.57
47 98 0.52
47 99 0.57
47 100 0.69
48 49 0.27
48 50 0.5
48 51 0.56
48 52 0.24
48 53 0.49
48 54 0.72
48 55 0.9
48 56 0.86
48 57 0.75
48 58 0.57
48 59 0.48
48 60 0.29
48 61 0.46
48 62 0.2
48 63 0.36
48 64 0.42
48 65 0.83
48 66 0.61
48 67 1.21
48 68 0.7
48 69 0.39
48 70 0.36
48 71 0.68
48 72 0.74
48 73 0.8
48 74 0.87
48 75 0.88
48 76 0.62
48 77 0.63
48 78 0.85
48 79 0.66
48 80 0.64
48 81 0.68
48 82 0.08
48 83 0.26
48 84 0.34
48 85 0.46
48 86 0.52
48 87 0.57
48 88 0.21
48 89 0.36
48 90 0.38
48 91 0.55
48 92 0.54
48 93 0.46
48 94 0.47
48 95 0.47
48 96 0.44
48 97 0.54
48 98 0.5
48 99 0.41
48 100 0.58
49 50 0.73
49 51 0.77
49 52 0.48
49 53 0.75
49 54 1.04
49 55 1.11
49 56 1.1
49 57 1.06
49 58 0.87
49 59 0.79
49 60 0.61
49 61 0.76
49 62 0.34
49 63 0.31
49 64 0.21
49 65 0.84
49 66 0.61
49 67 1.35
49 68 0.95
49 69 0.6
49 70 0.53
49 71 0.87
49 72 0.95
49 73 1.01
49 74 1.23
49 75 1.09
49 76 0.87
49 77 0.86
49 78 0.82
49 79 0.91
49 80 0.97
49 81 0.9
49 82 0.34
49 83 0.52
49 84 0.58
49 85 0.82
49 86 0.7
49 87 0.86
49 88 0.4
49 89 0.62
49 90 0.39
49 91 0.74
49 92 0.72
49 93 0.77
49 94 0.71
49 95 0.76
49 96 0.66
49 97 0.84
49 98 0.79
49 99 0.69
49 100 0.78
50 51 0.18
50 52 0.33
50 53 0.32
50 54 0.32
50 55 0.46
50 56 0.54
50 57 0.62
50 58 0.39
50 59 0.52
50 60 0.58
50 61 0.6
50 62 0.4
50 63 0.53
50 64 0.71
50 65 0.51
50 66 0.41
50 67 0.75
50 68 0.21
50 69 0.16
50 70 0.23
50 71 0.38
50 72 0.52
50 73 0.45
50 74 0.54
50 75 0.65
50 76 0.08
50 77 0.11
50 78 0.22
50 79 0.15
50 80 0.2
50 81 0.16
50 82 0.51
50 83 0.5
50 84 0.61
50 85 0.57
50 86 0.82
50 87 0.57
50 88 0.32
50 89 0.38
50 90 0.42
50 91 0.66
50 92 0.53
50 93 0.58
50 94 0.46
50 95 0.48
50 96 0.53
50 97 0.57
50 98 0.6
50 99 0.56
50 100 0.61
51 52 0.46
51 53 0.49
51 54 0.47
51 55 0.61
51 56 0.74
51 57 0.77
51 58 0.56
51 59 0.75
51 60 0.6
51 61 0.85
51 62 0.39
51 63 0.39
51 64 0.58
51 65 0.4
51 66 0.23
51 67 0.87
51 68 0.32
51 69 0.25
51 70 0.19
51 71 0.21
51 72 0.69
51 73 0.63
51 74 0.77
51 75 0.69
51 76 0.28
51 77 0.25
51 78 0.23
51 79 0.2
51 80 0.33
51 81 0.12
51 82 0.61
51 83 0.7
51 84 0.79
51 85 0.77
51 86 0.89
51 87 0.83
51 88 0.39
51 89 0.51
51 90 0.33
51 91 0.87
51 92 0.75
51 93 0.71
51 94 0.61
51 95 0.71
51 96 0.69
51 97 0.64
51 98 0.72
51 99 0.63
51 100 0.78
52 53 0.23
52 54 0.51
52 55 0.68
52 56 0.64
52 57 0.47
52 58 0.29
52 59 0.34
52 60 0.21
52 61 0.42
52 62 0.24
52 63 0.36
52 64 0.51
52 65 0.73
52 66 0.62
52 67 0.87
52 68 0.44
52 69 0.18
52 70 0.27
52 71 0.57
52 72 0.54
52 73 0.46
52 74 0.62
52 75 0.64
52 76 0.37
52 77 0.43
52 78 0.58
52 79 0.49
52 80 0.43
52 81 0.5
52 82 0.22
52 83 0.22
52 84 0.32
52 85 0.42
52 86 0.56
52 87 0.36
52 88 0.14
52 89 0.12
52 90 0.38
52 91 0.41
52 92 0.34
52 93 0.37
52 94 0.27
52 95 0.29
52 96 0.28
52 97 0.32
52 98 0.35
52 99 0.28
52 100 0.44
53 54 0.33
53 55 0.43
53 56 0.41
53 57 0.28
53 58 0.08
53 59 0.27
53 60 0.33
53 61 0.38
53 62 0.51
53 63 0.65
53 64 0.85
53 65 0.83
53 66 0.65
53 67 0.59
53 68 0.33
53 69 0.29
53 70 0.43
53 71 0.67
53 72 0.29
53 73 0.25
53 74 0.29
53 75 0.4
53 76 0.28
53 77 0.34
53 78 0.49
53 79 0.42
53 80 0.33
53 81 0.46
53 82 0.44
53 83 0.41
53 84 0.4
53 85 0.34
53 86 0.57
53 87 0.27
53 88 0.41
53 89 0.17
53 90 0.63
53 91 0.44
53 92 0.26
53 93 0.31
53 94 0.2
53 95 0.2
53 96 0.24
53 97 0.28
53 98 0.34
53 99 0.28
53 100 0.35
54 55 0.13
54 56 0.27
54 57 0.44
54 58 0.32
54 59 0.56
54 60 0.6
54 61 0.7
54 62 0.65
54 63 0.78
54 64 1.12
54 65 0.74
54 66 0.64
54 67 0.41
54 68 0.16
54 69 0.4
54 70 0.51
54 71 0.65
54 72 0.28
54 73 0.3
54 74 0.31
54 75 0.3
54 76 0.23
54 77 0.22
54 78 0.38
54 79 0.28
54 80 0.14
54 81 0.37
54 82 0.66
54 83 0.69
54 84 0.77
54 85 0.72
54 86 0.86
54 87 0.47
54 88 0.65
54 89 0.47
54 90 0.67
54 91 0.64
54 92 0.58
54 93 0.64
54 94 0.5
54 95 0.56
54 96 0.55
54 97 0.5
54 98 0.56
54 99 0.58
54 100 0.73
55 56 0.22
55 57 0.53
55 58 0.44
55 59 0.63
55 60 0.76
55 61 0.79
55 62 0.77
55 63 1
55 64 1.25
55 65 0.78
55 66 0.82
55 67 0.28
55 68 0.25
55 69 0.59
55 70 0.65
55 71 0.63
55 72 0.29
55 73 0.33
55 74 0.3
55 75 0.3
55 76 0.34
55 77 0.34
55 78 0.47
55 79 0.48
55 80 0.24
55 81 0.5
55 82 0.82
55 83 0.8
55 84 0.92
55 85 0.72
55 86 0.92
55 87 0.57
55 88 0.78
55 89 0.55
55 90 0.88
55 91 0.7
55 92 0.66
55 93 0.77
55 94 0.57
55 95 0.62
55 96 0.68
55 97 0.61
55 98 0.78
55 99 0.69
55 100 0.69
56 57 0.35
56 58 0.32
56 59 0.53
56 60 0.71
56 61 0.63
56 62 0.93
56 63 1.09
56 64 1.2
56 65 1.01
56 66 0.9
56 67 0.25
56 68 0.43
56 69 0.61
56 70 0.81
56 71 0.83
56 72 0.13
56 73 0.17
56 74 0.12
56 75 0.06
56 76 0.44
56 77 0.53
56 78 0.66
56 79 0.62
56 80 0.4
56 81 0.61
56 82 0.85
56 83 0.76
56 84 0.74
56 85 0.56
56 86 0.75
56 87 0.41
56 88 0.79
56 89 0.58
56 90 0.9
56 91 0.66
56 92 0.52
56 93 0.64
56 94 0.45
56 95 0.45
56 96 0.54
56 97 0.48
56 98 0.54
56 99 0.54
56 100 0.55
57 58 0.22
57 59 0.26
57 60 0.43
57 61 0.39
57 62 0.75
57 63 0.84
57 64 1.03
57 65 1.13
57 66 0.96
57 67 0.6
57 68 0.62
57 69 0.54
57 70 0.75
57 71 0.88
57 72 0.24
57 73 0.22
57 74 0.21
57 75 0.27
57 76 0.51
57 77 0.59
57 78 0.81
57 79 0.7
57 80 0.55
57 81 0.81
57 82 0.64
57 83 0.44
57 84 0.46
57 85 0.31
57 86 0.46
57 87 0.12
57 88 0.62
57 89 0.35
57 90 0.8
57 91 0.27
57 92 0.22
57 93 0.28
57 94 0.25
57 95 0.21
57 96 0.3
57 97 0.18
57 98 0.25
57 99 0.29
57 100 0.23
58 59 0.25
58 60 0.32
58 61 0.38
58 62 0.52
58 63 0.76
58 64 0.88
58 65 0.87
58 66 0.8
58 67 0.53
58 68 0.4
58 69 0.3
58 70 0.43
58 71 0.87
58 72 0.23
58 73 0.21
58 74 0.26
58 75 0.3
58 76 0.31
58 77 0.4
58 78 0.55
58 79 0.51
58 80 0.37
58 81 0.47
58 82 0.46
58 83 0.39
58 84 0.38
58 85 0.29
58 86 0.55
58 87 0.19
58 88 0.43
58 89 0.21
58 90 0.64
58 91 0.33
58 92 0.25
58 93 0.26
58 94 0.15
58 95 0.17
58 96 0.24
58 97 0.18
58 98 0.31
58 99 0.24
58 100 0.32
59 60 0.19
59 61 0.13
59 62 0.55
59 63 0.68
59 64 0.84
59 65 1.12
59 66 0.82
59 67 0.83
59 68 0.66
59 69 0.41
59 70 0.55
59 71 0.89
59 72 0.42
59 73 0.35
59 74 0.42
59 75 0.52
59 76 0.52
59 77 0.57
59 78 0.69
59 79 0.71
59 80 0.61
59 81 0.77
59 82 0.38
59 83 0.23
59 84 0.19
59 85 0.08
59 86 0.28
59 87 0.16
59 88 0.42
59 89 0.18
59 90 0.67
59 91 0.11
59 92 0.03
59 93 0.05
59 94 0.1
59 95 0.06
59 96 0.05
59 97 0.08
59 98 0.05
59 99 0.04
59 100 0.11
60 61 0.18
60 62 0.39
60 63 0.61
60 64 0.69
60 65 0.92
60 66 0.73
60 67 0.84
60 68 0.6
60 69 0.41
60 70 0.51
60 71 0.88
60 72 0.59
60 73 0.52
60 74 0.64
60 75 0.65
60 76 0.56
60 77 0.57
60 78 0.78
60 79 0.67
60 80 0.72
60 81 0.69
60 82 0.2
60 83 0.07
60 84 0.12
60 85 0.18
60 86 0.34
60 87 0.32
60 88 0.31
60 89 0.14
60 90 0.62
60 91 0.22
60 92 0.21
60 93 0.17
60 94 0.19
60 95 0.2
60 96 0.14
60 97 0.24
60 98 0.2
60 99 0.12
60 100 0.26
61 62 0.62
61 63 0.8
61 64 0.88
61 65 1.16
61 66 1.07
61 67 1.05
61 68 0.79
61 69 0.57
61 70 0.61
61 71 0.94
61 72 0.54
61 73 0.5
61 74 0.52
61 75 0.61
61 76 0.61
61 77 0.72
61 78 0.91
61 79 0.88
61 80 0.72
61 81 0.78
61 82 0.34
61 83 0.19
61 84 0.1
61 85 0.08
61 86 0.15
61 87 0.29
61 88 0.57
61 89 0.28
61 90 0.8
61 91 0.09
61 92 0.15
61 93 0.1
61 94 0.23
61 95 0.2
61 96 0.15
61 97 0.24
61 98 0.13
61 99 0.13
61 100 0.13
62 63 0.18
62 64 0.36
62 65 0.61
62 66 0.42
62 67 1.05
62 68 0.57
62 69 0.25
62 70 0.22
62 71 0.57
62 72 0.76
62 73 0.74
62 74 0.8
62 75 0.88
62 76 0.47
62 77 0.5
62 78 0.63
62 79 0.55
62 80 0.61
62 81 0.52
62 82 0.23
62 83 0.39
62 84 0.46
62 85 0.54
62 86 0.72
62 87 0.58
62 88 0.11
62 89 0.35
62 90 0.17
62 91 0.66
62 92 0.58
62 93 0.53
62 94 0.55
62 95 0.54
62 96 0.53
62 97 0.52
62 98 0.59
62 99 0.52
62 100 0.7
63 64 0.23
63 65 0.59
63 66 0.34
63 67 1.27
63 68 0.66
63 69 0.4
63 70 0.27
63 71 0.45
63 72 1.04
63 73 0.89
63 74 0.96
63 75 1.01
63 76 0.56
63 77 0.57
63 78 0.63
63 79 0.66
63 80 0.73
63 81 0.51
63 82 0.41
63 83 0.61
63 84 0.67
63 85 0.74
63 86 0.91
63 87 0.79
63 88 0.29
63 89 0.52
63 90 0.07
63 91 0.72
63 92 0.76
63 93 0.65
63 94 0.73
63 95 0.7
63 96 0.71
63 97 0.73
63 98 0.78
63 99 0.65
63 100 0.8
64 65 0.83
64 66 0.55
64 67 1.55
64 68 0.97
64 69 0.54
64 70 0.48
64 71 0.74
64 72 1.15
64 73 1.1
64 74 1.21
64 75 1.23
64 76 0.82
64 77 0.8
64 78 0.9
64 79 0.79
64 80 0.98
64 81 0.81
64 82 0.45
64 83 0.64
64 84 0.81
64 85 0.82
64 86 0.88
64 87 1.01
64 88 0.45
64 89 0.75
64 90 0.27
64 91 0.93
64 92 0.81
64 93 0.78
64 94 0.84
64 95 0.79
64 96 0.81
64 97 0.87
64 98 0.88
64 99 0.88
64 100 0.92
65 66 0.22
65 67 1.16
65 68 0.6
65 69 0.66
65 70 0.49
65 71 0.16
65 72 0.93
65 73 0.94
65 74 1.1
65 75 1.11
65 76 0.59
65 77 0.59
65 78 0.43
65 79 0.49
65 80 0.57
65 81 0.39
65 82 0.97
65 83 0.9
65 84 1.05
65 85 1.27
65 86 1.25
65 87 1.12
65 88 0.67
65 89 0.81
65 90 0.5
65 91 1.25
65 92 1.05
65 93 1
65 94 1.03
65 95 1.11
65 96 1.1
65 97 1.01
65 98 1.17
65 99 1.05
65 100 1.24
66 67 1.1
66 68 0.57
66 69 0.49
66 70 0.36
66 71 0.14
66 72 0.87
66 73 0.89
66 74 0.99
66 75 0.96
66 76 0.45
66 77 0.45
66 78 0.39
66 79 0.38
66 80 0.61
66 81 0.29
66 82 0.71
66 83 0.88
66 84 0.83
66 85 0.93
66 86 1.23
66 87 0.91
66 88 0.52
66 89 0.67
66 90 0.28
66 91 0.92
66 92 0.92
66 93 0.94
66 94 0.9
66 95 0.92
66 96 0.79
66 97 0.82
66 98 1.04
66 99 0.96
66 100 0.93
67 68 0.59
67 69 0.86
67 70 0.95
67 71 0.99
67 72 0.36
67 73 0.4
67 74 0.37
67 75 0.29
67 76 0.63
67 77 0.7
67 78 0.8
67 79 0.69
67 80 0.51
67 81 0.76
67 82 0.98
67 83 0.96
67 84 1.06
67 85 0.86
67 86 1.08
67 87 0.64
67 88 1.02
67 89 0.74
67 90 1.04
67 91 0.93
67 92 0.74
67 93 0.81
67 94 0.74
67 95 0.68
67 96 0.9
67 97 0.8
67 98 0.85
67 99 0.88
67 100 0.74
68 69 0.33
68 70 0.43
68 71 0.51
68 72 0.37
68 73 0.41
68 74 0.46
68 75 0.47
68 76 0.13
68 77 0.08
68 78 0.2
68 79 0.16
68 80 0.03
68 81 0.26
68 82 0.61
68 83 0.68
68 84 0.7
68 85 0.76
68 86 0.89
68 87 0.57
68 88 0.52
68 89 0.45
68 90 0.61
68 91 0.69
68 92 0.58
68 93 0.67
68 94 0.52
68 95 0.58
68 96 0.55
68 97 0.64
68 98 0.72
68 99 0.62
68 100 0.7
69 70 0.15
69 71 0.48
69 72 0.5
69 73 0.49
69 74 0.55
69 75 0.61
69 76 0.22
69 77 0.24
69 78 0.4
69 79 0.31
69 80 0.34
69 81 0.27
69 82 0.33
69 83 0.42
69 84 0.45
69 85 0.5
69 86 0.78
69 87 0.47
69 88 0.18
69 89 0.24
69 90 0.35
69 91 0.57
69 92 0.45
69 93 0.45
69 94 0.38
69 95 0.43
69 96 0.39
69 97 0.4
69 98 0.49
69 99 0.44
69 100 0.61
70 71 0.37
70 72 0.68
70 73 0.65
70 74 0.64
70 75 0.72
70 76 0.27
70 77 0.31
70 78 0.38
70 79 0.35
70 80 0.44
70 81 0.3
70 82 0.37
70 83 0.53
70 84 0.57
70 85 0.67
70 86 0.77
70 87 0.65
70 88 0.19
70 89 0.35
70 90 0.2
70 91 0.71
70 92 0.56
70 93 0.6
70 94 0.45
70 95 0.59
70 96 0.55
70 97 0.59
70 98 0.66
70 99 0.55
70 100 0.61
71 72 0.94
71 73 0.76
71 74 0.94
71 75 0.94
71 76 0.41
71 77 0.43
71 78 0.25
71 79 0.3
71 80 0.49
71 81 0.21
71 82 0.77
71 83 0.83
71 84 0.88
71 85 0.99
71 86 1.16
71 87 0.94
71 88 0.51
71 89 0.76
71 90 0.39
71 91 0.98
71 92 0.84
71 93 0.9
71 94 0.73
71 95 0.79
71 96 0.79
71 97 0.89
71 98 0.93
71 99 0.86
71 100 0.96
72 73 0.05
72 74 0.05
72 75 0.08
72 76 0.44
72 77 0.49
72 78 0.56
72 79 0.62
72 80 0.32
72 81 0.63
72 82 0.65
72 83 0.63
72 84 0.66
72 85 0.52
72 86 0.73
72 87 0.3
72 88 0.71
72 89 0.5
72 90 0.91
72 91 0.54
72 92 0.42
72 93 0.53
72 94 0.34
72 95 0.39
72 96 0.45
72 97 0.38
72 98 0.43
72 99 0.49
72 100 0.48
73 74 0.07
73 75 0.12
73 76 0.36
73 77 0.41
73 78 0.63
73 79 0.57
73 80 0.36
73 81 0.59
73 82 0.71
73 83 0.61
73 84 0.55
73 85 0.44
73 86 0.69
73 87 0.27
73 88 0.57
73 89 0.37
73 90 0.93
73 91 0.5
73 92 0.39
73 93 0.44
73 94 0.36
73 95 0.33
73 96 0.41
73 97 0.34
73 98 0.36
73 99 0.4
73 100 0.42
74 75 0.06
74 76 0.41
74 77 0.49
74 78 0.68
74 79 0.57
74 80 0.38
74 81 0.61
74 82 0.79
74 83 0.65
74 84 0.57
74 85 0.57
74 86 0.7
74 87 0.31
74 88 0.76
74 89 0.47
74 90 0.83
74 91 0.5
74 92 0.43
74 93 0.47
74 94 0.41
74 95 0.42
74 96 0.43
74 97 0.38
74 98 0.42
74 99 0.5
74 100 0.48
75 76 0.52
75 77 0.55
75 78 0.67
75 79 0.69
75 80 0.41
75 81 0.68
75 82 0.82
75 83 0.71
75 84 0.64
75 85 0.56
75 86 0.68
75 87 0.38
75 88 0.77
75 89 0.5
75 90 0.95
75 91 0.51
75 92 0.52
75 93 0.51
75 94 0.44
75 95 0.45
75 96 0.54
75 97 0.4
75 98 0.51
75 99 0.57
75 100 0.48
76 77 0.06
76 78 0.24
76 79 0.16
76 80 0.15
76 81 0.21
76 82 0.58
76 83 0.57
76 84 0.58
76 85 0.57
76 86 0.86
76 87 0.55
76 88 0.4
76 89 0.4
76 90 0.46
76 91 0.71
76 92 0.56
76 93 0.55
76 94 0.42
76 95 0.52
76 96 0.44
76 97 0.55
76 98 0.56
76 99 0.49
76 100 0.64
77 78 0.21
77 79 0.1
77 80 0.11
77 81 0.18
77 82 0.6
77 83 0.6
77 84 0.65
77 85 0.72
77 86 0.9
77 87 0.56
77 88 0.43
77 89 0.43
77 90 0.49
77 91 0.69
77 92 0.6
77 93 0.6
77 94 0.54
77 95 0.59
77 96 0.65
77 97 0.59
77 98 0.71
77 99 0.59
77 100 0.74
78 79 0.09
78 80 0.27
78 81 0.11
78 82 0.82
78 83 0.72
78 84 0.88
78 85 0.88
78 86 1.03
78 87 0.74
78 88 0.56
78 89 0.69
78 90 0.6
78 91 0.86
78 92 0.82
78 93 0.84
78 94 0.64
78 95 0.68
78 96 0.75
78 97 0.77
78 98 0.89
78 99 0.86
78 100 1
79 80 0.17
79 81 0.1
79 82 0.66
79 83 0.77
79 84 0.85
79 85 0.77
79 86 1.03
79 87 0.67
79 88 0.51
79 89 0.51
79 90 0.45
79 91 0.83
79 92 0.73
79 93 0.71
79 94 0.59
79 95 0.66
79 96 0.59
79 97 0.69
79 98 0.81
79 99 0.65
79 100 0.79
80 81 0.26
80 82 0.7
80 83 0.64
80 84 0.79
80 85 0.66
80 86 0.83
80 87 0.59
80 88 0.54
80 89 0.48
80 90 0.63
80 91 0.76
80 92 0.6
80 93 0.62
80 94 0.48
80 95 0.56
80 96 0.57
80 97 0.59
80 98 0.57
80 99 0.59
80 100 0.64
81 82 0.63
81 83 0.69
81 84 0.74
81 85 0.84
81 86 1.06
81 87 0.75
81 88 0.47
81 89 0.55
81 90 0.42
81 91 0.81
81 92 0.68
81 93 0.74
81 94 0.57
81 95 0.63
81 96 0.68
81 97 0.7
81 98 0.86
81 99 0.68
81 100 0.87
82 83 0.17
82 84 0.24
82 85 0.39
82 86 0.51
82 87 0.5
82 88 0.19
82 89 0.29
82 90 0.41
82 91 0.49
82 92 0.4
82 93 0.34
82 94 0.37
82 95 0.38
82 96 0.35
82 97 0.43
82 98 0.42
82 99 0.35
82 100 0.5
83 84 0.12
83 85 0.24
83 86 0.37
83 87 0.35
83 88 0.3
83 89 0.2
83 90 0.54
83 91 0.31
83 92 0.28
83 93 0.21
83 94 0.24
83 95 0.27
83 96 0.19
83 97 0.29
83 98 0.3
83 99 0.2
83 100 0.33
84 85 0.18
84 86 0.25
84 87 0.36
84 88 0.42
84 89 0.26
84 90 0.61
84 91 0.23
84 92 0.24
84 93 0.15
84 94 0.25
84 95 0.27
84 96 0.18
84 97 0.26
84 98 0.18
84 99 0.14
84 100 0.27
85 86 0.19
85 87 0.19
85 88 0.51
85 89 0.27
85 90 0.81
85 91 0.06
85 92 0.09
85 93 0.05
85 94 0.18
85 95 0.16
85 96 0.12
85 97 0.15
85 98 0.05
85 99 0.09
85 100 0.07
86 87 0.37
86 88 0.73
86 89 0.46
86 90 0.86
86 91 0.18
86 92 0.27
86 93 0.24
86 94 0.35
86 95 0.36
86 96 0.33
86 97 0.35
86 98 0.25
86 99 0.27
86 100 0.2
87 88 0.54
87 89 0.27
87 90 0.73
87 91 0.19
87 92 0.11
87 93 0.2
87 94 0.14
87 95 0.1
87 96 0.18
87 97 0.06
87 98 0.14
87 99 0.18
87 100 0.17
88 89 0.25
88 90 0.27
88 91 0.5
88 92 0.49
88 93 0.45
88 94 0.42
88 95 0.47
88 96 0.45
88 97 0.52
88 98 0.49
88 99 0.38
88 100 0.53
89 90 0.52
89 91 0.29
89 92 0.2
89 93 0.24
89 94 0.14
89 95 0.17
89 96 0.13
89 97 0.21
89 98 0.22
89 99 0.19
89 100 0.28
90 91 0.78
90 92 0.68
90 93 0.71
90 94 0.68
90 95 0.65
90 96 0.69
90 97 0.77
90 98 0.69
90 99 0.62
90 100 0.81
91 92 0.13
91 93 0.09
91 94 0.21
91 95 0.16
91 96 0.17
91 97 0.18
91 98 0.07
91 99 0.13
91 100 0.05
92 93 0.07
92 94 0.11
92 95 0.06
92 96 0.08
92 97 0.05
92 98 0.05
92 99 0.08
92 100 0.09
93 94 0.13
93 95 0.1
93 96 0.08
93 97 0.11
93 98 0.05
93 99 0.04
93 100 0.1
94 95 0.05
94 96 0.06
94 97 0.09
94 98 0.16
94 99 0.09
94 100 0.18
95 96 0.07
95 97 0.05
95 98 0.1
95 99 0.09
95 100 0.16
96 97 0.11
96 98 0.1
96 99 0.04
96 100 0.16
97 98 0.1
97 99 0.11
97 100 0.11
98 99 0.08
98 100 0.05
99 100 0.14
