# Instance vrpnc1 - 25 dynamic requests - 25 static requests
Dyn   Stat
25    25
ID    RD
1     -1
2     -1
3     -1
5     -1
7     -1
9     -1
10    -1
11    -1
16    -1
17    -1
18    -1
20    -1
21    -1
23    -1
24    -1
25    -1
26    -1
30    -1
32    -1
39    -1
41    -1
43    -1
44    -1
48    -1
49    -1
4     102
6     152
8     275
12    269
13    215
14    251
15    300
19    330
22    515
27    16
28    381
29    408
31    577
33    412
34    460
35    193
36    9
37    546
38    142
40    224
42    156
45    493
46    248
47    79
50    21
