# Instance vrpnc1 - 45 dynamic requests - 5 static requests
Dyn   Stat
45    5
ID    RD
9     -1
18    -1
30    -1
48    -1
49    -1
1     89
2     132
3     239
4     234
5     187
6     218
7     261
8     286
10    447
11    13
12    331
13    355
14    502
15    358
16    400
17    168
19    8
20    474
21    123
22    194
23    136
24    428
25    215
26    69
27    19
28    569
29    4
31    568
32    354
33    40
34    525
35    500
36    101
37    594
38    302
39    482
40    48
41    385
42    538
43    173
44    74
45    65
46    52
47    561
50    550
