# Instance vrpnc5 - 99 dynamic requests - 100 static requests
Dyn   Stat
99    100
ID    RD
4     -1
5     -1
8     -1
18    -1
21    -1
22    -1
23    -1
25    -1
26    -1
29    -1
30    -1
31    -1
33    -1
34    -1
35    -1
38    -1
40    -1
43    -1
46    -1
47    -1
54    -1
55    -1
56    -1
57    -1
59    -1
61    -1
68    -1
69    -1
73    -1
77    -1
78    -1
79    -1
81    -1
86    -1
88    -1
89    -1
92    -1
94    -1
95    -1
99    -1
100   -1
101   -1
102   -1
103   -1
104   -1
108   -1
110   -1
111   -1
112   -1
113   -1
114   -1
116   -1
117   -1
120   -1
121   -1
124   -1
125   -1
127   -1
128   -1
129   -1
131   -1
132   -1
138   -1
139   -1
141   -1
142   -1
147   -1
150   -1
151   -1
152   -1
153   -1
154   -1
156   -1
157   -1
159   -1
161   -1
162   -1
163   -1
167   -1
169   -1
171   -1
172   -1
173   -1
175   -1
176   -1
177   -1
178   -1
179   -1
180   -1
183   -1
184   -1
185   -1
187   -1
188   -1
190   -1
194   -1
195   -1
196   -1
198   -1
199   -1
1     725
2     199
3     215
6     594
7     374
9     114
10    246
11    635
12    84
13    97
14    78
15    582
16    355
17    508
19    389
20    274
24    125
27    25
28    360
32    463
36    471
37    606
39    167
41    507
42    218
44    171
45    618
48    24
49    513
50    166
51    295
52    222
53    11
58    124
60    231
62    541
63    632
64    411
65    51
66    499
67    480
70    266
71    174
72    353
74    585
75    573
76    676
80    528
82    375
83    337
84    114
85    581
87    21
90    612
91    162
93    441
96    563
97    409
98    294
105   18
106   182
107   537
109   307
115   314
118   285
119   151
122   83
123   303
126   681
130   528
133   118
134   586
135   506
136   142
137   695
140   416
143   713
144   459
145   184
146   582
148   339
149   163
155   413
158   457
160   70
164   42
165   357
166   354
168   422
170   599
174   189
181   458
182   485
186   653
189   220
191   448
192   640
193   325
197   96
