# Instance vrpnc10 - 179 dynamic requests - 20 static requests
Dyn   Stat
179   20
ID    RD
40    -1
43    -1
46    -1
49    -1
53    -1
84    -1
91    -1
92    -1
95    -1
96    -1
106   -1
109   -1
123   -1
145   -1
170   -1
177   -1
181   -1
189   -1
193   -1
194   -1
1     14
2     109
3     184
4     153
5     171
6     8
7     22
8     41
9     6
10    7
11    99
12    200
13    31
14    6
15    49
16    34
17    86
18    107
19    90
20    192
21    53
22    146
23    67
24    91
25    58
26    40
27    26
28    146
29    121
30    41
31    200
32    71
33    75
34    4
35    40
36    119
37    89
38    1
39    49
41    152
42    117
44    58
45    199
47    72
48    148
50    182
51    137
52    148
54    14
55    196
56    57
57    14
58    140
59    114
60    177
61    182
62    200
63    65
64    177
65    31
66    118
67    59
68    54
69    132
70    110
71    179
72    30
73    176
74    151
75    160
76    101
77    44
78    72
79    112
80    88
81    39
82    145
83    33
85    141
86    18
87    195
88    182
89    33
90    42
93    104
94    102
97    26
98    150
99    73
100   135
101   21
102   148
103   195
104   74
105   48
107   88
108   5
110   170
111   16
112   31
113   13
114   32
115   137
116   155
117   167
118   174
119   88
120   196
121   155
122   123
124   146
125   133
126   138
127   42
128   51
129   177
130   18
131   101
132   7
133   143
134   109
135   79
136   131
137   170
138   187
139   88
140   135
141   148
142   73
143   2
144   17
146   114
147   115
148   145
149   62
150   53
151   26
152   162
153   157
154   113
155   89
156   123
157   176
158   57
159   77
160   138
161   33
162   67
163   51
164   46
165   2
166   53
167   154
168   142
169   27
171   140
172   26
173   145
174   159
175   11
176   17
178   33
179   184
180   35
182   181
183   144
184   94
185   196
186   57
187   16
188   66
190   191
191   84
192   125
195   133
196   187
197   197
198   86
199   185
