# Instance vrpnc9 - 135 dynamic requests - 15 static requests
Dyn   Stat
135   15
ID    RD
1     -1
2     -1
4     -1
13    -1
23    -1
36    -1
38    -1
63    -1
66    -1
103   -1
109   -1
112   -1
124   -1
133   -1
149   -1
3     124
5     54
6     19
7     96
8     63
9     171
10    65
11    73
12    6
14    30
15    35
16    83
17    68
18    140
19    189
20    140
21    79
22    9
24    20
25    200
26    131
27    119
28    18
29    17
30    87
31    165
32    105
33    78
34    90
35    52
37    68
39    194
40    17
41    96
42    17
43    144
44    177
45    181
46    123
47    12
48    199
49    71
50    20
51    137
52    124
53    192
54    121
55    140
56    124
57    129
58    142
59    182
60    193
61    172
62    187
64    152
65    80
67    125
68    67
69    60
70    160
71    49
72    55
73    157
74    184
75    98
76    32
77    15
78    79
79    168
80    122
81    105
82    160
83    86
84    38
85    142
86    44
87    111
88    40
89    191
90    44
91    173
92    59
93    85
94    122
95    16
96    104
97    169
98    27
99    132
100   76
101   87
102   140
104   173
105   124
106   82
107   76
108   172
110   130
111   41
113   138
114   98
115   44
116   42
117   185
118   49
119   107
120   89
121   176
122   87
123   55
125   189
126   20
127   191
128   122
129   45
130   70
131   167
132   107
134   114
135   12
136   16
137   131
138   192
139   31
140   61
141   67
142   138
143   136
144   170
145   0
146   179
147   57
148   153
150   160
