# Instance vrpnc4 - 135 dynamic requests - 15 static requests
Dyn   Stat
135   15
ID    RD
5     -1
23    -1
27    -1
67    -1
77    -1
80    -1
86    -1
89    -1
90    -1
91    -1
94    -1
95    -1
102   -1
120   -1
148   -1
1     153
2     750
3     449
4     769
6     495
7     199
8     628
9     366
10    176
11    445
12    493
13    75
14    46
15    386
16    382
17    456
18    647
19    204
20    495
21    523
22    705
24    237
25    484
26    690
28    350
29    104
30    460
31    26
32    383
33    489
34    396
35    411
36    740
37    775
38    608
39    300
40    668
41    225
42    568
43    347
44    588
45    467
46    47
47    132
48    738
49    7
50    728
51    176
52    737
53    446
54    576
55    298
56    192
57    480
58    594
59    678
60    258
61    315
62    612
63    40
64    379
65    65
66    431
68    632
69    607
70    640
71    192
72    457
73    637
74    330
75    661
76    55
78    268
79    203
81    501
82    697
83    443
84    92
85    256
87    605
88    156
92    315
93    580
96    551
97    526
98    519
99    210
100   720
101   661
103   702
104   91
105   151
106   185
107   28
108   131
109   9
110   120
111   214
112   393
113   269
114   526
115   541
116   484
117   116
118   94
119   550
121   244
122   118
123   713
124   772
125   439
126   18
127   509
128   697
129   359
130   386
131   309
132   127
133   68
134   297
135   666
136   448
137   300
138   233
139   742
140   564
141   448
142   78
143   696
144   132
145   233
146   185
147   523
149   64
150   600
