# Instance vrpnc7 - 37 dynamic requests - 38 static requests
Dyn   Stat
37    38
ID    RD
2     -1
4     -1
5     -1
8     -1
9     -1
10    -1
11    -1
14    -1
16    -1
21    -1
22    -1
23    -1
28    -1
29    -1
30    -1
31    -1
32    -1
36    -1
37    -1
41    -1
42    -1
45    -1
47    -1
48    -1
49    -1
50    -1
51    -1
55    -1
57    -1
60    -1
61    -1
65    -1
67    -1
68    -1
69    -1
72    -1
73    -1
75    -1
1     5
3     23
6     56
7     18
12    29
13    49
15    156
17    59
18    82
19    7
20    88
24    34
25    100
26    158
27    130
33    84
34    132
35    152
38    33
39    151
40    104
43    17
44    128
46    135
52    129
53    114
54    15
56    18
58    132
59    17
62    27
63    26
64    61
66    131
70    60
71    103
74    8
