# Instance vrpnc5 - 179 dynamic requests - 20 static requests
Dyn   Stat
179   20
ID    RD
11    -1
18    -1
30    -1
39    -1
57    -1
66    -1
69    -1
70    -1
72    -1
112   -1
143   -1
145   -1
155   -1
163   -1
165   -1
182   -1
183   -1
191   -1
194   -1
197   -1
1     373
2     317
3     53
4     640
5     599
6     141
7     221
8     323
9     199
10    17
12    676
13    155
14    322
15    141
16    88
17    591
19    550
20    387
21    384
22    407
23    75
24    480
25    278
26    538
27    109
28    142
29    116
31    189
32    687
33    710
34    564
35    552
36    263
37    409
38    174
40    702
41    549
42    107
43    252
44    336
45    723
46    657
47    300
48    363
49    662
50    465
51    343
52    170
53    87
54    525
55    425
56    98
58    685
59    69
60    405
61    689
62    514
63    450
64    210
65    690
67    25
68    44
71    133
73    37
74    407
75    541
76    72
77    477
78    302
79    84
80    664
81    587
82    377
83    66
84    204
85    184
86    480
87    107
88    136
89    423
90    500
91    104
92    734
93    224
94    551
95    315
96    483
97    66
98    409
99    597
100   7
101   635
102   325
103   645
104   71
105   129
106   563
107   703
108   688
109   356
110   239
111   588
113   521
114   610
115   599
116   115
117   441
118   396
119   95
120   70
121   626
122   3
123   419
124   414
125   231
126   667
127   623
128   229
129   250
130   537
131   311
132   639
133   80
134   25
135   354
136   143
137   679
138   704
139   652
140   5
141   109
142   250
144   76
146   227
147   366
148   510
149   282
150   274
151   8
152   706
153   451
154   509
156   511
157   243
158   407
159   579
160   226
161   2
162   543
164   673
166   193
167   142
168   150
169   9
170   631
171   535
172   92
173   497
174   694
175   396
176   97
177   236
178   503
179   160
180   7
181   266
184   361
185   77
186   169
187   215
188   617
189   424
190   565
192   329
193   319
195   152
196   101
198   708
199   513
