1 2 38 4
0 30
0 30
0 30
0 30
  0   0.000   0.000 0 0 0 0
  1  10.000   0.000 0 5 4 1 15
  2 -10.000   0.000 0 5 4 1 15
  3  50.000   0.000 0 5 4 1 15
  4 -50.000   0.000 0 5 4 1 15
  5  90.000   0.000 0 5 4 1 15
  6 -90.000   0.000 0 5 4 1 15
  7  17.321  10.000 0 2 2 2 5 10
  8 -17.321  10.000 0 2 2 2 5 10
  9 -17.321 -10.000 0 2 2 2 5 10
 10  17.321 -10.000 0 2 2 2 5 10
 11  34.641  20.000 0 2 2 2 5 10
 12 -34.641  20.000 0 2 2 2 5 10
 13 -34.641 -20.000 0 2 2 2 5 10
 14  34.641 -20.000 0 2 2 2 5 10
 15  51.962  30.000 0 2 2 2 5 10
 16 -51.962  30.000 0 2 2 2 5 10
 17 -51.962 -30.000 0 2 2 2 5 10
 18  51.962 -30.000 0 2 2 2 5 10
 19  69.282  40.000 0 2 2 2 5 10
 20 -69.282  40.000 0 2 2 2 5 10
 21 -69.282 -40.000 0 2 2 2 5 10
 22  69.282 -40.000 0 2 2 2 5 10
 23  28.978   7.765 0 1 1 4 1 2 4 8
 24  21.213  21.213 0 1 1 4 1 2 4 8
 25 -21.213  21.213 0 1 1 4 1 2 4 8
 26 -28.978   7.765 0 1 1 4 1 2 4 8
 27 -28.978  -7.765 0 1 1 4 1 2 4 8
 28 -21.213 -21.213 0 1 1 4 1 2 4 8
 29  21.213 -21.213 0 1 1 4 1 2 4 8
 30  28.978  -7.765 0 1 1 4 1 2 4 8
 31  67.615  18.117 0 1 1 4 1 2 4 8
 32  49.497  49.497 0 1 1 4 1 2 4 8
 33 -49.497  49.497 0 1 1 4 1 2 4 8
 34 -67.615  18.117 0 1 1 4 1 2 4 8
 35 -67.615 -18.117 0 1 1 4 1 2 4 8
 36 -49.497 -49.497 0 1 1 4 1 2 4 8
 37  49.497 -49.497 0 1 1 4 1 2 4 8
 38  67.615 -18.117 0 1 1 4 1 2 4 8
