1 2 56 4
0 40
0 40
0 40
0 40
  0    0.000    0.000 0 0 0 0
  1   10.000    0.000 0 5 4 1 15
  2  -10.000    0.000 0 5 4 1 15
  3   50.000    0.000 0 5 4 1 15
  4  -50.000    0.000 0 5 4 1 15
  5   90.000    0.000 0 5 4 1 15
  6  -90.000    0.000 0 5 4 1 15
  7  130.000    0.000 0 5 4 1 15
  8 -130.000    0.000 0 5 4 1 15
  9   17.321   10.000 0 2 2 2 5 10
 10  -17.321   10.000 0 2 2 2 5 10
 11  -17.321  -10.000 0 2 2 2 5 10
 12   17.321  -10.000 0 2 2 2 5 10
 13   34.641   20.000 0 2 2 2 5 10
 14  -34.641   20.000 0 2 2 2 5 10
 15  -34.641  -20.000 0 2 2 2 5 10
 16   34.641  -20.000 0 2 2 2 5 10
 17   51.962   30.000 0 2 2 2 5 10
 18  -51.962   30.000 0 2 2 2 5 10
 19  -51.962  -30.000 0 2 2 2 5 10
 20   51.962  -30.000 0 2 2 2 5 10
 21   69.282   40.000 0 2 2 2 5 10
 22  -69.282   40.000 0 2 2 2 5 10
 23  -69.282  -40.000 0 2 2 2 5 10
 24   69.282  -40.000 0 2 2 2 5 10
 25   86.603   50.000 0 2 2 2 5 10
 26  -86.603   50.000 0 2 2 2 5 10
 27  -86.603  -50.000 0 2 2 2 5 10
 28   86.603  -50.000 0 2 2 2 5 10
 29  103.923   60.000 0 2 2 2 5 10
 30 -103.923   60.000 0 2 2 2 5 10
 31 -103.923  -60.000 0 2 2 2 5 10
 32  103.923  -60.000 0 2 2 2 5 10
 33   28.978    7.765 0 1 1 4 1 2 4 8
 34   21.213   21.213 0 1 1 4 1 2 4 8
 35  -21.213   21.213 0 1 1 4 1 2 4 8
 36  -28.978    7.765 0 1 1 4 1 2 4 8
 37  -28.978   -7.765 0 1 1 4 1 2 4 8
 38  -21.213  -21.213 0 1 1 4 1 2 4 8
 39   21.213  -21.213 0 1 1 4 1 2 4 8
 40   28.978   -7.765 0 1 1 4 1 2 4 8
 41   67.615   18.117 0 1 1 4 1 2 4 8
 42   49.497   49.497 0 1 1 4 1 2 4 8
 43  -49.497   49.497 0 1 1 4 1 2 4 8
 44  -67.615   18.117 0 1 1 4 1 2 4 8
 45  -67.615  -18.117 0 1 1 4 1 2 4 8
 46  -49.497  -49.497 0 1 1 4 1 2 4 8
 47   49.497  -49.497 0 1 1 4 1 2 4 8
 48   67.615  -18.117 0 1 1 4 1 2 4 8
 49  106.252   28.470 0 1 1 4 1 2 4 8
 50   77.782   77.782 0 1 1 4 1 2 4 8
 51  -77.782   77.782 0 1 1 4 1 2 4 8
 52 -106.252   28.470 0 1 1 4 1 2 4 8
 53 -106.252  -28.470 0 1 1 4 1 2 4 8
 54  -77.782  -77.782 0 1 1 4 1 2 4 8
 55   77.782  -77.782 0 1 1 4 1 2 4 8
 56  106.252  -28.470 0 1 1 4 1 2 4 8
