1 4 40 4
0 20
0 20
0 20
0 20
  0    0.000    0.000 0 0 0 0
  1   10.000    0.000 0 5 4 1 15
  2    0.000   10.000 0 5 4 1 15
  3  -10.000    0.000 0 5 4 1 15
  4   -0.000  -10.000 0 5 4 1 15
  5   50.000    0.000 0 5 4 1 15
  6    0.000   50.000 0 5 4 1 15
  7  -50.000    0.000 0 5 4 1 15
  8   -0.000  -50.000 0 5 4 1 15
  9   19.319    5.176 0 2 2 2 5 10
 10    5.176   19.319 0 2 2 2 5 10
 11   -5.176   19.319 0 2 2 2 5 10
 12  -19.319    5.176 0 2 2 2 5 10
 13  -19.319   -5.176 0 2 2 2 5 10
 14   -5.176  -19.319 0 2 2 2 5 10
 15    5.176  -19.319 0 2 2 2 5 10
 16   19.319   -5.176 0 2 2 2 5 10
 17   38.637   10.353 0 2 2 2 5 10
 18   10.353   38.637 0 2 2 2 5 10
 19  -10.353   38.637 0 2 2 2 5 10
 20  -38.637   10.353 0 2 2 2 5 10
 21  -38.637  -10.353 0 2 2 2 5 10
 22  -10.353  -38.637 0 2 2 2 5 10
 23   10.353  -38.637 0 2 2 2 5 10
 24   38.637  -10.353 0 2 2 2 5 10
 25   29.743    3.916 0 1 1 4 1 2 4 8
 26   27.716   11.481 0 1 1 4 1 2 4 8
 27   11.481   27.716 0 1 1 4 1 2 4 8
 28    3.916   29.743 0 1 1 4 1 2 4 8
 29   -3.916   29.743 0 1 1 4 1 2 4 8
 30  -11.481   27.716 0 1 1 4 1 2 4 8
 31  -27.716   11.481 0 1 1 4 1 2 4 8
 32  -29.743    3.916 0 1 1 4 1 2 4 8
 33  -29.743   -3.916 0 1 1 4 1 2 4 8
 34  -27.716  -11.481 0 1 1 4 1 2 4 8
 35  -11.481  -27.716 0 1 1 4 1 2 4 8
 36   -3.916  -29.743 0 1 1 4 1 2 4 8
 37    3.916  -29.743 0 1 1 4 1 2 4 8
 38   11.481  -27.716 0 1 1 4 1 2 4 8
 39   27.716  -11.481 0 1 1 4 1 2 4 8
 40   29.743   -3.916 0 1 1 4 1 2 4 8
