1 4 76 4
0 30
0 30
0 30
0 30
  0    0.000    0.000 0 0 0 0
  1   10.000    0.000 0 5 4 1 15
  2    0.000   10.000 0 5 4 1 15
  3  -10.000    0.000 0 5 4 1 15
  4   -0.000  -10.000 0 5 4 1 15
  5   50.000    0.000 0 5 4 1 15
  6    0.000   50.000 0 5 4 1 15
  7  -50.000    0.000 0 5 4 1 15
  8   -0.000  -50.000 0 5 4 1 15
  9   90.000    0.000 0 5 4 1 15
 10    0.000   90.000 0 5 4 1 15
 11  -90.000    0.000 0 5 4 1 15
 12   -0.000  -90.000 0 5 4 1 15
 13   19.319    5.176 0 2 2 2 5 10
 14    5.176   19.319 0 2 2 2 5 10
 15   -5.176   19.319 0 2 2 2 5 10
 16  -19.319    5.176 0 2 2 2 5 10
 17  -19.319   -5.176 0 2 2 2 5 10
 18   -5.176  -19.319 0 2 2 2 5 10
 19    5.176  -19.319 0 2 2 2 5 10
 20   19.319   -5.176 0 2 2 2 5 10
 21   38.637   10.353 0 2 2 2 5 10
 22   10.353   38.637 0 2 2 2 5 10
 23  -10.353   38.637 0 2 2 2 5 10
 24  -38.637   10.353 0 2 2 2 5 10
 25  -38.637  -10.353 0 2 2 2 5 10
 26  -10.353  -38.637 0 2 2 2 5 10
 27   10.353  -38.637 0 2 2 2 5 10
 28   38.637  -10.353 0 2 2 2 5 10
 29   57.956   15.529 0 2 2 2 5 10
 30   15.529   57.956 0 2 2 2 5 10
 31  -15.529   57.956 0 2 2 2 5 10
 32  -57.956   15.529 0 2 2 2 5 10
 33  -57.956  -15.529 0 2 2 2 5 10
 34  -15.529  -57.956 0 2 2 2 5 10
 35   15.529  -57.956 0 2 2 2 5 10
 36   57.956  -15.529 0 2 2 2 5 10
 37   77.274   20.706 0 2 2 2 5 10
 38   20.706   77.274 0 2 2 2 5 10
 39  -20.706   77.274 0 2 2 2 5 10
 40  -77.274   20.706 0 2 2 2 5 10
 41  -77.274  -20.706 0 2 2 2 5 10
 42  -20.706  -77.274 0 2 2 2 5 10
 43   20.706  -77.274 0 2 2 2 5 10
 44   77.274  -20.706 0 2 2 2 5 10
 45   29.743    3.916 0 1 1 4 1 2 4 8
 46   27.716   11.481 0 1 1 4 1 2 4 8
 47   11.481   27.716 0 1 1 4 1 2 4 8
 48    3.916   29.743 0 1 1 4 1 2 4 8
 49   -3.916   29.743 0 1 1 4 1 2 4 8
 50  -11.481   27.716 0 1 1 4 1 2 4 8
 51  -27.716   11.481 0 1 1 4 1 2 4 8
 52  -29.743    3.916 0 1 1 4 1 2 4 8
 53  -29.743   -3.916 0 1 1 4 1 2 4 8
 54  -27.716  -11.481 0 1 1 4 1 2 4 8
 55  -11.481  -27.716 0 1 1 4 1 2 4 8
 56   -3.916  -29.743 0 1 1 4 1 2 4 8
 57    3.916  -29.743 0 1 1 4 1 2 4 8
 58   11.481  -27.716 0 1 1 4 1 2 4 8
 59   27.716  -11.481 0 1 1 4 1 2 4 8
 60   29.743   -3.916 0 1 1 4 1 2 4 8
 61   69.401    9.137 0 1 1 4 1 2 4 8
 62   64.672   26.788 0 1 1 4 1 2 4 8
 63   26.788   64.672 0 1 1 4 1 2 4 8
 64    9.137   69.401 0 1 1 4 1 2 4 8
 65   -9.137   69.401 0 1 1 4 1 2 4 8
 66  -26.788   64.672 0 1 1 4 1 2 4 8
 67  -64.672   26.788 0 1 1 4 1 2 4 8
 68  -69.401    9.137 0 1 1 4 1 2 4 8
 69  -69.401   -9.137 0 1 1 4 1 2 4 8
 70  -64.672  -26.788 0 1 1 4 1 2 4 8
 71  -26.788  -64.672 0 1 1 4 1 2 4 8
 72   -9.137  -69.401 0 1 1 4 1 2 4 8
 73    9.137  -69.401 0 1 1 4 1 2 4 8
 74   26.788  -64.672 0 1 1 4 1 2 4 8
 75   64.672  -26.788 0 1 1 4 1 2 4 8
 76   69.401   -9.137 0 1 1 4 1 2 4 8
