1 4 112 4
0 40
0 40
0 40
0 40
  0    0.000    0.000 0 0 0 0
  1   10.000    0.000 0 5 4 1 15
  2    0.000   10.000 0 5 4 1 15
  3  -10.000    0.000 0 5 4 1 15
  4   -0.000  -10.000 0 5 4 1 15
  5   50.000    0.000 0 5 4 1 15
  6    0.000   50.000 0 5 4 1 15
  7  -50.000    0.000 0 5 4 1 15
  8   -0.000  -50.000 0 5 4 1 15
  9   90.000    0.000 0 5 4 1 15
 10    0.000   90.000 0 5 4 1 15
 11  -90.000    0.000 0 5 4 1 15
 12   -0.000  -90.000 0 5 4 1 15
 13  130.000    0.000 0 5 4 1 15
 14    0.000  130.000 0 5 4 1 15
 15 -130.000    0.000 0 5 4 1 15
 16   -0.000 -130.000 0 5 4 1 15
 17   19.319    5.176 0 2 2 2 5 10
 18    5.176   19.319 0 2 2 2 5 10
 19   -5.176   19.319 0 2 2 2 5 10
 20  -19.319    5.176 0 2 2 2 5 10
 21  -19.319   -5.176 0 2 2 2 5 10
 22   -5.176  -19.319 0 2 2 2 5 10
 23    5.176  -19.319 0 2 2 2 5 10
 24   19.319   -5.176 0 2 2 2 5 10
 25   38.637   10.353 0 2 2 2 5 10
 26   10.353   38.637 0 2 2 2 5 10
 27  -10.353   38.637 0 2 2 2 5 10
 28  -38.637   10.353 0 2 2 2 5 10
 29  -38.637  -10.353 0 2 2 2 5 10
 30  -10.353  -38.637 0 2 2 2 5 10
 31   10.353  -38.637 0 2 2 2 5 10
 32   38.637  -10.353 0 2 2 2 5 10
 33   57.956   15.529 0 2 2 2 5 10
 34   15.529   57.956 0 2 2 2 5 10
 35  -15.529   57.956 0 2 2 2 5 10
 36  -57.956   15.529 0 2 2 2 5 10
 37  -57.956  -15.529 0 2 2 2 5 10
 38  -15.529  -57.956 0 2 2 2 5 10
 39   15.529  -57.956 0 2 2 2 5 10
 40   57.956  -15.529 0 2 2 2 5 10
 41   77.274   20.706 0 2 2 2 5 10
 42   20.706   77.274 0 2 2 2 5 10
 43  -20.706   77.274 0 2 2 2 5 10
 44  -77.274   20.706 0 2 2 2 5 10
 45  -77.274  -20.706 0 2 2 2 5 10
 46  -20.706  -77.274 0 2 2 2 5 10
 47   20.706  -77.274 0 2 2 2 5 10
 48   77.274  -20.706 0 2 2 2 5 10
 49   96.593   25.882 0 2 2 2 5 10
 50   25.882   96.593 0 2 2 2 5 10
 51  -25.882   96.593 0 2 2 2 5 10
 52  -96.593   25.882 0 2 2 2 5 10
 53  -96.593  -25.882 0 2 2 2 5 10
 54  -25.882  -96.593 0 2 2 2 5 10
 55   25.882  -96.593 0 2 2 2 5 10
 56   96.593  -25.882 0 2 2 2 5 10
 57  115.911   31.058 0 2 2 2 5 10
 58   31.058  115.911 0 2 2 2 5 10
 59  -31.058  115.911 0 2 2 2 5 10
 60 -115.911   31.058 0 2 2 2 5 10
 61 -115.911  -31.058 0 2 2 2 5 10
 62  -31.058 -115.911 0 2 2 2 5 10
 63   31.058 -115.911 0 2 2 2 5 10
 64  115.911  -31.058 0 2 2 2 5 10
 65   29.743    3.916 0 1 1 4 1 2 4 8
 66   27.716   11.481 0 1 1 4 1 2 4 8
 67   11.481   27.716 0 1 1 4 1 2 4 8
 68    3.916   29.743 0 1 1 4 1 2 4 8
 69   -3.916   29.743 0 1 1 4 1 2 4 8
 70  -11.481   27.716 0 1 1 4 1 2 4 8
 71  -27.716   11.481 0 1 1 4 1 2 4 8
 72  -29.743    3.916 0 1 1 4 1 2 4 8
 73  -29.743   -3.916 0 1 1 4 1 2 4 8
 74  -27.716  -11.481 0 1 1 4 1 2 4 8
 75  -11.481  -27.716 0 1 1 4 1 2 4 8
 76   -3.916  -29.743 0 1 1 4 1 2 4 8
 77    3.916  -29.743 0 1 1 4 1 2 4 8
 78   11.481  -27.716 0 1 1 4 1 2 4 8
 79   27.716  -11.481 0 1 1 4 1 2 4 8
 80   29.743   -3.916 0 1 1 4 1 2 4 8
 81   69.401    9.137 0 1 1 4 1 2 4 8
 82   64.672   26.788 0 1 1 4 1 2 4 8
 83   26.788   64.672 0 1 1 4 1 2 4 8
 84    9.137   69.401 0 1 1 4 1 2 4 8
 85   -9.137   69.401 0 1 1 4 1 2 4 8
 86  -26.788   64.672 0 1 1 4 1 2 4 8
 87  -64.672   26.788 0 1 1 4 1 2 4 8
 88  -69.401    9.137 0 1 1 4 1 2 4 8
 89  -69.401   -9.137 0 1 1 4 1 2 4 8
 90  -64.672  -26.788 0 1 1 4 1 2 4 8
 91  -26.788  -64.672 0 1 1 4 1 2 4 8
 92   -9.137  -69.401 0 1 1 4 1 2 4 8
 93    9.137  -69.401 0 1 1 4 1 2 4 8
 94   26.788  -64.672 0 1 1 4 1 2 4 8
 95   64.672  -26.788 0 1 1 4 1 2 4 8
 96   69.401   -9.137 0 1 1 4 1 2 4 8
 97  109.059   14.358 0 1 1 4 1 2 4 8
 98  101.627   42.095 0 1 1 4 1 2 4 8
 99   42.095  101.627 0 1 1 4 1 2 4 8
100   14.358  109.059 0 1 1 4 1 2 4 8
101  -14.358  109.059 0 1 1 4 1 2 4 8
102  -42.095  101.627 0 1 1 4 1 2 4 8
103 -101.627   42.095 0 1 1 4 1 2 4 8
104 -109.059   14.358 0 1 1 4 1 2 4 8
105 -109.059  -14.358 0 1 1 4 1 2 4 8
106 -101.627  -42.095 0 1 1 4 1 2 4 8
107  -42.095 -101.627 0 1 1 4 1 2 4 8
108  -14.358 -109.059 0 1 1 4 1 2 4 8
109   14.358 -109.059 0 1 1 4 1 2 4 8
110   42.095 -101.627 0 1 1 4 1 2 4 8
111  101.627  -42.095 0 1 1 4 1 2 4 8
112  109.059  -14.358 0 1 1 4 1 2 4 8
