1 4 184 4
0 60
0 60
0 60
0 60
  0    0.000    0.000 0 0 0 0
  1   10.000    0.000 0 5 4 1 15
  2    0.000   10.000 0 5 4 1 15
  3  -10.000    0.000 0 5 4 1 15
  4   -0.000  -10.000 0 5 4 1 15
  5   50.000    0.000 0 5 4 1 15
  6    0.000   50.000 0 5 4 1 15
  7  -50.000    0.000 0 5 4 1 15
  8   -0.000  -50.000 0 5 4 1 15
  9   90.000    0.000 0 5 4 1 15
 10    0.000   90.000 0 5 4 1 15
 11  -90.000    0.000 0 5 4 1 15
 12   -0.000  -90.000 0 5 4 1 15
 13  130.000    0.000 0 5 4 1 15
 14    0.000  130.000 0 5 4 1 15
 15 -130.000    0.000 0 5 4 1 15
 16   -0.000 -130.000 0 5 4 1 15
 17  170.000    0.000 0 5 4 1 15
 18    0.000  170.000 0 5 4 1 15
 19 -170.000    0.000 0 5 4 1 15
 20   -0.000 -170.000 0 5 4 1 15
 21  210.000    0.000 0 5 4 1 15
 22    0.000  210.000 0 5 4 1 15
 23 -210.000    0.000 0 5 4 1 15
 24   -0.000 -210.000 0 5 4 1 15
 25   19.319    5.176 0 2 2 2 5 10
 26    5.176   19.319 0 2 2 2 5 10
 27   -5.176   19.319 0 2 2 2 5 10
 28  -19.319    5.176 0 2 2 2 5 10
 29  -19.319   -5.176 0 2 2 2 5 10
 30   -5.176  -19.319 0 2 2 2 5 10
 31    5.176  -19.319 0 2 2 2 5 10
 32   19.319   -5.176 0 2 2 2 5 10
 33   38.637   10.353 0 2 2 2 5 10
 34   10.353   38.637 0 2 2 2 5 10
 35  -10.353   38.637 0 2 2 2 5 10
 36  -38.637   10.353 0 2 2 2 5 10
 37  -38.637  -10.353 0 2 2 2 5 10
 38  -10.353  -38.637 0 2 2 2 5 10
 39   10.353  -38.637 0 2 2 2 5 10
 40   38.637  -10.353 0 2 2 2 5 10
 41   57.956   15.529 0 2 2 2 5 10
 42   15.529   57.956 0 2 2 2 5 10
 43  -15.529   57.956 0 2 2 2 5 10
 44  -57.956   15.529 0 2 2 2 5 10
 45  -57.956  -15.529 0 2 2 2 5 10
 46  -15.529  -57.956 0 2 2 2 5 10
 47   15.529  -57.956 0 2 2 2 5 10
 48   57.956  -15.529 0 2 2 2 5 10
 49   77.274   20.706 0 2 2 2 5 10
 50   20.706   77.274 0 2 2 2 5 10
 51  -20.706   77.274 0 2 2 2 5 10
 52  -77.274   20.706 0 2 2 2 5 10
 53  -77.274  -20.706 0 2 2 2 5 10
 54  -20.706  -77.274 0 2 2 2 5 10
 55   20.706  -77.274 0 2 2 2 5 10
 56   77.274  -20.706 0 2 2 2 5 10
 57   96.593   25.882 0 2 2 2 5 10
 58   25.882   96.593 0 2 2 2 5 10
 59  -25.882   96.593 0 2 2 2 5 10
 60  -96.593   25.882 0 2 2 2 5 10
 61  -96.593  -25.882 0 2 2 2 5 10
 62  -25.882  -96.593 0 2 2 2 5 10
 63   25.882  -96.593 0 2 2 2 5 10
 64   96.593  -25.882 0 2 2 2 5 10
 65  115.911   31.058 0 2 2 2 5 10
 66   31.058  115.911 0 2 2 2 5 10
 67  -31.058  115.911 0 2 2 2 5 10
 68 -115.911   31.058 0 2 2 2 5 10
 69 -115.911  -31.058 0 2 2 2 5 10
 70  -31.058 -115.911 0 2 2 2 5 10
 71   31.058 -115.911 0 2 2 2 5 10
 72  115.911  -31.058 0 2 2 2 5 10
 73  135.230   36.235 0 2 2 2 5 10
 74   36.235  135.230 0 2 2 2 5 10
 75  -36.235  135.230 0 2 2 2 5 10
 76 -135.230   36.235 0 2 2 2 5 10
 77 -135.230  -36.235 0 2 2 2 5 10
 78  -36.235 -135.230 0 2 2 2 5 10
 79   36.235 -135.230 0 2 2 2 5 10
 80  135.230  -36.235 0 2 2 2 5 10
 81  154.548   41.411 0 2 2 2 5 10
 82   41.411  154.548 0 2 2 2 5 10
 83  -41.411  154.548 0 2 2 2 5 10
 84 -154.548   41.411 0 2 2 2 5 10
 85 -154.548  -41.411 0 2 2 2 5 10
 86  -41.411 -154.548 0 2 2 2 5 10
 87   41.411 -154.548 0 2 2 2 5 10
 88  154.548  -41.411 0 2 2 2 5 10
 89  173.867   46.587 0 2 2 2 5 10
 90   46.587  173.867 0 2 2 2 5 10
 91  -46.587  173.867 0 2 2 2 5 10
 92 -173.867   46.587 0 2 2 2 5 10
 93 -173.867  -46.587 0 2 2 2 5 10
 94  -46.587 -173.867 0 2 2 2 5 10
 95   46.587 -173.867 0 2 2 2 5 10
 96  173.867  -46.587 0 2 2 2 5 10
 97  193.185   51.764 0 2 2 2 5 10
 98   51.764  193.185 0 2 2 2 5 10
 99  -51.764  193.185 0 2 2 2 5 10
100 -193.185   51.764 0 2 2 2 5 10
101 -193.185  -51.764 0 2 2 2 5 10
102  -51.764 -193.185 0 2 2 2 5 10
103   51.764 -193.185 0 2 2 2 5 10
104  193.185  -51.764 0 2 2 2 5 10
105   29.743    3.916 0 1 1 4 1 2 4 8
106   27.716   11.481 0 1 1 4 1 2 4 8
107   11.481   27.716 0 1 1 4 1 2 4 8
108    3.916   29.743 0 1 1 4 1 2 4 8
109   -3.916   29.743 0 1 1 4 1 2 4 8
110  -11.481   27.716 0 1 1 4 1 2 4 8
111  -27.716   11.481 0 1 1 4 1 2 4 8
112  -29.743    3.916 0 1 1 4 1 2 4 8
113  -29.743   -3.916 0 1 1 4 1 2 4 8
114  -27.716  -11.481 0 1 1 4 1 2 4 8
115  -11.481  -27.716 0 1 1 4 1 2 4 8
116   -3.916  -29.743 0 1 1 4 1 2 4 8
117    3.916  -29.743 0 1 1 4 1 2 4 8
118   11.481  -27.716 0 1 1 4 1 2 4 8
119   27.716  -11.481 0 1 1 4 1 2 4 8
120   29.743   -3.916 0 1 1 4 1 2 4 8
121   69.401    9.137 0 1 1 4 1 2 4 8
122   64.672   26.788 0 1 1 4 1 2 4 8
123   26.788   64.672 0 1 1 4 1 2 4 8
124    9.137   69.401 0 1 1 4 1 2 4 8
125   -9.137   69.401 0 1 1 4 1 2 4 8
126  -26.788   64.672 0 1 1 4 1 2 4 8
127  -64.672   26.788 0 1 1 4 1 2 4 8
128  -69.401    9.137 0 1 1 4 1 2 4 8
129  -69.401   -9.137 0 1 1 4 1 2 4 8
130  -64.672  -26.788 0 1 1 4 1 2 4 8
131  -26.788  -64.672 0 1 1 4 1 2 4 8
132   -9.137  -69.401 0 1 1 4 1 2 4 8
133    9.137  -69.401 0 1 1 4 1 2 4 8
134   26.788  -64.672 0 1 1 4 1 2 4 8
135   64.672  -26.788 0 1 1 4 1 2 4 8
136   69.401   -9.137 0 1 1 4 1 2 4 8
137  109.059   14.358 0 1 1 4 1 2 4 8
138  101.627   42.095 0 1 1 4 1 2 4 8
139   42.095  101.627 0 1 1 4 1 2 4 8
140   14.358  109.059 0 1 1 4 1 2 4 8
141  -14.358  109.059 0 1 1 4 1 2 4 8
142  -42.095  101.627 0 1 1 4 1 2 4 8
143 -101.627   42.095 0 1 1 4 1 2 4 8
144 -109.059   14.358 0 1 1 4 1 2 4 8
145 -109.059  -14.358 0 1 1 4 1 2 4 8
146 -101.627  -42.095 0 1 1 4 1 2 4 8
147  -42.095 -101.627 0 1 1 4 1 2 4 8
148  -14.358 -109.059 0 1 1 4 1 2 4 8
149   14.358 -109.059 0 1 1 4 1 2 4 8
150   42.095 -101.627 0 1 1 4 1 2 4 8
151  101.627  -42.095 0 1 1 4 1 2 4 8
152  109.059  -14.358 0 1 1 4 1 2 4 8
153  148.717   19.579 0 1 1 4 1 2 4 8
154  138.582   57.403 0 1 1 4 1 2 4 8
155   57.403  138.582 0 1 1 4 1 2 4 8
156   19.579  148.717 0 1 1 4 1 2 4 8
157  -19.579  148.717 0 1 1 4 1 2 4 8
158  -57.403  138.582 0 1 1 4 1 2 4 8
159 -138.582   57.403 0 1 1 4 1 2 4 8
160 -148.717   19.579 0 1 1 4 1 2 4 8
161 -148.717  -19.579 0 1 1 4 1 2 4 8
162 -138.582  -57.403 0 1 1 4 1 2 4 8
163  -57.403 -138.582 0 1 1 4 1 2 4 8
164  -19.579 -148.717 0 1 1 4 1 2 4 8
165   19.579 -148.717 0 1 1 4 1 2 4 8
166   57.403 -138.582 0 1 1 4 1 2 4 8
167  138.582  -57.403 0 1 1 4 1 2 4 8
168  148.717  -19.579 0 1 1 4 1 2 4 8
169  188.375   24.800 0 1 1 4 1 2 4 8
170  175.537   72.710 0 1 1 4 1 2 4 8
171   72.710  175.537 0 1 1 4 1 2 4 8
172   24.800  188.375 0 1 1 4 1 2 4 8
173  -24.800  188.375 0 1 1 4 1 2 4 8
174  -72.710  175.537 0 1 1 4 1 2 4 8
175 -175.537   72.710 0 1 1 4 1 2 4 8
176 -188.375   24.800 0 1 1 4 1 2 4 8
177 -188.375  -24.800 0 1 1 4 1 2 4 8
178 -175.537  -72.710 0 1 1 4 1 2 4 8
179  -72.710 -175.537 0 1 1 4 1 2 4 8
180  -24.800 -188.375 0 1 1 4 1 2 4 8
181   24.800 -188.375 0 1 1 4 1 2 4 8
182   72.710 -175.537 0 1 1 4 1 2 4 8
183  175.537  -72.710 0 1 1 4 1 2 4 8
184  188.375  -24.800 0 1 1 4 1 2 4 8
