1 6 60 4
0 20
0 20
0 20
0 20
  0    0.000    0.000 0 0 0 0
  1   10.000    0.000 0 5 4 1 15
  2    5.000    8.660 0 5 4 1 15
  3   -5.000    8.660 0 5 4 1 15
  4  -10.000    0.000 0 5 4 1 15
  5   -5.000   -8.660 0 5 4 1 15
  6    5.000   -8.660 0 5 4 1 15
  7   50.000    0.000 0 5 4 1 15
  8   25.000   43.301 0 5 4 1 15
  9  -25.000   43.301 0 5 4 1 15
 10  -50.000    0.000 0 5 4 1 15
 11  -25.000  -43.301 0 5 4 1 15
 12   25.000  -43.301 0 5 4 1 15
 13   19.696    3.473 0 2 2 2 5 10
 14   12.856   15.321 0 2 2 2 5 10
 15    6.840   18.794 0 2 2 2 5 10
 16   -6.840   18.794 0 2 2 2 5 10
 17  -12.856   15.321 0 2 2 2 5 10
 18  -19.696    3.473 0 2 2 2 5 10
 19  -19.696   -3.473 0 2 2 2 5 10
 20  -12.856  -15.321 0 2 2 2 5 10
 21   -6.840  -18.794 0 2 2 2 5 10
 22    6.840  -18.794 0 2 2 2 5 10
 23   12.856  -15.321 0 2 2 2 5 10
 24   19.696   -3.473 0 2 2 2 5 10
 25   39.392    6.946 0 2 2 2 5 10
 26   25.712   30.642 0 2 2 2 5 10
 27   13.681   37.588 0 2 2 2 5 10
 28  -13.681   37.588 0 2 2 2 5 10
 29  -25.712   30.642 0 2 2 2 5 10
 30  -39.392    6.946 0 2 2 2 5 10
 31  -39.392   -6.946 0 2 2 2 5 10
 32  -25.712  -30.642 0 2 2 2 5 10
 33  -13.681  -37.588 0 2 2 2 5 10
 34   13.681  -37.588 0 2 2 2 5 10
 35   25.712  -30.642 0 2 2 2 5 10
 36   39.392   -6.946 0 2 2 2 5 10
 37   29.886    2.615 0 1 1 4 1 2 4 8
 38   28.978    7.765 0 1 1 4 1 2 4 8
 39   21.213   21.213 0 1 1 4 1 2 4 8
 40   17.207   24.575 0 1 1 4 1 2 4 8
 41   12.679   27.189 0 1 1 4 1 2 4 8
 42    7.765   28.978 0 1 1 4 1 2 4 8
 43   -7.765   28.978 0 1 1 4 1 2 4 8
 44  -12.679   27.189 0 1 1 4 1 2 4 8
 45  -17.207   24.575 0 1 1 4 1 2 4 8
 46  -21.213   21.213 0 1 1 4 1 2 4 8
 47  -28.978    7.765 0 1 1 4 1 2 4 8
 48  -29.886    2.615 0 1 1 4 1 2 4 8
 49  -29.886   -2.615 0 1 1 4 1 2 4 8
 50  -28.978   -7.765 0 1 1 4 1 2 4 8
 51  -21.213  -21.213 0 1 1 4 1 2 4 8
 52  -17.207  -24.575 0 1 1 4 1 2 4 8
 53  -12.679  -27.189 0 1 1 4 1 2 4 8
 54   -7.765  -28.978 0 1 1 4 1 2 4 8
 55    7.765  -28.978 0 1 1 4 1 2 4 8
 56   12.679  -27.189 0 1 1 4 1 2 4 8
 57   17.207  -24.575 0 1 1 4 1 2 4 8
 58   21.213  -21.213 0 1 1 4 1 2 4 8
 59   28.978   -7.765 0 1 1 4 1 2 4 8
 60   29.886   -2.615 0 1 1 4 1 2 4 8

