1 6 114 4
0 30
0 30
0 30
0 30
  0    0.000    0.000 0 0 0 0
  1   10.000    0.000 0 5 4 1 15
  2    5.000    8.660 0 5 4 1 15
  3   -5.000    8.660 0 5 4 1 15
  4  -10.000    0.000 0 5 4 1 15
  5   -5.000   -8.660 0 5 4 1 15
  6    5.000   -8.660 0 5 4 1 15
  7   50.000    0.000 0 5 4 1 15
  8   25.000   43.301 0 5 4 1 15
  9  -25.000   43.301 0 5 4 1 15
 10  -50.000    0.000 0 5 4 1 15
 11  -25.000  -43.301 0 5 4 1 15
 12   25.000  -43.301 0 5 4 1 15
 13   90.000    0.000 0 5 4 1 15
 14   45.000   77.942 0 5 4 1 15
 15  -45.000   77.942 0 5 4 1 15
 16  -90.000    0.000 0 5 4 1 15
 17  -45.000  -77.942 0 5 4 1 15
 18   45.000  -77.942 0 5 4 1 15
 19   19.696    3.473 0 2 2 2 5 10
 20   12.856   15.321 0 2 2 2 5 10
 21    6.840   18.794 0 2 2 2 5 10
 22   -6.840   18.794 0 2 2 2 5 10
 23  -12.856   15.321 0 2 2 2 5 10
 24  -19.696    3.473 0 2 2 2 5 10
 25  -19.696   -3.473 0 2 2 2 5 10
 26  -12.856  -15.321 0 2 2 2 5 10
 27   -6.840  -18.794 0 2 2 2 5 10
 28    6.840  -18.794 0 2 2 2 5 10
 29   12.856  -15.321 0 2 2 2 5 10
 30   19.696   -3.473 0 2 2 2 5 10
 31   39.392    6.946 0 2 2 2 5 10
 32   25.712   30.642 0 2 2 2 5 10
 33   13.681   37.588 0 2 2 2 5 10
 34  -13.681   37.588 0 2 2 2 5 10
 35  -25.712   30.642 0 2 2 2 5 10
 36  -39.392    6.946 0 2 2 2 5 10
 37  -39.392   -6.946 0 2 2 2 5 10
 38  -25.712  -30.642 0 2 2 2 5 10
 39  -13.681  -37.588 0 2 2 2 5 10
 40   13.681  -37.588 0 2 2 2 5 10
 41   25.712  -30.642 0 2 2 2 5 10
 42   39.392   -6.946 0 2 2 2 5 10
 43   59.088   10.419 0 2 2 2 5 10
 44   38.567   45.963 0 2 2 2 5 10
 45   20.521   56.382 0 2 2 2 5 10
 46  -20.521   56.382 0 2 2 2 5 10
 47  -38.567   45.963 0 2 2 2 5 10
 48  -59.088   10.419 0 2 2 2 5 10
 49  -59.088  -10.419 0 2 2 2 5 10
 50  -38.567  -45.963 0 2 2 2 5 10
 51  -20.521  -56.382 0 2 2 2 5 10
 52   20.521  -56.382 0 2 2 2 5 10
 53   38.567  -45.963 0 2 2 2 5 10
 54   59.088  -10.419 0 2 2 2 5 10
 55   78.785   13.892 0 2 2 2 5 10
 56   51.423   61.284 0 2 2 2 5 10
 57   27.362   75.175 0 2 2 2 5 10
 58  -27.362   75.175 0 2 2 2 5 10
 59  -51.423   61.284 0 2 2 2 5 10
 60  -78.785   13.892 0 2 2 2 5 10
 61  -78.785  -13.892 0 2 2 2 5 10
 62  -51.423  -61.284 0 2 2 2 5 10
 63  -27.362  -75.175 0 2 2 2 5 10
 64   27.362  -75.175 0 2 2 2 5 10
 65   51.423  -61.284 0 2 2 2 5 10
 66   78.785  -13.892 0 2 2 2 5 10
 67   29.886    2.615 0 1 1 4 1 2 4 8
 68   28.978    7.765 0 1 1 4 1 2 4 8
 69   21.213   21.213 0 1 1 4 1 2 4 8
 70   17.207   24.575 0 1 1 4 1 2 4 8
 71   12.679   27.189 0 1 1 4 1 2 4 8
 72    7.765   28.978 0 1 1 4 1 2 4 8
 73   -7.765   28.978 0 1 1 4 1 2 4 8
 74  -12.679   27.189 0 1 1 4 1 2 4 8
 75  -17.207   24.575 0 1 1 4 1 2 4 8
 76  -21.213   21.213 0 1 1 4 1 2 4 8
 77  -28.978    7.765 0 1 1 4 1 2 4 8
 78  -29.886    2.615 0 1 1 4 1 2 4 8
 79  -29.886   -2.615 0 1 1 4 1 2 4 8
 80  -28.978   -7.765 0 1 1 4 1 2 4 8
 81  -21.213  -21.213 0 1 1 4 1 2 4 8
 82  -17.207  -24.575 0 1 1 4 1 2 4 8
 83  -12.679  -27.189 0 1 1 4 1 2 4 8
 84   -7.765  -28.978 0 1 1 4 1 2 4 8
 85    7.765  -28.978 0 1 1 4 1 2 4 8
 86   12.679  -27.189 0 1 1 4 1 2 4 8
 87   17.207  -24.575 0 1 1 4 1 2 4 8
 88   21.213  -21.213 0 1 1 4 1 2 4 8
 89   28.978   -7.765 0 1 1 4 1 2 4 8
 90   29.886   -2.615 0 1 1 4 1 2 4 8
 91   69.734    6.101 0 1 1 4 1 2 4 8
 92   67.615   18.117 0 1 1 4 1 2 4 8
 93   49.497   49.497 0 1 1 4 1 2 4 8
 94   40.150   57.341 0 1 1 4 1 2 4 8
 95   29.583   63.442 0 1 1 4 1 2 4 8
 96   18.117   67.615 0 1 1 4 1 2 4 8
 97  -18.117   67.615 0 1 1 4 1 2 4 8
 98  -29.583   63.442 0 1 1 4 1 2 4 8
 99  -40.150   57.341 0 1 1 4 1 2 4 8
100  -49.497   49.497 0 1 1 4 1 2 4 8
101  -67.615   18.117 0 1 1 4 1 2 4 8
102  -69.734    6.101 0 1 1 4 1 2 4 8
103  -69.734   -6.101 0 1 1 4 1 2 4 8
104  -67.615  -18.117 0 1 1 4 1 2 4 8
105  -49.497  -49.497 0 1 1 4 1 2 4 8
106  -40.150  -57.341 0 1 1 4 1 2 4 8
107  -29.583  -63.442 0 1 1 4 1 2 4 8
108  -18.117  -67.615 0 1 1 4 1 2 4 8
109   18.117  -67.615 0 1 1 4 1 2 4 8
110   29.583  -63.442 0 1 1 4 1 2 4 8
111   40.150  -57.341 0 1 1 4 1 2 4 8
112   49.497  -49.497 0 1 1 4 1 2 4 8
113   67.615  -18.117 0 1 1 4 1 2 4 8
114   69.734   -6.101 0 1 1 4 1 2 4 8
