1 6 168 4
0 40
0 40
0 40
0 40
  0    0.000    0.000 0 0 0 0
  1   10.000    0.000 0 5 4 1 15
  2    5.000    8.660 0 5 4 1 15
  3   -5.000    8.660 0 5 4 1 15
  4  -10.000    0.000 0 5 4 1 15
  5   -5.000   -8.660 0 5 4 1 15
  6    5.000   -8.660 0 5 4 1 15
  7   50.000    0.000 0 5 4 1 15
  8   25.000   43.301 0 5 4 1 15
  9  -25.000   43.301 0 5 4 1 15
 10  -50.000    0.000 0 5 4 1 15
 11  -25.000  -43.301 0 5 4 1 15
 12   25.000  -43.301 0 5 4 1 15
 13   90.000    0.000 0 5 4 1 15
 14   45.000   77.942 0 5 4 1 15
 15  -45.000   77.942 0 5 4 1 15
 16  -90.000    0.000 0 5 4 1 15
 17  -45.000  -77.942 0 5 4 1 15
 18   45.000  -77.942 0 5 4 1 15
 19  130.000    0.000 0 5 4 1 15
 20   65.000  112.583 0 5 4 1 15
 21  -65.000  112.583 0 5 4 1 15
 22 -130.000    0.000 0 5 4 1 15
 23  -65.000 -112.583 0 5 4 1 15
 24   65.000 -112.583 0 5 4 1 15
 25   19.696    3.473 0 2 2 2 5 10
 26   12.856   15.321 0 2 2 2 5 10
 27    6.840   18.794 0 2 2 2 5 10
 28   -6.840   18.794 0 2 2 2 5 10
 29  -12.856   15.321 0 2 2 2 5 10
 30  -19.696    3.473 0 2 2 2 5 10
 31  -19.696   -3.473 0 2 2 2 5 10
 32  -12.856  -15.321 0 2 2 2 5 10
 33   -6.840  -18.794 0 2 2 2 5 10
 34    6.840  -18.794 0 2 2 2 5 10
 35   12.856  -15.321 0 2 2 2 5 10
 36   19.696   -3.473 0 2 2 2 5 10
 37   39.392    6.946 0 2 2 2 5 10
 38   25.712   30.640 2 2 2 2 5 10
 39   13.681   37.588 0 2 2 2 5 10
 40  -13.681   37.588 0 2 2 2 5 10
 41  -25.712   30.640 2 2 2 2 5 10
 42  -39.392    6.946 0 2 2 2 5 10
 43  -39.392   -6.946 0 2 2 2 5 10
 44  -25.712  -30.640 2 2 2 2 5 10
 45  -13.681  -37.588 0 2 2 2 5 10
 46   13.681  -37.588 0 2 2 2 5 10
 47   25.712  -30.640 2 2 2 2 5 10
 48   39.392   -6.946 0 2 2 2 5 10
 49   59.088   10.419 0 2 2 2 5 10
 50   38.567   45.963 0 2 2 2 5 10
 51   20.521   56.380 2 2 2 2 5 10
 52  -20.521   56.380 2 2 2 2 5 10
 53  -38.567   45.963 0 2 2 2 5 10
 54  -59.088   10.419 0 2 2 2 5 10
 55  -59.088  -10.419 0 2 2 2 5 10
 56  -38.567  -45.963 0 2 2 2 5 10
 57  -20.521  -56.380 2 2 2 2 5 10
 58   20.521  -56.380 2 2 2 2 5 10
 59   38.567  -45.963 0 2 2 2 5 10
 60   59.088  -10.419 0 2 2 2 5 10
 61   78.785   13.890 2 2 2 2 5 10
 62   51.423   61.284 0 2 2 2 5 10
 63   27.362   75.175 0 2 2 2 5 10
 64  -27.362   75.175 0 2 2 2 5 10
 65  -51.423   61.284 0 2 2 2 5 10
 66  -78.785   13.890 2 2 2 2 5 10
 67  -78.785  -13.890 2 2 2 2 5 10
 68  -51.423  -61.284 0 2 2 2 5 10
 69  -27.362  -75.175 0 2 2 2 5 10
 70   27.362  -75.175 0 2 2 2 5 10
 71   51.423  -61.284 0 2 2 2 5 10
 72   78.785  -13.890 2 2 2 2 5 10
 73   98.481   17.365 0 2 2 2 5 10
 74   64.279   76.604 0 2 2 2 5 10
 75   34.202   93.969 0 2 2 2 5 10
 76  -34.202   93.969 0 2 2 2 5 10
 77  -64.279   76.604 0 2 2 2 5 10
 78  -98.481   17.365 0 2 2 2 5 10
 79  -98.481  -17.365 0 2 2 2 5 10
 80  -64.279  -76.604 0 2 2 2 5 10
 81  -34.202  -93.969 0 2 2 2 5 10
 82   34.202  -93.969 0 2 2 2 5 10
 83   64.279  -76.604 0 2 2 2 5 10
 84   98.481  -17.365 0 2 2 2 5 10
 85  118.177   20.838 0 2 2 2 5 10
 86   77.135   91.925 0 2 2 2 5 10
 87   41.042  112.763 0 2 2 2 5 10
 88  -41.042  112.763 0 2 2 2 5 10
 89  -77.135   91.925 0 2 2 2 5 10
 90 -118.177   20.838 0 2 2 2 5 10
 91 -118.177  -20.838 0 2 2 2 5 10
 92  -77.135  -91.925 0 2 2 2 5 10
 93  -41.042 -112.763 0 2 2 2 5 10
 94   41.042 -112.763 0 2 2 2 5 10
 95   77.135  -91.925 0 2 2 2 5 10
 96  118.177  -20.838 0 2 2 2 5 10
 97   29.886    2.615 0 1 1 4 1 2 4 8
 98   28.978    7.765 0 1 1 4 1 2 4 8
 99   21.213   21.213 0 1 1 4 1 2 4 8
100   17.207   24.575 0 1 1 4 1 2 4 8
101   12.679   27.189 0 1 1 4 1 2 4 8
102    7.765   28.978 0 1 1 4 1 2 4 8
103   -7.765   28.978 0 1 1 4 1 2 4 8
104  -12.679   27.189 0 1 1 4 1 2 4 8
105  -17.207   24.575 0 1 1 4 1 2 4 8
106  -21.213   21.213 0 1 1 4 1 2 4 8
107  -28.978    7.765 0 1 1 4 1 2 4 8
108  -29.886    2.615 0 1 1 4 1 2 4 8
109  -29.886   -2.615 0 1 1 4 1 2 4 8
110  -28.978   -7.765 0 1 1 4 1 2 4 8
111  -21.213  -21.213 0 1 1 4 1 2 4 8
112  -17.207  -24.575 0 1 1 4 1 2 4 8
113  -12.679  -27.189 0 1 1 4 1 2 4 8
114   -7.765  -28.978 0 1 1 4 1 2 4 8
115    7.765  -28.978 0 1 1 4 1 2 4 8
116   12.679  -27.189 0 1 1 4 1 2 4 8
117   17.207  -24.575 0 1 1 4 1 2 4 8
118   21.213  -21.213 0 1 1 4 1 2 4 8
119   28.978   -7.765 0 1 1 4 1 2 4 8
120   29.886   -2.615 0 1 1 4 1 2 4 8
121   69.734    6.101 0 1 1 4 1 2 4 8
122   67.615   18.117 0 1 1 4 1 2 4 8
123   49.497   49.497 0 1 1 4 1 2 4 8
124   40.150   57.341 0 1 1 4 1 2 4 8
125   29.583   63.442 0 1 1 4 1 2 4 8
126   18.117   67.615 0 1 1 4 1 2 4 8
127  -18.117   67.615 0 1 1 4 1 2 4 8
128  -29.583   63.442 0 1 1 4 1 2 4 8
129  -40.150   57.341 0 1 1 4 1 2 4 8
130  -49.497   49.497 0 1 1 4 1 2 4 8
131  -67.615   18.117 0 1 1 4 1 2 4 8
132  -69.734    6.101 0 1 1 4 1 2 4 8
133  -69.734   -6.101 0 1 1 4 1 2 4 8
134  -67.615  -18.117 0 1 1 4 1 2 4 8
135  -49.497  -49.497 0 1 1 4 1 2 4 8
136  -40.150  -57.341 0 1 1 4 1 2 4 8
137  -29.583  -63.442 0 1 1 4 1 2 4 8
138  -18.117  -67.615 0 1 1 4 1 2 4 8
139   18.117  -67.615 0 1 1 4 1 2 4 8
140   29.583  -63.442 0 1 1 4 1 2 4 8
141   40.150  -57.341 0 1 1 4 1 2 4 8
142   49.497  -49.497 0 1 1 4 1 2 4 8
143   67.615  -18.117 0 1 1 4 1 2 4 8
144   69.734   -6.101 0 1 1 4 1 2 4 8
145  109.581    9.587 0 1 1 4 1 2 4 8
146  106.252   28.470 0 1 1 4 1 2 4 8
147   77.782   77.782 0 1 1 4 1 2 4 8
148   63.093   90.107 0 1 1 4 1 2 4 8
149   46.488   99.694 0 1 1 4 1 2 4 8
150   28.470  106.252 0 1 1 4 1 2 4 8
151  -28.470  106.252 0 1 1 4 1 2 4 8
152  -46.488   99.694 0 1 1 4 1 2 4 8
153  -63.093   90.107 0 1 1 4 1 2 4 8
154  -77.782   77.782 0 1 1 4 1 2 4 8
155 -106.252   28.470 0 1 1 4 1 2 4 8
156 -109.581    9.587 0 1 1 4 1 2 4 8
157 -109.581   -9.587 0 1 1 4 1 2 4 8
158 -106.252  -28.470 0 1 1 4 1 2 4 8
159  -77.782  -77.782 0 1 1 4 1 2 4 8
160  -63.093  -90.107 0 1 1 4 1 2 4 8
161  -46.488  -99.694 0 1 1 4 1 2 4 8
162  -28.470 -106.252 0 1 1 4 1 2 4 8
163   28.470 -106.252 0 1 1 4 1 2 4 8
164   46.488  -99.694 0 1 1 4 1 2 4 8
165   63.093  -90.107 0 1 1 4 1 2 4 8
166   77.782  -77.782 0 1 1 4 1 2 4 8
167  106.252  -28.470 0 1 1 4 1 2 4 8
168  109.581   -9.587 0 1 1 4 1 2 4 8
