1 2 48 4
500 200
500 200
500 200
500 200
  0 -10.442  19.999  0  0 0 0
  1 -29.730  64.136  2 12 4 1 15
  2 -30.664   5.463  7  8 4 1 15
  3  51.642   5.469 21 16 4 1 15
  4 -13.171  69.336 24  5 4 1 15
  5 -67.413  68.323  1 12 4 1 15
  6  48.907   6.274 17  5 4 1 15
  7   5.243  22.260  6 13 4 1 15
  8 -65.002  77.234  5 20 4 1 15
  9  -4.175  -1.569  7 13 4 1 15
 10  23.029  11.639  1 18 4 1 15
 11  25.482   6.287  4  7 4 1 15
 12 -42.615 -26.392 10  6 4 1 15
 13 -76.672  99.341  2  9 2 2 5 10
 14 -20.673  57.892 16  9 2 2 5 10
 15 -52.039   6.567 23  4 2 2 5 10
 16 -41.376  50.824 18 25 2 2 5 10
 17 -91.943  27.588  3  5 2 2 5 10
 18 -65.118  30.212 15 17 2 2 5 10
 19  18.597  96.716 13  3 2 2 5 10
 20 -40.942  83.209 10 16 2 2 5 10
 21 -37.756 -33.325  4 25 2 2 5 10
 22  23.767  29.083 23 21 2 2 5 10
 23 -43.030  20.453 20 14 2 2 5 10
 24 -35.297 -24.896 10 19 2 2 5 10
 25 -54.755  14.368  4 14 1 4 1 2 4 8
 26 -49.329  33.374  2  6 1 4 1 2 4 8
 27  57.404  23.822 23 16 1 4 1 2 4 8
 28 -22.754  55.408  6  9 1 4 1 2 4 8
 29 -56.622  73.340  8 20 1 4 1 2 4 8
 30 -38.562  -3.705 10 13 1 4 1 2 4 8
 31 -16.779  19.537  7 10 1 4 1 2 4 8
 32 -11.560  11.615  1 16 1 4 1 2 4 8
 33 -46.545  97.974 21 19 1 4 1 2 4 8
 34  16.229   9.320  6 22 1 4 1 2 4 8
 35   1.294   7.349  4 14 1 4 1 2 4 8
 36 -26.404  29.529 13 10 1 4 1 2 4 8
 37   4.352  14.685  9 11 1 4 1 2 4 8
 38 -50.665 -23.126 22 15 1 4 1 2 4 8
 39 -22.833  -9.814 22 13 1 4 1 2 4 8
 40 -71.100 -18.616 18 15 1 4 1 2 4 8
 41  -7.849  32.074 10  8 1 4 1 2 4 8
 42  11.877 -24.933 25 22 1 4 1 2 4 8
 43 -18.927 -23.730 23 24 1 4 1 2 4 8
 44 -11.920  11.755  4  3 1 4 1 2 4 8
 45  29.840  11.633  9 25 1 4 1 2 4 8
 46  12.268 -55.811 17 19 1 4 1 2 4 8
 47 -37.933 -21.613 10 21 1 4 1 2 4 8
 48  42.883  -2.966 17 10 1 4 1 2 4 8

