# Instance R103.100_25-5-5-5 - 90 dynamic requests - 10 static requests
Dyn   Stat
90    10
ID    RD
43    -1
49    -1
55    -1
57    -1
62    -1
69    -1
71    -1
77    -1
78    -1
87    -1
26    0
27    0
28    0
29    69
30    0
31    90
32    0
33    20
34    23
35    14
36    5
37    0
38    30
39    0
40    20
41    0
42    101
44    0
45    0
46    0
47    45
48    11
50    68
51    0
52    17
53    0
54    0
56    0
58    3
59    0
60    19
61    0
63    8
64    3
65    69
66    55
67    1
68    0
70    0
72    0
73    0
74    18
75    0
76    0
79    0
80    100
81    57
82    0
83    175
84    0
85    0
86    0
88    0
89    11
90    0
91    50
92    18
93    2
94    39
95    156
96    0
97    0
98    0
99    75
100   0
101   2
102   89
103   20
104   34
105   156
106   0
107   0
108   0
109   27
110   0
111   0
112   6
113   44
114   0
115   0
116   0
117   0
118   32
119   0
120   0
121   0
122   0
123   0
124   22
125   2
