# Instance R105.100_25-5-5-5 - 90 dynamic requests - 10 static requests
Dyn   Stat
90    10
ID    RD
27    -1
34    -1
48    -1
50    -1
53    -1
96    -1
101   -1
105   -1
111   -1
117   -1
26    28
28    69
29    126
30    12
31    1
32    54
33    8
35    13
36    24
37    46
38    128
39    0
40    6
41    49
42    40
43    40
44    0
45    41
46    27
47    3
49    5
51    2
52    21
54    8
55    22
56    18
57    7
58    3
59    69
60    91
61    1
62    73
63    29
64    12
65    14
66    50
67    14
68    51
69    5
70    8
71    31
72    6
73    126
74    26
75    32
76    28
77    14
78    52
79    74
80    35
81    101
82    31
83    141
84    5
85    13
86    52
87    19
88    9
89    8
90    0
91    65
92    1
93    107
94    8
95    26
97    8
98    38
99    65
100   36
102   78
103   19
104   73
106   41
107   20
108   27
109   12
110   26
112   58
113   20
114   38
115   26
116   6
118   134
119   13
120   8
121   63
122   12
123   32
124   42
125   12
