# Instance R105.100_25-5-5-5 - 50 dynamic requests - 50 static requests
Dyn   Stat
50    50
ID    RD
26    -1
27    -1
29    -1
31    -1
33    -1
35    -1
36    -1
37    -1
40    -1
42    -1
44    -1
45    -1
48    -1
50    -1
52    -1
53    -1
55    -1
56    -1
57    -1
58    -1
59    -1
64    -1
66    -1
67    -1
68    -1
69    -1
72    -1
74    -1
78    -1
79    -1
85    -1
86    -1
88    -1
90    -1
91    -1
92    -1
94    -1
98    -1
101   -1
104   -1
105   -1
106   -1
109   -1
110   -1
112   -1
115   -1
116   -1
118   -1
120   -1
124   -1
28    14
30    3
32    26
34    1
38    28
39    3
41    4
43    11
46    44
47    43
49    62
51    44
54    2
60    36
61    3
62    100
63    36
65    24
70    0
71    32
73    15
75    1
76    57
77    29
80    67
81    38
82    66
83    175
84    7
87    6
89    3
93    10
95    124
96    32
97    9
99    90
100   35
102   125
103   34
107   40
108   2
111   55
113   45
114   28
117   14
119   7
121   86
122   75
123   35
125   74
