# Instance R109.100_25-5-5-5 - 50 dynamic requests - 50 static requests
Dyn   Stat
50    50
ID    RD
27    -1
28    -1
33    -1
35    -1
37    -1
39    -1
40    -1
41    -1
42    -1
45    -1
46    -1
47    -1
48    -1
50    -1
51    -1
54    -1
56    -1
57    -1
58    -1
60    -1
62    -1
63    -1
64    -1
66    -1
68    -1
69    -1
74    -1
75    -1
77    -1
78    -1
82    -1
90    -1
92    -1
93    -1
97    -1
98    -1
99    -1
100   -1
104   -1
106   -1
107   -1
110   -1
111   -1
112   -1
115   -1
116   -1
118   -1
119   -1
122   -1
125   -1
26    99
29    6
30    6
31    9
32    17
34    37
36    1
38    49
43    52
44    39
49    91
52    1
53    6
55    44
59    55
61    19
65    36
67    10
70    4
71    71
72    0
73    36
76    50
79    34
80    103
81    29
83    48
84    1
85    123
86    15
87    25
88    10
89    4
91    66
94    22
95    100
96    25
101   31
102   37
103   55
105   107
108   8
109   12
113   43
114   127
117   4
120   1
121   11
123   9
124   15
