# Instance R110.100_25-5-5-5 - 90 dynamic requests - 10 static requests
Dyn   Stat
90    10
ID    RD
32    -1
47    -1
52    -1
54    -1
65    -1
67    -1
71    -1
77    -1
80    -1
96    -1
26    79
27    18
28    8
29    50
30    18
31    48
33    36
34    21
35    43
36    11
37    36
38    54
39    25
40    19
41    20
42    39
43    48
44    9
45    74
46    11
48    33
49    36
50    19
51    104
53    6
55    1
56    0
57    72
58    15
59    85
60    16
61    25
62    44
63    5
64    12
66    38
68    78
69    13
70    8
72    23
73    88
74    45
75    83
76    46
78    57
79    105
81    51
82    69
83    41
84    6
85    126
86    53
87    23
88    27
89    20
90    41
91    69
92    19
93    16
94    5
95    15
97    18
98    13
99    55
100   10
101   1
102   12
103   11
104   57
105   2
106   46
107   15
108   2
109   15
110   37
111   40
112   60
113   21
114   28
115   23
116   102
117   5
118   22
119   69
120   4
121   78
122   101
123   27
124   29
125   7
