# Instance R201.100_25-5-5-5 - 30 dynamic requests - 70 static requests
Dyn   Stat
30    70
ID    RD
28    -1
30    -1
31    -1
33    -1
34    -1
35    -1
36    -1
38    -1
39    -1
41    -1
42    -1
45    -1
46    -1
47    -1
48    -1
50    -1
51    -1
54    -1
55    -1
56    -1
57    -1
58    -1
60    -1
61    -1
63    -1
64    -1
65    -1
66    -1
67    -1
68    -1
70    -1
71    -1
72    -1
73    -1
74    -1
76    -1
77    -1
79    -1
81    -1
82    -1
83    -1
84    -1
85    -1
86    -1
87    -1
90    -1
91    -1
93    -1
94    -1
96    -1
97    -1
98    -1
100   -1
102   -1
103   -1
105   -1
106   -1
108   -1
109   -1
110   -1
111   -1
112   -1
113   -1
114   -1
116   -1
118   -1
119   -1
122   -1
123   -1
125   -1
26    171
27    138
29    133
32    184
37    40
40    92
43    120
44    125
49    376
52    68
53    35
59    135
62    286
69    92
75    46
78    267
80    211
88    17
89    194
92    28
95    284
99    543
101   122
104   159
107   57
115   221
117   3
120   69
121   136
124   199
