# Instance R202.100_25-5-5-5 - 50 dynamic requests - 50 static requests
Dyn   Stat
50    50
ID    RD
27    -1
29    -1
32    -1
33    -1
34    -1
35    -1
36    -1
37    -1
38    -1
40    -1
41    -1
43    -1
44    -1
46    -1
47    -1
48    -1
50    -1
54    -1
55    -1
58    -1
59    -1
60    -1
64    -1
65    -1
66    -1
67    -1
71    -1
72    -1
78    -1
79    -1
81    -1
83    -1
85    -1
87    -1
90    -1
91    -1
94    -1
96    -1
97    -1
101   -1
102   -1
103   -1
104   -1
105   -1
108   -1
109   -1
110   -1
113   -1
118   -1
125   -1
26    0
28    0
30    0
31    244
39    26
42    643
45    393
49    185
51    0
52    38
53    50
56    0
57    288
61    18
62    0
63    302
68    488
69    54
70    17
73    0
74    366
75    0
76    30
77    0
80    229
82    44
84    0
86    5
88    8
89    88
92    264
93    475
95    337
98    163
99    358
100   0
106   222
107   0
111   345
112   116
114   39
115   184
116   0
117   18
119   0
120   0
121   0
122   198
123   0
124   220
