# Instance R203.100_25-5-5-5 - 30 dynamic requests - 70 static requests
Dyn   Stat
30    70
ID    RD
26    -1
27    -1
28    -1
29    -1
30    -1
31    -1
34    -1
35    -1
36    -1
37    -1
38    -1
40    -1
41    -1
42    -1
43    -1
45    -1
47    -1
49    -1
50    -1
51    -1
57    -1
58    -1
59    -1
60    -1
61    -1
62    -1
63    -1
64    -1
65    -1
67    -1
71    -1
72    -1
73    -1
74    -1
75    -1
76    -1
78    -1
80    -1
81    -1
82    -1
84    -1
85    -1
86    -1
87    -1
88    -1
89    -1
90    -1
91    -1
92    -1
95    -1
96    -1
98    -1
99    -1
101   -1
102   -1
104   -1
105   -1
106   -1
109   -1
110   -1
111   -1
112   -1
114   -1
115   -1
116   -1
117   -1
119   -1
120   -1
121   -1
122   -1
32    0
33    250
39    0
44    0
46    0
48    21
52    30
53    0
54    0
55    162
56    0
66    228
68    0
69    144
70    27
77    0
79    0
83    253
93    162
94    149
97    0
100   0
103   230
107   0
108   0
113   83
118   102
123   0
124   276
125   723
