# Instance R203.100_25-5-5-5 - 90 dynamic requests - 10 static requests
Dyn   Stat
90    10
ID    RD
36    -1
42    -1
52    -1
54    -1
59    -1
65    -1
84    -1
105   -1
112   -1
118   -1
26    0
27    0
28    0
29    177
30    0
31    266
32    0
33    262
34    314
35    505
37    0
38    140
39    0
40    71
41    0
43    0
44    0
45    0
46    0
47    367
48    6
49    0
50    578
51    0
53    0
55    184
56    0
57    0
58    11
60    654
61    33
62    0
63    279
64    8
66    307
67    1
68    0
69    133
70    1
71    0
72    0
73    0
74    473
75    0
76    0
77    0
78    209
79    0
80    356
81    154
82    0
83    489
85    0
86    0
87    102
88    0
89    120
90    43
91    139
92    213
93    155
94    127
95    14
96    0
97    0
98    0
99    284
100   0
101   284
102   211
103   132
104   117
106   0
107   0
108   0
109   78
110   0
111   0
113   99
114   0
115   0
116   0
117   4
119   0
120   0
121   0
122   0
123   0
124   40
125   456
