# Instance R203.100_25-5-5-5 - 50 dynamic requests - 50 static requests
Dyn   Stat
50    50
ID    RD
28    -1
29    -1
30    -1
32    -1
33    -1
35    -1
37    -1
38    -1
41    -1
42    -1
43    -1
44    -1
48    -1
49    -1
50    -1
51    -1
52    -1
53    -1
58    -1
64    -1
66    -1
67    -1
69    -1
71    -1
72    -1
74    -1
80    -1
82    -1
84    -1
85    -1
87    -1
88    -1
89    -1
90    -1
92    -1
95    -1
98    -1
101   -1
102   -1
103   -1
106   -1
108   -1
109   -1
112   -1
113   -1
114   -1
116   -1
117   -1
121   -1
122   -1
26    0
27    0
31    313
34    224
36    71
39    0
40    149
45    0
46    0
47    213
54    0
55    61
56    0
57    0
59    0
60    408
61    0
62    0
63    171
65    210
68    0
70    14
73    0
75    0
76    0
77    0
78    106
79    0
81    111
83    414
86    0
91    305
93    633
94    131
96    0
97    0
99    444
100   0
104   163
105   642
107   0
110   0
111   0
115   0
118   96
119   0
120   0
123   0
124   232
125   76
