# Instance R205.100_25-5-5-5 - 90 dynamic requests - 10 static requests
Dyn   Stat
90    10
ID    RD
28    -1
32    -1
36    -1
41    -1
52    -1
66    -1
86    -1
91    -1
99    -1
121   -1
26    640
27    89
29    417
30    17
31    172
33    21
34    190
35    34
37    69
38    472
39    30
40    87
42    525
43    126
44    3
45    133
46    55
47    127
48    62
49    632
50    618
51    412
53    28
54    93
55    85
56    84
57    459
58    20
59    198
60    108
61    17
62    475
63    25
64    28
65    261
67    6
68    266
69    121
70    7
71    301
72    8
73    321
74    33
75    313
76    160
77    73
78    281
79    267
80    533
81    174
82    130
83    572
84    17
85    407
87    47
88    22
89    118
90    38
92    100
93    128
94    78
95    726
96    69
97    21
98    177
100   80
101   33
102   431
103   288
104   247
105   426
106   174
107   4
108   17
109   257
110   233
111   184
112   157
113   9
114   679
115   133
116   660
117   0
118   524
119   112
120   29
122   102
123   78
124   225
125   713
