# Instance R205.100_25-5-5-5 - 50 dynamic requests - 50 static requests
Dyn   Stat
50    50
ID    RD
27    -1
28    -1
31    -1
32    -1
34    -1
36    -1
37    -1
39    -1
42    -1
46    -1
48    -1
51    -1
52    -1
55    -1
56    -1
57    -1
60    -1
61    -1
62    -1
65    -1
67    -1
69    -1
70    -1
72    -1
74    -1
76    -1
77    -1
78    -1
87    -1
89    -1
90    -1
93    -1
98    -1
100   -1
101   -1
103   -1
104   -1
106   -1
107   -1
109   -1
110   -1
111   -1
115   -1
117   -1
118   -1
119   -1
120   -1
121   -1
123   -1
125   -1
26    19
29    579
30    0
33    270
35    276
38    541
40    69
41    92
43    220
44    35
45    197
47    170
49    113
50    478
53    40
54    34
58    3
59    284
63    179
64    10
66    254
68    491
71    435
73    350
75    446
79    183
80    119
81    196
82    221
83    494
84    12
85    400
86    80
88    17
91    121
92    71
94    74
95    468
96    170
97    1
99    206
102   142
105   183
108   37
112   128
113   54
114   21
116   415
122   60
124   205
