# Instance R208.100_25-5-5-5 - 50 dynamic requests - 50 static requests
Dyn   Stat
50    50
ID    RD
26    -1
28    -1
34    -1
35    -1
36    -1
39    -1
43    -1
44    -1
47    -1
48    -1
49    -1
50    -1
52    -1
55    -1
57    -1
58    -1
60    -1
61    -1
62    -1
63    -1
64    -1
65    -1
76    -1
77    -1
79    -1
80    -1
82    -1
84    -1
86    -1
87    -1
88    -1
90    -1
91    -1
93    -1
95    -1
96    -1
97    -1
98    -1
103   -1
104   -1
105   -1
107   -1
108   -1
109   -1
110   -1
116   -1
117   -1
118   -1
119   -1
121   -1
27    0
29    490
30    0
31    0
32    0
33    322
37    0
38    485
40    20
41    0
42    0
45    0
46    0
51    0
53    0
54    0
56    0
59    0
66    0
67    0
68    0
69    112
70    0
71    0
72    0
73    0
74    0
75    0
78    92
81    0
83    449
85    0
89    0
92    193
94    26
99    287
100   0
101   193
102   334
106   0
111   0
112   72
113   0
114   0
115   0
120   0
122   0
123   0
124   71
125   249
