# Instance R208.100_25-5-5-5 - 90 dynamic requests - 10 static requests
Dyn   Stat
90    10
ID    RD
36    -1
41    -1
58    -1
79    -1
82    -1
92    -1
98    -1
103   -1
122   -1
123   -1
26    0
27    0
28    0
29    456
30    0
31    0
32    0
33    138
34    138
35    0
37    0
38    93
39    0
40    29
42    0
43    0
44    0
45    0
46    0
47    0
48    46
49    0
50    561
51    0
52    0
53    0
54    0
55    0
56    0
57    0
59    0
60    0
61    0
62    0
63    75
64    0
65    0
66    0
67    0
68    0
69    8
70    0
71    0
72    0
73    0
74    0
75    0
76    0
77    0
78    75
80    406
81    0
83    256
84    0
85    0
86    0
87    8
88    0
89    0
90    0
91    0
93    0
94    71
95    0
96    0
97    0
99    545
100   0
101   60
102   458
104   180
105   0
106   0
107   0
108   0
109   256
110   0
111   0
112   189
113   0
114   0
115   0
116   0
117   1
118   0
119   0
120   0
121   0
124   68
125   221
