# Instance R209.100_25-5-5-5 - 50 dynamic requests - 50 static requests
Dyn   Stat
50    50
ID    RD
29    -1
30    -1
31    -1
34    -1
37    -1
38    -1
39    -1
42    -1
44    -1
45    -1
46    -1
47    -1
48    -1
51    -1
52    -1
54    -1
55    -1
57    -1
58    -1
59    -1
61    -1
64    -1
65    -1
68    -1
72    -1
73    -1
74    -1
75    -1
81    -1
83    -1
84    -1
88    -1
89    -1
93    -1
96    -1
100   -1
102   -1
103   -1
104   -1
108   -1
110   -1
112   -1
114   -1
116   -1
117   -1
118   -1
119   -1
120   -1
124   -1
125   -1
26    597
27    49
28    455
32    24
33    7
35    23
36    14
40    13
41    139
43    130
49    568
50    209
53    33
56    40
60    335
62    490
63    109
66    213
67    17
69    23
70    4
71    187
76    254
77    8
78    269
79    74
80    145
82    106
85    23
86    134
87    19
90    24
91    171
92    112
94    0
95    169
97    8
98    105
99    28
101   33
105   11
106   178
107   65
109   245
111   31
113   23
115   248
121   465
122   318
123   36
