# Instance R209.100_25-5-5-5 - 90 dynamic requests - 10 static requests
Dyn   Stat
90    10
ID    RD
28    -1
29    -1
31    -1
36    -1
48    -1
100   -1
113   -1
114   -1
118   -1
121   -1
26    539
27    59
30    14
32    194
33    80
34    124
35    8
37    102
38    318
39    28
40    11
41    221
42    49
43    294
44    56
45    262
46    141
47    217
49    275
50    310
51    510
52    0
53    12
54    109
55    61
56    23
57    35
58    22
59    287
60    81
61    3
62    278
63    90
64    7
65    127
66    86
67    9
68    334
69    7
70    27
71    116
72    9
73    70
74    405
75    239
76    52
77    44
78    104
79    290
80    376
81    237
82    183
83    299
84    13
85    213
86    134
87    2
88    15
89    5
90    8
91    0
92    8
93    204
94    0
95    103
96    206
97    14
98    124
99    81
101   84
102   291
103   149
104   183
105   134
106   130
107   24
108   19
109   112
110   158
111   81
112   229
115   156
116   294
117   17
119   43
120   4
122   437
123   79
124   134
125   132
