# Instance R210.100_25-5-5-5 - 50 dynamic requests - 50 static requests
Dyn   Stat
50    50
ID    RD
26    -1
27    -1
29    -1
30    -1
31    -1
32    -1
35    -1
37    -1
38    -1
39    -1
44    -1
45    -1
49    -1
51    -1
56    -1
60    -1
62    -1
65    -1
66    -1
67    -1
68    -1
69    -1
70    -1
72    -1
73    -1
74    -1
76    -1
77    -1
78    -1
80    -1
82    -1
83    -1
85    -1
86    -1
90    -1
91    -1
92    -1
96    -1
97    -1
98    -1
99    -1
101   -1
102   -1
113   -1
114   -1
115   -1
116   -1
117   -1
122   -1
124   -1
28    96
33    157
34    246
36    106
40    35
41    29
42    593
43    191
46    15
47    156
48    113
50    221
52    17
53    0
54    26
55    67
57    17
58    8
59    136
61    33
63    256
64    11
71    16
75    76
79    49
81    185
84    3
87    164
88    20
89    152
93    426
94    94
95    137
100   6
103   171
104   150
105   452
106   32
107   4
108   5
109   366
110   71
111   107
112   81
118   671
119   40
120   14
121   163
123   12
125   594
