# Instance R210.100_25-5-5-5 - 30 dynamic requests - 70 static requests
Dyn   Stat
30    70
ID    RD
27    -1
28    -1
31    -1
32    -1
33    -1
35    -1
38    -1
39    -1
41    -1
42    -1
43    -1
44    -1
46    -1
47    -1
48    -1
49    -1
50    -1
52    -1
55    -1
56    -1
57    -1
58    -1
59    -1
60    -1
61    -1
63    -1
64    -1
65    -1
66    -1
69    -1
70    -1
72    -1
73    -1
74    -1
75    -1
76    -1
78    -1
79    -1
80    -1
81    -1
82    -1
84    -1
85    -1
86    -1
87    -1
88    -1
89    -1
90    -1
91    -1
92    -1
94    -1
96    -1
97    -1
98    -1
99    -1
102   -1
103   -1
104   -1
105   -1
106   -1
110   -1
111   -1
113   -1
115   -1
117   -1
120   -1
121   -1
122   -1
123   -1
125   -1
26    49
29    306
30    2
34    171
36    88
37    15
40    77
45    321
51    104
53    3
54    7
62    323
67    2
68    237
71    50
77    10
83    74
93    340
95    102
100   26
101   250
107   4
108   4
109   352
112   105
114   195
116   90
118   304
119   24
124   191
