# Instance R210.100_25-5-5-5 - 90 dynamic requests - 10 static requests
Dyn   Stat
90    10
ID    RD
27    -1
36    -1
61    -1
62    -1
66    -1
77    -1
79    -1
93    -1
108   -1
121   -1
26    110
28    59
29    568
30    13
31    163
32    2
33    329
34    214
35    198
37    11
38    667
39    18
40    28
41    30
42    431
43    188
44    23
45    358
46    12
47    339
48    143
49    405
50    694
51    215
52    19
53    1
54    19
55    171
56    7
57    402
58    7
59    114
60    479
63    148
64    11
65    110
67    6
68    411
69    145
70    0
71    222
72    30
73    65
74    102
75    97
76    56
78    307
80    382
81    183
82    161
83    814
84    2
85    402
86    11
87    154
88    18
89    19
90    45
91    415
92    87
94    136
95    500
96    89
97    1
98    30
99    24
100   25
101   273
102   626
103   154
104   124
105   201
106   249
107   20
109   403
110   79
111   190
112   261
113   30
114   255
115   68
116   119
117   4
118   627
119   109
120   6
122   81
123   11
124   92
125   28
