# Instance R211.100_25-5-5-5 - 70 dynamic requests - 30 static requests
Dyn   Stat
70    30
ID    RD
26    -1
30    -1
49    -1
53    -1
54    -1
55    -1
62    -1
64    -1
69    -1
71    -1
74    -1
79    -1
81    -1
84    -1
85    -1
87    -1
88    -1
93    -1
94    -1
96    -1
98    -1
99    -1
104   -1
105   -1
106   -1
111   -1
114   -1
118   -1
120   -1
125   -1
27    16
28    369
29    220
31    147
32    6
33    127
34    9
35    15
36    12
37    8
38    196
39    7
40    12
41    10
42    159
43    171
44    25
45    268
46    3
47    191
48    29
50    200
51    172
52    2
56    5
57    110
58    14
59    103
60    252
61    32
63    8
65    87
66    29
67    14
68    55
70    11
72    10
73    382
75    159
76    1
77    9
78    215
80    73
82    104
83    120
86    70
89    32
90    15
91    2
92    117
95    183
97    12
100   25
101   50
102   367
103   181
107   1
108   13
109   277
110   209
112   235
113   45
115   172
116   24
117   1
119   165
121   394
122   52
123   17
124   64
