# Instance R211.100_25-5-5-5 - 50 dynamic requests - 50 static requests
Dyn   Stat
50    50
ID    RD
26    -1
27    -1
29    -1
32    -1
34    -1
35    -1
36    -1
39    -1
41    -1
42    -1
47    -1
49    -1
50    -1
51    -1
53    -1
54    -1
55    -1
57    -1
58    -1
65    -1
66    -1
67    -1
68    -1
71    -1
72    -1
73    -1
76    -1
77    -1
78    -1
79    -1
80    -1
81    -1
85    -1
88    -1
89    -1
92    -1
94    -1
95    -1
96    -1
100   -1
103   -1
105   -1
106   -1
107   -1
108   -1
109   -1
113   -1
115   -1
117   -1
119   -1
28    362
30    0
31    45
33    9
37    17
38    74
40    10
43    77
44    13
45    222
46    24
48    13
52    5
56    5
59    86
60    251
61    0
62    15
63    112
64    11
69    1
70    13
74    301
75    19
82    229
83    35
84    13
86    18
87    24
90    42
91    316
93    5
97    16
98    113
99    101
101   79
102   69
104   63
110   123
111   15
112   152
114   53
116   96
118   133
120   3
121   144
122   380
123   0
124   61
125   297
