# Instance R211.100_25-5-5-5 - 90 dynamic requests - 10 static requests
Dyn   Stat
90    10
ID    RD
58    -1
59    -1
69    -1
79    -1
81    -1
87    -1
99    -1
103   -1
112   -1
120   -1
26    241
27    17
28    236
29    4
30    5
31    37
32    166
33    175
34    218
35    316
36    2
37    49
38    163
39    28
40    21
41    95
42    45
43    39
44    60
45    123
46    3
47    231
48    20
49    192
50    60
51    415
52    1
53    1
54    25
55    79
56    0
57    118
60    302
61    21
62    230
63    86
64    31
65    107
66    41
67    1
68    328
70    19
71    315
72    24
73    171
74    34
75    282
76    128
77    4
78    235
80    240
82    27
83    261
84    9
85    63
86    4
88    29
89    17
90    35
91    36
92    23
93    378
94    5
95    52
96    20
97    4
98    48
100   8
101   125
102   304
104   63
105   419
106   100
107   4
108   18
109   209
110   198
111   183
113   11
114   274
115   103
116   351
117   13
118   91
119   239
121   398
122   421
123   9
124   36
125   359
