# Instance R211.100_25-5-5-5 - 30 dynamic requests - 70 static requests
Dyn   Stat
30    70
ID    RD
26    -1
27    -1
29    -1
30    -1
31    -1
32    -1
33    -1
38    -1
41    -1
43    -1
44    -1
46    -1
48    -1
49    -1
52    -1
53    -1
54    -1
55    -1
56    -1
57    -1
58    -1
59    -1
60    -1
61    -1
63    -1
64    -1
65    -1
66    -1
67    -1
68    -1
70    -1
74    -1
75    -1
76    -1
77    -1
78    -1
79    -1
82    -1
84    -1
86    -1
88    -1
89    -1
90    -1
92    -1
95    -1
96    -1
97    -1
98    -1
100   -1
101   -1
102   -1
103   -1
104   -1
105   -1
106   -1
107   -1
108   -1
109   -1
111   -1
113   -1
114   -1
115   -1
116   -1
117   -1
118   -1
119   -1
120   -1
122   -1
124   -1
125   -1
28    344
34    205
35    20
36    18
37    39
39    5
40    24
42    1
45    402
47    60
50    222
51    133
62    382
69    36
71    53
72    33
73    356
80    299
81    47
83    342
85    100
87    24
91    65
93    153
94    7
99    359
110   108
112   84
121   81
123   14
