# Instance RC105.100_25-5-5-5 - 90 dynamic requests - 10 static requests
Dyn   Stat
90    10
ID    RD
32    -1
44    -1
45    -1
62    -1
72    -1
87    -1
100   -1
101   -1
106   -1
115   -1
26    50
27    12
28    21
29    86
30    18
31    35
33    1
34    28
35    32
36    28
37    25
38    70
39    18
40    9
41    32
42    85
43    27
46    24
47    19
48    15
49    102
50    46
51    12
52    5
53    2
54    11
55    19
56    25
57    96
58    3
59    49
60    73
61    1
63    30
64    16
65    8
66    67
67    1
68    54
69    21
70    5
71    25
73    20
74    19
75    4
76    45
77    13
78    10
79    33
80    99
81    12
82    32
83    105
84    11
85    123
86    14
88    39
89    37
90    3
91    18
92    36
93    102
94    40
95    26
96    10
97    1
98    28
99    31
102   78
103   56
104   5
105   190
107   9
108   16
109   39
110   32
111   29
112   16
113   3
114   35
116   48
117   0
118   104
119   23
120   5
121   83
122   25
123   2
124   3
125   111
