# Instance RC101.100_25-5-5-5 - 30 dynamic requests - 70 static requests
Dyn   Stat
30    70
ID    RD
26    -1
27    -1
30    -1
32    -1
33    -1
34    -1
35    -1
37    -1
39    -1
40    -1
42    -1
43    -1
44    -1
45    -1
46    -1
47    -1
48    -1
49    -1
51    -1
52    -1
53    -1
55    -1
56    -1
57    -1
59    -1
60    -1
61    -1
63    -1
65    -1
66    -1
67    -1
68    -1
70    -1
72    -1
75    -1
76    -1
78    -1
79    -1
80    -1
83    -1
84    -1
85    -1
86    -1
88    -1
91    -1
94    -1
95    -1
96    -1
99    -1
100   -1
101   -1
102   -1
104   -1
105   -1
106   -1
107   -1
109   -1
112   -1
113   -1
114   -1
115   -1
116   -1
117   -1
118   -1
119   -1
120   -1
121   -1
122   -1
124   -1
125   -1
28    30
29    112
31    68
36    35
38    91
41    17
50    97
54    16
58    1
62    18
64    5
69    29
71    68
73    24
74    57
77    10
81    3
82    16
87    10
89    51
90    0
92    42
93    76
97    1
98    10
103   35
108   22
110   46
111   60
123   10
