# Instance RC102.100_25-5-5-5 - 50 dynamic requests - 50 static requests
Dyn   Stat
50    50
ID    RD
26    -1
27    -1
28    -1
29    -1
30    -1
32    -1
34    -1
35    -1
44    -1
45    -1
51    -1
52    -1
53    -1
54    -1
55    -1
60    -1
61    -1
62    -1
63    -1
64    -1
65    -1
66    -1
67    -1
70    -1
71    -1
74    -1
75    -1
78    -1
80    -1
81    -1
83    -1
84    -1
85    -1
86    -1
88    -1
89    -1
91    -1
95    -1
100   -1
105   -1
106   -1
112   -1
113   -1
115   -1
116   -1
117   -1
119   -1
120   -1
121   -1
124   -1
31    50
33    53
36    11
37    0
38    72
39    0
40    25
41    2
42    96
43    10
46    0
47    47
48    13
49    46
50    95
56    0
57    35
58    2
59    0
68    13
69    36
72    13
73    0
76    14
77    0
79    133
82    53
87    27
90    5
92    29
93    41
94    33
96    54
97    0
98    21
99    112
101   16
102   92
103   55
104   61
107   0
108   0
109   54
110   0
111   7
114   89
118   44
122   28
123   0
125   129
