# Instance RC105.100_25-5-5-5 - 30 dynamic requests - 70 static requests
Dyn   Stat
30    70
ID    RD
26    -1
29    -1
30    -1
32    -1
33    -1
34    -1
35    -1
37    -1
38    -1
39    -1
40    -1
42    -1
43    -1
45    -1
46    -1
48    -1
49    -1
51    -1
52    -1
56    -1
57    -1
58    -1
60    -1
61    -1
62    -1
64    -1
66    -1
67    -1
68    -1
69    -1
72    -1
73    -1
75    -1
76    -1
78    -1
79    -1
81    -1
82    -1
83    -1
84    -1
85    -1
86    -1
87    -1
89    -1
90    -1
91    -1
93    -1
95    -1
96    -1
97    -1
99    -1
101   -1
102   -1
103   -1
104   -1
108   -1
110   -1
111   -1
112   -1
113   -1
114   -1
115   -1
117   -1
118   -1
119   -1
120   -1
121   -1
123   -1
124   -1
125   -1
27    8
28    41
31    43
36    17
41    17
44    46
47    37
50    27
53    27
54    8
55    12
59    7
63    28
65    39
70    11
71    80
74    69
77    4
80    134
88    24
92    13
94    28
98    17
100   9
105   109
106   9
107   6
109   55
116   65
122   77
