# Instance RC107.100_25-5-5-5 - 50 dynamic requests - 50 static requests
Dyn   Stat
50    50
ID    RD
28    -1
30    -1
32    -1
34    -1
35    -1
44    -1
47    -1
48    -1
50    -1
52    -1
56    -1
57    -1
58    -1
59    -1
61    -1
63    -1
64    -1
65    -1
67    -1
73    -1
74    -1
76    -1
77    -1
78    -1
81    -1
83    -1
85    -1
86    -1
87    -1
88    -1
89    -1
93    -1
94    -1
96    -1
98    -1
99    -1
101   -1
106   -1
107   -1
108   -1
111   -1
112   -1
113   -1
114   -1
116   -1
117   -1
118   -1
120   -1
121   -1
123   -1
26    123
27    7
29    36
31    54
33    15
36    11
37    34
38    36
39    12
40    19
41    12
42    5
43    7
45    14
46    4
49    47
51    20
53    32
54    10
55    24
60    8
62    1
66    36
68    79
69    26
70    20
71    62
72    10
75    5
79    83
80    83
82    62
84    42
90    9
91    45
92    24
95    3
97    2
100   13
102   21
103   26
104   17
105   64
109   20
110   24
115   43
119   78
122   69
124   12
125   58
