# Instance RC101.100_25-5-5-5 - 70 dynamic requests - 30 static requests
Dyn   Stat
70    30
ID    RD
29    -1
31    -1
32    -1
33    -1
39    -1
41    -1
44    -1
48    -1
49    -1
52    -1
54    -1
57    -1
65    -1
67    -1
71    -1
77    -1
84    -1
87    -1
89    -1
91    -1
92    -1
94    -1
100   -1
102   -1
103   -1
110   -1
113   -1
118   -1
119   -1
122   -1
26    41
27    29
28    22
30    9
34    1
35    67
36    33
37    33
38    22
40    9
42    111
43    32
45    72
46    25
47    46
50    97
51    32
53    8
55    17
56    14
58    3
59    3
60    44
61    8
62    75
63    46
64    6
66    29
68    78
69    32
70    2
72    14
73    89
74    2
75    2
76    37
78    62
79    112
80    59
81    15
82    3
83    59
85    79
86    38
88    3
90    2
93    92
95    114
96    41
97    12
98    36
99    12
101   16
104   45
105   148
106   86
107   7
108   33
109   73
111   26
112   19
114   2
115   74
116   135
117   7
120   22
121   86
123   38
124   45
125   38
