# Instance RC107.100_25-5-5-5 - 90 dynamic requests - 10 static requests
Dyn   Stat
90    10
ID    RD
31    -1
46    -1
53    -1
77    -1
81    -1
82    -1
95    -1
113   -1
121   -1
122   -1
26    19
27    13
28    35
29    16
30    10
32    44
33    42
34    25
35    63
36    10
37    30
38    37
39    17
40    29
41    41
42    24
43    9
44    46
45    5
47    32
48    6
49    73
50    41
51    3
52    21
54    9
55    21
56    14
57    30
58    2
59    32
60    42
61    28
62    91
63    7
64    6
65    10
66    34
67    2
68    30
69    2
70    8
71    11
72    8
73    90
74    56
75    61
76    39
78    37
79    108
80    86
83    37
84    22
85    32
86    10
87    4
88    17
89    8
90    5
91    38
92    6
93    39
94    3
96    51
97    26
98    13
99    3
100   22
101   33
102   41
103   45
104   48
105   77
106   57
107   13
108   19
109   37
110   38
111   76
112   14
114   22
115   35
116   131
117   14
118   39
119   70
120   15
123   28
124   32
125   52
