# Instance RC101.100_25-5-5-5 - 90 dynamic requests - 10 static requests
Dyn   Stat
90    10
ID    RD
28    -1
37    -1
40    -1
52    -1
80    -1
90    -1
91    -1
96    -1
113   -1
124   -1
26    16
27    7
29    3
30    5
31    17
32    27
33    25
34    0
35    93
36    30
38    13
39    6
41    22
42    56
43    45
44    10
45    51
46    15
47    16
48    3
49    38
50    77
51    38
53    8
54    14
55    4
56    4
57    83
58    0
59    16
60    0
61    6
62    33
63    30
64    1
65    20
66    18
67    12
68    64
69    24
70    0
71    67
72    14
73    18
74    37
75    17
76    27
77    29
78    76
79    97
81    108
82    54
83    7
84    0
85    102
86    56
87    11
88    3
89    14
92    21
93    59
94    10
95    38
97    17
98    29
99    85
100   13
101   8
102   79
103   13
104   53
105   24
106   58
107   1
108   11
109   5
110   51
111   36
112   24
114   95
115   86
116   156
117   0
118   169
119   48
120   2
121   77
122   40
123   16
125   131
