# Instance RC101.100_25-5-5-5 - 50 dynamic requests - 50 static requests
Dyn   Stat
50    50
ID    RD
27    -1
29    -1
30    -1
32    -1
34    -1
37    -1
39    -1
42    -1
44    -1
45    -1
47    -1
50    -1
51    -1
52    -1
54    -1
55    -1
56    -1
57    -1
58    -1
59    -1
62    -1
63    -1
67    -1
70    -1
72    -1
73    -1
74    -1
78    -1
79    -1
80    -1
81    -1
83    -1
84    -1
85    -1
97    -1
100   -1
101   -1
102   -1
105   -1
106   -1
107   -1
108   -1
109   -1
110   -1
117   -1
118   -1
119   -1
120   -1
121   -1
125   -1
26    20
28    36
31    13
33    24
35    49
36    25
38    91
40    18
41    3
43    5
46    18
48    2
49    105
53    0
60    43
61    6
64    9
65    1
66    67
68    26
69    39
71    77
75    46
76    41
77    26
82    51
86    40
87    11
88    5
89    30
90    8
91    130
92    34
93    44
94    6
95    160
96    15
98    30
99    53
103   52
104   6
111   47
112   13
113   23
114   17
115   42
116   25
122   38
123   45
124   20
