# Instance RC106.100_25-5-5-5 - 90 dynamic requests - 10 static requests
Dyn   Stat
90    10
ID    RD
27    -1
28    -1
30    -1
34    -1
51    -1
69    -1
74    -1
81    -1
105   -1
121   -1
26    52
29    74
31    46
32    23
33    30
35    39
36    9
37    14
38    49
39    35
40    17
41    45
42    61
43    22
44    2
45    24
46    11
47    71
48    3
49    118
50    31
52    13
53    20
54    11
55    23
56    3
57    55
58    31
59    29
60    47
61    8
62    50
63    53
64    0
65    25
66    8
67    3
68    62
70    4
71    6
72    28
73    74
75    28
76    40
77    24
78    66
79    77
80    51
82    79
83    97
84    38
85    109
86    28
87    27
88    38
89    36
90    1
91    69
92    44
93    113
94    12
95    71
96    14
97    13
98    41
99    75
100   4
101   52
102   44
103   17
104   51
106   6
107   2
108   8
109   32
110   69
111   11
112   38
113   20
114   2
115   43
116   67
117   8
118   70
119   6
120   3
122   6
123   26
124   29
125   102
