# Instance RC103.100_25-5-5-5 - 50 dynamic requests - 50 static requests
Dyn   Stat
50    50
ID    RD
28    -1
29    -1
31    -1
34    -1
37    -1
39    -1
41    -1
42    -1
44    -1
46    -1
53    -1
54    -1
55    -1
57    -1
59    -1
61    -1
63    -1
64    -1
66    -1
68    -1
69    -1
72    -1
73    -1
74    -1
77    -1
78    -1
79    -1
80    -1
84    -1
85    -1
86    -1
87    -1
88    -1
90    -1
91    -1
94    -1
96    -1
98    -1
99    -1
103   -1
105   -1
107   -1
109   -1
110   -1
113   -1
117   -1
120   -1
122   -1
124   -1
125   -1
26    0
27    0
30    0
32    0
33    7
35    50
36    6
38    18
40    26
43    0
45    0
47    40
48    1
49    0
50    75
51    0
52    6
56    0
58    3
60    93
62    0
65    17
67    1
70    2
71    0
75    0
76    0
81    51
82    0
83    79
89    44
92    34
93    135
95    130
97    0
100   0
101   27
102   80
104   52
106   0
108   0
111   0
112   10
114   0
115   0
116   0
118   102
119   0
121   0
123   0
