# Instance RC108.100_25-5-5-5 - 90 dynamic requests - 10 static requests
Dyn   Stat
90    10
ID    RD
52    -1
55    -1
72    -1
80    -1
84    -1
88    -1
97    -1
98    -1
101   -1
119   -1
26    44
27    28
28    8
29    56
30    21
31    40
32    13
33    14
34    13
35    11
36    33
37    7
38    24
39    26
40    13
41    7
42    46
43    52
44    6
45    4
46    42
47    49
48    13
49    48
50    28
51    22
53    28
54    4
56    11
57    56
58    40
59    83
60    33
61    21
62    37
63    1
64    22
65    47
66    49
67    28
68    30
69    19
70    1
71    53
73    9
74    0
75    52
76    35
77    16
78    1
79    39
81    1
82    42
83    6
85    32
86    25
87    22
89    18
90    2
91    23
92    10
93    12
94    9
95    7
96    25
99    16
100   5
102   26
103   46
104   55
105   93
106   56
107   12
108   4
109   41
110   4
111   43
112   52
113   19
114   47
115   8
116   63
117   8
118   28
120   13
121   82
122   68
123   11
124   28
125   15
