# Instance RC108.100_25-5-5-5 - 50 dynamic requests - 50 static requests
Dyn   Stat
50    50
ID    RD
27    -1
31    -1
32    -1
33    -1
34    -1
35    -1
36    -1
38    -1
40    -1
42    -1
43    -1
47    -1
48    -1
50    -1
52    -1
55    -1
56    -1
59    -1
61    -1
62    -1
64    -1
69    -1
70    -1
72    -1
73    -1
75    -1
79    -1
81    -1
83    -1
84    -1
85    -1
86    -1
90    -1
91    -1
95    -1
99    -1
101   -1
102   -1
106   -1
107   -1
108   -1
110   -1
111   -1
113   -1
114   -1
117   -1
118   -1
119   -1
121   -1
124   -1
26    39
28    74
29    11
30    19
37    28
39    35
41    27
44    28
45    41
46    32
49    29
51    22
53    46
54    44
57    17
58    36
60    19
63    20
65    1
66    2
67    33
68    69
71    33
74    37
76    10
77    0
78    31
80    2
82    33
87    17
88    25
89    6
92    0
93    77
94    5
96    17
97    3
98    40
100   43
103   33
104   31
105   44
109   52
112   55
115   15
116   62
120   1
122   62
123   14
125   39
