# Instance RC105.100_25-5-5-5 - 50 dynamic requests - 50 static requests
Dyn   Stat
50    50
ID    RD
26    -1
28    -1
30    -1
32    -1
34    -1
35    -1
37    -1
39    -1
40    -1
41    -1
44    -1
49    -1
51    -1
52    -1
53    -1
54    -1
55    -1
58    -1
61    -1
66    -1
68    -1
69    -1
71    -1
72    -1
73    -1
77    -1
79    -1
83    -1
86    -1
87    -1
89    -1
92    -1
95    -1
96    -1
97    -1
99    -1
101   -1
102   -1
103   -1
104   -1
105   -1
107   -1
110   -1
111   -1
112   -1
113   -1
117   -1
123   -1
124   -1
125   -1
27    1
29    28
31    46
33    26
36    27
38    26
42    39
43    0
45    50
46    22
47    5
48    3
50    106
56    41
57    72
59    20
60    71
62    11
63    18
64    2
65    13
67    3
70    15
74    66
75    54
76    25
78    12
80    137
81    124
82    6
84    39
85    0
88    9
90    2
91    40
93    50
94    29
98    30
100   7
106   5
108   6
109   62
114   37
115   41
116   31
118   146
119   39
120   0
121   27
122   61
