# Instance RC104.100_25-5-5-5 - 30 dynamic requests - 70 static requests
Dyn   Stat
30    70
ID    RD
26    -1
27    -1
29    -1
30    -1
31    -1
32    -1
34    -1
35    -1
36    -1
40    -1
41    -1
42    -1
44    -1
45    -1
46    -1
51    -1
53    -1
54    -1
56    -1
57    -1
58    -1
61    -1
62    -1
63    -1
64    -1
66    -1
67    -1
68    -1
71    -1
72    -1
73    -1
75    -1
76    -1
78    -1
81    -1
82    -1
84    -1
85    -1
86    -1
87    -1
89    -1
91    -1
92    -1
93    -1
94    -1
95    -1
96    -1
98    -1
99    -1
100   -1
101   -1
102   -1
103   -1
105   -1
106   -1
107   -1
108   -1
109   -1
110   -1
111   -1
112   -1
113   -1
115   -1
117   -1
118   -1
119   -1
120   -1
121   -1
122   -1
124   -1
28    0
33    32
37    0
38    54
39    0
43    0
47    0
48    18
49    0
50    27
52    0
55    0
59    0
60    0
65    0
69    7
70    0
74    0
77    0
79    0
80    7
83    80
88    0
90    0
97    0
104   61
114   0
116   0
123   0
125   10
