# Instance RC103.100_25-5-5-5 - 90 dynamic requests - 10 static requests
Dyn   Stat
90    10
ID    RD
29    -1
42    -1
58    -1
68    -1
72    -1
78    -1
82    -1
103   -1
109   -1
118   -1
26    0
27    0
28    0
30    0
31    59
32    0
33    14
34    15
35    97
36    20
37    0
38    28
39    0
40    22
41    0
43    0
44    0
45    0
46    0
47    28
48    4
49    0
50    20
51    0
52    1
53    0
54    0
55    19
56    0
57    0
59    0
60    77
61    6
62    0
63    37
64    10
65    53
66    61
67    5
69    20
70    9
71    0
73    0
74    11
75    0
76    0
77    0
79    0
80    35
81    107
83    102
84    0
85    0
86    0
87    19
88    0
89    14
90    9
91    133
92    8
93    30
94    13
95    39
96    0
97    0
98    0
99    59
100   0
101   34
102   88
104   14
105   40
106   0
107   0
108   0
110   0
111   0
112   2
113   53
114   0
115   0
116   0
117   3
119   0
120   0
121   0
122   0
123   0
124   16
125   115
