# Instance RC107.100_25-5-5-5 - 30 dynamic requests - 70 static requests
Dyn   Stat
30    70
ID    RD
26    -1
27    -1
28    -1
29    -1
32    -1
35    -1
37    -1
39    -1
40    -1
42    -1
44    -1
45    -1
47    -1
48    -1
49    -1
52    -1
53    -1
54    -1
55    -1
57    -1
60    -1
61    -1
62    -1
63    -1
65    -1
67    -1
68    -1
69    -1
70    -1
71    -1
72    -1
73    -1
74    -1
76    -1
78    -1
81    -1
82    -1
83    -1
85    -1
86    -1
87    -1
89    -1
90    -1
91    -1
92    -1
93    -1
95    -1
96    -1
97    -1
100   -1
102   -1
103   -1
104   -1
105   -1
107   -1
108   -1
109   -1
110   -1
111   -1
113   -1
114   -1
115   -1
116   -1
117   -1
118   -1
119   -1
120   -1
121   -1
122   -1
125   -1
30    22
31    25
33    27
34    43
36    5
38    52
41    44
43    12
46    36
50    39
51    20
56    19
58    21
59    28
64    8
66    3
75    34
77    7
79    108
80    30
84    35
88    9
94    4
98    40
99    14
101   42
106   33
112   29
123   30
124   2
