# Instance RC104.100_25-5-5-5 - 50 dynamic requests - 50 static requests
Dyn   Stat
50    50
ID    RD
27    -1
28    -1
29    -1
33    -1
37    -1
45    -1
46    -1
47    -1
50    -1
51    -1
52    -1
53    -1
55    -1
56    -1
59    -1
66    -1
67    -1
68    -1
69    -1
70    -1
72    -1
73    -1
74    -1
77    -1
78    -1
79    -1
82    -1
84    -1
87    -1
88    -1
89    -1
90    -1
91    -1
92    -1
95    -1
99    -1
100   -1
101   -1
102   -1
106   -1
107   -1
108   -1
110   -1
111   -1
114   -1
116   -1
118   -1
119   -1
120   -1
123   -1
26    0
30    0
31    0
32    0
34    53
35    0
36    28
38    108
39    0
40    26
41    0
42    0
43    0
44    0
48    11
49    0
54    0
57    0
58    0
60    0
61    0
62    0
63    38
64    0
65    0
71    0
75    0
76    0
80    20
81    0
83    111
85    0
86    0
93    0
94    12
96    0
97    0
98    0
103   0
104   29
105   0
109   85
112   62
113   0
115   0
117   7
121   0
122   0
124   48
125   96
