# Instance RC108.100_25-5-5-5 - 30 dynamic requests - 70 static requests
Dyn   Stat
30    70
ID    RD
26    -1
27    -1
28    -1
29    -1
30    -1
32    -1
35    -1
36    -1
37    -1
38    -1
40    -1
41    -1
42    -1
43    -1
44    -1
46    -1
47    -1
48    -1
50    -1
52    -1
53    -1
54    -1
56    -1
57    -1
59    -1
60    -1
61    -1
62    -1
63    -1
64    -1
66    -1
67    -1
68    -1
69    -1
76    -1
78    -1
79    -1
80    -1
81    -1
82    -1
83    -1
85    -1
86    -1
87    -1
91    -1
92    -1
93    -1
94    -1
95    -1
96    -1
97    -1
98    -1
101   -1
102   -1
105   -1
107   -1
108   -1
109   -1
110   -1
111   -1
112   -1
113   -1
115   -1
118   -1
119   -1
120   -1
121   -1
122   -1
124   -1
125   -1
31    5
33    17
34    9
39    10
45    77
49    17
51    79
55    48
58    22
65    7
70    24
71    68
72    29
73    13
74    41
75    53
77    18
84    18
88    24
89    9
90    6
99    6
100   30
103   8
104   23
106   48
114   18
116   86
117   2
123   3
