# Instance RC207.100_25-5-5-5 - 50 dynamic requests - 50 static requests
Dyn   Stat
50    50
ID    RD
26    -1
28    -1
30    -1
31    -1
32    -1
33    -1
35    -1
37    -1
39    -1
40    -1
41    -1
44    -1
45    -1
47    -1
49    -1
50    -1
53    -1
54    -1
55    -1
56    -1
57    -1
58    -1
59    -1
62    -1
65    -1
67    -1
68    -1
69    -1
71    -1
74    -1
76    -1
78    -1
79    -1
85    -1
90    -1
93    -1
95    -1
96    -1
97    -1
99    -1
101   -1
102   -1
108   -1
109   -1
112   -1
114   -1
117   -1
119   -1
121   -1
123   -1
27    17
29    29
34    124
36    33
38    134
42    155
43    209
46    153
48    16
51    430
52    54
60    24
61    40
63    61
64    5
66    11
70    25
72    24
73    516
75    75
77    33
80    236
81    245
82    165
83    196
84    8
86    112
87    12
88    7
89    11
91    313
92    77
94    4
98    226
100   173
103   176
104   258
105   91
106   206
107   16
110   303
111   331
113   66
115   246
116   336
118   126
120   0
122   294
124   140
125   142
