# Instance RC203.100_25-5-5-5 - 30 dynamic requests - 70 static requests
Dyn   Stat
30    70
ID    RD
27    -1
28    -1
29    -1
32    -1
33    -1
34    -1
35    -1
36    -1
37    -1
38    -1
39    -1
41    -1
42    -1
43    -1
44    -1
45    -1
46    -1
48    -1
50    -1
53    -1
54    -1
55    -1
56    -1
57    -1
58    -1
60    -1
62    -1
63    -1
64    -1
65    -1
66    -1
67    -1
68    -1
69    -1
71    -1
73    -1
75    -1
76    -1
77    -1
78    -1
79    -1
81    -1
83    -1
84    -1
85    -1
86    -1
87    -1
88    -1
90    -1
93    -1
94    -1
96    -1
97    -1
99    -1
100   -1
101   -1
104   -1
107   -1
108   -1
109   -1
111   -1
112   -1
113   -1
116   -1
119   -1
120   -1
121   -1
123   -1
124   -1
125   -1
26    0
30    0
31    152
40    26
47    177
49    0
51    0
52    135
59    0
61    42
70    21
72    0
74    243
80    419
82    0
89    92
91    414
92    214
95    30
98    0
102   277
103   155
105   617
106   0
110   0
114   0
115   0
117   11
118   324
122   0
