# Instance RC203.100_4-5-5-5 - 90 dynamic requests - 10 static requests
Dyn   Stat
90    10
ID    RD
33    -1
50    -1
53    -1
55    -1
57    -1
72    -1
85    -1
89    -1
103   -1
117   -1
26    0
27    0
28    0
29    288
30    0
31    285
32    0
34    350
35    518
36    148
37    0
38    346
39    0
40    53
41    0
42    285
43    0
44    0
45    0
46    0
47    185
48    120
49    0
51    0
52    100
54    0
56    0
58    2
59    0
60    61
61    8
62    0
63    116
64    38
65    192
66    192
67    16
68    0
69    31
70    29
71    0
73    0
74    101
75    0
76    0
77    0
78    52
79    0
80    558
81    250
82    0
83    77
84    0
86    0
87    0
88    0
90    6
91    275
92    128
93    345
94    93
95    327
96    0
97    0
98    0
99    108
100   0
101   240
102   676
104   147
105   151
106   0
107   0
108   0
109   123
110   0
111   0
112   62
113   121
114   0
115   0
116   0
118   331
119   0
120   0
121   0
122   0
123   0
124   70
125   3
