# Instance RC202.100_25-5-5-5 - 90 dynamic requests - 10 static requests
Dyn   Stat
90    10
ID    RD
37    -1
53    -1
75    -1
78    -1
79    -1
84    -1
91    -1
102   -1
110   -1
122   -1
26    0
27    0
28    0
29    185
30    0
31    212
32    0
33    75
34    76
35    253
36    191
38    503
39    5
40    98
41    97
42    312
43    23
44    123
45    413
46    0
47    201
48    193
49    396
50    478
51    0
52    109
54    137
55    146
56    0
57    364
58    26
59    0
60    27
61    15
62    0
63    15
64    15
65    185
66    244
67    10
68    572
69    123
70    24
71    246
72    105
73    0
74    19
76    202
77    0
80    133
81    528
82    384
83    497
85    422
86    99
87    51
88    17
89    68
90    6
92    254
93    305
94    77
95    243
96    111
97    0
98    93
99    591
100   0
101   185
103   253
104   190
105   808
106   171
107   0
108   0
109   167
111   24
112   90
113   66
114   149
115   320
116   0
117   8
118   287
119   0
120   0
121   0
123   0
124   178
125   571
