# Instance RC202.100_25-5-5-5 - 50 dynamic requests - 50 static requests
Dyn   Stat
50    50
ID    RD
27    -1
28    -1
29    -1
30    -1
33    -1
34    -1
35    -1
36    -1
39    -1
43    -1
44    -1
48    -1
51    -1
52    -1
53    -1
58    -1
60    -1
65    -1
66    -1
69    -1
70    -1
72    -1
74    -1
75    -1
77    -1
78    -1
80    -1
81    -1
82    -1
89    -1
91    -1
92    -1
93    -1
98    -1
101   -1
103   -1
105   -1
106   -1
107   -1
108   -1
111   -1
114   -1
116   -1
117   -1
119   -1
120   -1
121   -1
122   -1
123   -1
125   -1
26    0
31    333
32    0
37    0
38    596
40    11
41    121
42    490
45    197
46    0
47    171
49    557
50    66
54    77
55    90
56    0
57    523
59    0
61    23
62    0
63    80
64    39
67    31
68    165
71    360
73    0
76    27
79    485
83    134
84    0
85    164
86    141
87    33
88    2
90    4
94    19
95    521
96    201
97    0
99    22
100   0
102   754
104   143
109   107
110   0
112   265
113   118
115   198
118   127
124   189
