# Instance RC205.100_25-5-5-5 - 50 dynamic requests - 50 static requests
Dyn   Stat
50    50
ID    RD
27    -1
29    -1
31    -1
32    -1
33    -1
34    -1
37    -1
39    -1
40    -1
43    -1
45    -1
47    -1
48    -1
49    -1
50    -1
51    -1
52    -1
54    -1
57    -1
59    -1
61    -1
63    -1
64    -1
65    -1
66    -1
72    -1
77    -1
81    -1
82    -1
84    -1
85    -1
88    -1
89    -1
91    -1
92    -1
93    -1
96    -1
97    -1
98    -1
99    -1
101   -1
102   -1
109   -1
110   -1
111   -1
113   -1
114   -1
119   -1
121   -1
124   -1
26    237
28    247
30    34
35    420
36    92
38    405
41    138
42    203
44    57
46    14
53    64
55    92
56    40
58    63
60    217
62    257
67    5
68    318
69    230
70    33
71    326
73    141
74    123
75    288
76    225
78    329
79    369
80    569
83    141
86    3
87    54
90    1
94    71
95    758
100   2
103   208
104   377
105   210
106   32
107   4
108   12
112   19
115   234
116   386
117   5
118   247
120   11
122   110
123   14
125   550
