# Instance RC203.100_25-5-5-5 - 90 dynamic requests - 10 static requests
Dyn   Stat
90    10
ID    RD
29    -1
32    -1
38    -1
40    -1
53    -1
55    -1
56    -1
60    -1
96    -1
123   -1
26    0
27    0
28    0
30    0
31    286
33    98
34    170
35    230
36    166
37    0
39    0
41    0
42    226
43    0
44    0
45    0
46    0
47    168
48    165
49    0
50    736
51    0
52    69
54    0
57    0
58    19
59    0
61    29
62    0
63    62
64    51
65    295
66    180
67    3
68    0
69    35
70    8
71    0
72    0
73    0
74    235
75    0
76    0
77    0
78    297
79    0
80    48
81    195
82    0
83    533
84    0
85    0
86    0
87    17
88    0
89    172
90    0
91    496
92    144
93    24
94    95
95    770
97    0
98    0
99    576
100   0
101   91
102   594
103   264
104   210
105   664
106   0
107   0
108   0
109   145
110   0
111   0
112   79
113   99
114   0
115   0
116   0
117   2
118   10
119   0
120   0
121   0
122   0
124   43
125   101
