# Instance RC203.100_4-5-5-5 - 50 dynamic requests - 50 static requests
Dyn   Stat
50    50
ID    RD
28    -1
32    -1
33    -1
34    -1
35    -1
36    -1
39    -1
41    -1
45    -1
46    -1
48    -1
49    -1
50    -1
51    -1
52    -1
53    -1
54    -1
56    -1
57    -1
60    -1
61    -1
64    -1
75    -1
76    -1
77    -1
78    -1
83    -1
84    -1
85    -1
87    -1
89    -1
94    -1
96    -1
98    -1
100   -1
101   -1
102   -1
105   -1
106   -1
107   -1
108   -1
109   -1
111   -1
112   -1
113   -1
114   -1
116   -1
118   -1
123   -1
125   -1
26    0
27    0
29    514
30    0
31    102
37    0
38    542
40    36
42    481
43    0
44    0
47    194
55    139
58    58
59    0
62    0
63    92
65    60
66    140
67    8
68    0
69    45
70    13
71    0
72    0
73    0
74    151
79    0
80    278
81    296
82    0
86    0
88    0
90    9
91    33
92    235
93    528
95    16
97    0
99    280
103   143
104   51
110   0
115   0
117   7
119   0
120   0
121   0
122   0
124   281
