# Instance RC201.100_25-5-5-5 - 90 dynamic requests - 10 static requests
Dyn   Stat
90    10
ID    RD
34    -1
41    -1
48    -1
75    -1
77    -1
95    -1
99    -1
100   -1
112   -1
123   -1
26    578
27    100
28    305
29    348
30    27
31    161
32    34
33    161
35    300
36    27
37    51
38    271
39    16
40    42
42    565
43    39
44    185
45    286
46    136
47    153
49    227
50    652
51    508
52    40
53    9
54    9
55    115
56    114
57    158
58    60
59    380
60    154
61    7
62    26
63    6
64    61
65    307
66    32
67    6
68    352
69    63
70    32
71    284
72    54
73    347
74    140
76    272
78    201
79    293
80    19
81    255
82    267
83    608
84    36
85    437
86    138
87    144
88    15
89    62
90    6
91    538
92    196
93    99
94    150
96    22
97    12
98    188
101   184
102   283
103   87
104   350
105   200
106   251
107   140
108   94
109   150
110   188
111   197
113   172
114   425
115   177
116   296
117   2
118   428
119   307
120   15
121   37
122   233
124   308
125   276
