# Instance RC201.100_25-5-5-5 - 50 dynamic requests - 50 static requests
Dyn   Stat
50    50
ID    RD
26    -1
27    -1
30    -1
32    -1
34    -1
36    -1
39    -1
42    -1
45    -1
46    -1
48    -1
49    -1
50    -1
51    -1
53    -1
54    -1
57    -1
60    -1
62    -1
63    -1
64    -1
65    -1
66    -1
69    -1
71    -1
74    -1
75    -1
76    -1
80    -1
82    -1
84    -1
89    -1
96    -1
99    -1
100   -1
102   -1
107   -1
109   -1
110   -1
111   -1
113   -1
114   -1
115   -1
116   -1
117   -1
119   -1
120   -1
121   -1
122   -1
125   -1
28    112
29    623
31    31
33    38
35    454
37    152
38    57
40    45
41    31
43    134
44    108
47    289
52    14
55    232
56    127
58    73
59    467
61    5
67    10
68    449
70    12
72    27
73    8
77    154
78    114
79    291
81    129
83    419
85    297
86    80
87    88
88    1
90    11
91    514
92    13
93    551
94    19
95    393
97    13
98    32
101   45
103   200
104   124
105   518
106   260
108   36
112   255
118   161
123   117
124   36
