# Instance RC208.100_25-5-5-5 - 30 dynamic requests - 70 static requests
Dyn   Stat
30    70
ID    RD
26    -1
27    -1
28    -1
29    -1
30    -1
31    -1
32    -1
35    -1
36    -1
38    -1
39    -1
41    -1
42    -1
43    -1
44    -1
45    -1
46    -1
47    -1
49    -1
51    -1
52    -1
53    -1
54    -1
55    -1
56    -1
57    -1
58    -1
60    -1
61    -1
66    -1
68    -1
69    -1
70    -1
72    -1
73    -1
76    -1
77    -1
80    -1
82    -1
84    -1
85    -1
86    -1
87    -1
88    -1
89    -1
91    -1
92    -1
93    -1
94    -1
95    -1
96    -1
97    -1
98    -1
99    -1
100   -1
104   -1
106   -1
109   -1
110   -1
112   -1
113   -1
114   -1
116   -1
117   -1
118   -1
120   -1
122   -1
123   -1
124   -1
125   -1
33    68
34    21
37    2
40    0
48    41
50    300
59    80
62    387
63    4
64    1
65    157
67    17
71    45
74    236
75    83
78    12
79    92
81    197
83    370
90    10
101   120
102   255
103   126
105   72
107   9
108   14
111   10
115   111
119   128
121   373
