# Instance RC208.100_25-5-5-5 - 50 dynamic requests - 50 static requests
Dyn   Stat
50    50
ID    RD
29    -1
30    -1
32    -1
33    -1
34    -1
35    -1
38    -1
41    -1
43    -1
46    -1
47    -1
48    -1
49    -1
52    -1
53    -1
54    -1
55    -1
57    -1
59    -1
61    -1
63    -1
64    -1
69    -1
74    -1
78    -1
83    -1
85    -1
86    -1
87    -1
89    -1
90    -1
91    -1
93    -1
96    -1
99    -1
100   -1
102   -1
103   -1
104   -1
105   -1
107   -1
109   -1
112   -1
113   -1
114   -1
117   -1
120   -1
121   -1
122   -1
123   -1
26    265
27    4
28    74
31    43
36    26
37    40
39    13
40    15
42    271
44    44
45    158
50    170
51    177
56    45
58    9
60    101
62    127
65    84
66    12
67    21
68    130
70    3
71    60
72    32
73    306
75    300
76    142
77    20
79    196
80    36
81    74
82    96
84    26
88    7
92    29
94    0
95    18
97    3
98    62
101   50
106   125
108   16
110   53
111   182
115   138
116   132
118   157
119   135
124   46
125   174
