# Instance RC204.100_25-5-5-5 - 50 dynamic requests - 50 static requests
Dyn   Stat
50    50
ID    RD
27    -1
28    -1
30    -1
31    -1
32    -1
33    -1
35    -1
36    -1
40    -1
41    -1
44    -1
47    -1
48    -1
49    -1
53    -1
54    -1
56    -1
58    -1
59    -1
61    -1
63    -1
64    -1
69    -1
73    -1
77    -1
81    -1
82    -1
83    -1
85    -1
86    -1
88    -1
90    -1
94    -1
95    -1
96    -1
97    -1
100   -1
101   -1
102   -1
104   -1
107   -1
108   -1
110   -1
111   -1
114   -1
119   -1
120   -1
121   -1
122   -1
125   -1
26    0
29    308
34    241
37    0
38    473
39    0
42    0
43    0
45    0
46    0
50    690
51    0
52    0
55    0
57    0
60    0
62    0
65    0
66    0
67    0
68    0
70    0
71    0
72    0
74    0
75    0
76    0
78    327
79    0
80    153
84    0
87    87
89    0
91    0
92    100
93    0
98    0
99    57
103   0
105   0
106   0
109   139
112   169
113   0
115   0
116   0
117   13
118   0
123   0
124   11
