# Instance RC205.100_25-5-5-5 - 90 dynamic requests - 10 static requests
Dyn   Stat
90    10
ID    RD
29    -1
46    -1
63    -1
65    -1
81    -1
84    -1
105   -1
108   -1
113   -1
120   -1
26    268
27    24
28    102
30    12
31    259
32    66
33    275
34    80
35    263
36    133
37    26
38    621
39    33
40    8
41    124
42    276
43    32
44    196
45    301
47    251
48    64
49    500
50    329
51    310
52    102
53    64
54    63
55    41
56    29
57    183
58    11
59    135
60    154
61    39
62    1
64    20
66    65
67    29
68    123
69    83
70    21
71    232
72    35
73    72
74    10
75    301
76    83
77    14
78    106
79    169
80    180
82    85
83    643
85    14
86    164
87    72
88    38
89    180
90    6
91    521
92    298
93    305
94    149
95    201
96    156
97    2
98    65
99    642
100   40
101   170
102   99
103   117
104   38
106   1
107   6
109   214
110   133
111   206
112   310
114   2
115   295
116   371
117   12
118   665
119   109
121   191
122   375
123   11
124   277
125   572
