# Instance RC204.100_25-5-5-5 - 30 dynamic requests - 70 static requests
Dyn   Stat
30    70
ID    RD
30    -1
31    -1
32    -1
34    -1
36    -1
38    -1
39    -1
40    -1
42    -1
43    -1
45    -1
46    -1
47    -1
48    -1
53    -1
55    -1
56    -1
57    -1
58    -1
60    -1
61    -1
62    -1
63    -1
64    -1
65    -1
66    -1
67    -1
68    -1
70    -1
71    -1
72    -1
73    -1
76    -1
79    -1
80    -1
81    -1
82    -1
83    -1
84    -1
85    -1
86    -1
88    -1
89    -1
90    -1
91    -1
92    -1
93    -1
94    -1
95    -1
96    -1
97    -1
98    -1
99    -1
100   -1
101   -1
102   -1
103   -1
104   -1
107   -1
110   -1
114   -1
115   -1
116   -1
118   -1
119   -1
120   -1
121   -1
122   -1
124   -1
125   -1
26    0
27    0
28    0
29    71
33    34
35    0
37    0
41    0
44    0
49    0
50    443
51    0
52    0
54    0
59    0
69    6
74    0
75    0
77    0
78    248
87    165
105   0
106   0
108   0
109   331
111   0
112   291
113   0
117   1
123   0
