# Instance RC203.100_25-5-5-5 - 50 dynamic requests - 50 static requests
Dyn   Stat
50    50
ID    RD
26    -1
29    -1
30    -1
31    -1
32    -1
33    -1
34    -1
35    -1
42    -1
44    -1
45    -1
47    -1
54    -1
57    -1
58    -1
59    -1
62    -1
66    -1
67    -1
68    -1
69    -1
70    -1
71    -1
72    -1
74    -1
76    -1
77    -1
79    -1
80    -1
81    -1
82    -1
85    -1
87    -1
89    -1
90    -1
92    -1
94    -1
100   -1
101   -1
103   -1
109   -1
110   -1
111   -1
112   -1
113   -1
117   -1
118   -1
122   -1
123   -1
124   -1
27    0
28    0
36    17
37    0
38    337
39    0
40    11
41    0
43    0
46    0
48    12
49    0
50    386
51    0
52    128
53    0
55    122
56    0
60    640
61    19
63    228
64    48
65    318
73    0
75    0
78    288
83    148
84    0
86    0
88    0
91    208
93    233
95    671
96    0
97    0
98    0
99    249
102   525
104   62
105   600
106   0
107   0
108   0
114   0
115   0
116   0
119   0
120   0
121   0
125   302
