# Instance RC208.100_25-5-5-5 - 90 dynamic requests - 10 static requests
Dyn   Stat
90    10
ID    RD
28    -1
43    -1
55    -1
61    -1
76    -1
100   -1
103   -1
105   -1
106   -1
109   -1
26    176
27    21
29    312
30    30
31    77
32    13
33    110
34    105
35    235
36    5
37    30
38    92
39    9
40    5
41    0
42    181
44    5
45    324
46    39
47    130
48    21
49    160
50    258
51    372
52    24
53    40
54    52
56    21
57    267
58    39
59    55
60    348
62    259
63    11
64    19
65    82
66    17
67    33
68    153
69    45
70    31
71    160
72    33
73    146
74    121
75    220
77    16
78    89
79    425
80    394
81    324
82    123
83    383
84    41
85    357
86    23
87    20
88    32
89    15
90    9
91    124
92    60
93    12
94    1
95    165
96    37
97    6
98    8
99    246
101   89
102   91
104   18
107   6
108   1
110   147
111   164
112   156
113   54
114   313
115   185
116   125
117   7
118   233
119   46
120   0
121   105
122   21
123   1
124   55
125   166
