# Instance RC204.100_25-5-5-5 - 90 dynamic requests - 10 static requests
Dyn   Stat
90    10
ID    RD
29    -1
41    -1
50    -1
67    -1
70    -1
87    -1
97    -1
102   -1
103   -1
108   -1
26    0
27    0
28    0
30    0
31    0
32    0
33    24
34    350
35    0
36    4
37    0
38    30
39    0
40    110
42    0
43    0
44    0
45    0
46    0
47    0
48    87
49    0
51    0
52    0
53    0
54    0
55    0
56    0
57    0
58    0
59    0
60    0
61    0
62    0
63    111
64    0
65    0
66    0
68    0
69    105
71    0
72    0
73    0
74    0
75    0
76    0
77    0
78    93
79    0
80    86
81    0
82    0
83    287
84    0
85    0
86    0
88    0
89    0
90    0
91    0
92    200
93    0
94    67
95    0
96    0
98    0
99    541
100   0
101   47
104   230
105   0
106   0
107   0
109   322
110   0
111   0
112   185
113   0
114   0
115   0
116   0
117   8
118   0
119   0
120   0
121   0
122   0
123   0
124   78
125   642
