# Instance RC201.100_25-5-5-5 - 70 dynamic requests - 30 static requests
Dyn   Stat
70    30
ID    RD
27    -1
35    -1
37    -1
39    -1
45    -1
46    -1
49    -1
50    -1
52    -1
55    -1
56    -1
58    -1
60    -1
64    -1
65    -1
76    -1
77    -1
79    -1
82    -1
86    -1
92    -1
99    -1
101   -1
103   -1
105   -1
110   -1
112   -1
115   -1
116   -1
119   -1
26    195
28    141
29    127
30    47
31    293
32    111
33    150
34    314
36    108
38    351
40    55
41    16
42    686
43    111
44    50
47    296
48    76
51    162
53    124
54    77
57    107
59    13
61    15
62    407
63    17
66    142
67    30
68    465
69    214
70    28
71    302
72    13
73    270
74    117
75    308
78    173
80    139
81    334
83    453
84    33
85    231
87    60
88    36
89    11
90    1
91    370
93    365
94    99
95    14
96    110
97    36
98    162
100   95
102   327
104   139
106   299
107   57
108   40
109   317
111   127
113   80
114   392
117   1
118   177
120   17
121   397
122   298
123   133
124   131
125   629
