# Instance RC203.100_25-5-5-5 - 70 dynamic requests - 30 static requests
Dyn   Stat
70    30
ID    RD
27    -1
35    -1
39    -1
47    -1
55    -1
60    -1
65    -1
69    -1
70    -1
73    -1
75    -1
77    -1
84    -1
87    -1
88    -1
91    -1
95    -1
96    -1
97    -1
99    -1
100   -1
101   -1
104   -1
105   -1
106   -1
109   -1
116   -1
119   -1
120   -1
123   -1
26    0
28    0
29    532
30    0
31    74
32    0
33    89
34    285
36    139
37    0
38    82
40    162
41    0
42    149
43    0
44    0
45    0
46    0
48    172
49    0
50    326
51    0
52    94
53    0
54    0
56    0
57    0
58    78
59    0
61    29
62    0
63    85
64    39
66    131
67    33
68    0
71    0
72    0
74    71
76    0
78    12
79    0
80    534
81    358
82    0
83    446
85    0
86    0
89    94
90    5
92    120
93    6
94    143
98    0
102   583
103   243
107   0
108   0
110   0
111   0
112   316
113   96
114   0
115   0
117   7
118   760
121   0
122   0
124   5
125   211
