# Instance RC201.100_25-5-5-5 - 30 dynamic requests - 70 static requests
Dyn   Stat
30    70
ID    RD
26    -1
31    -1
34    -1
36    -1
37    -1
40    -1
41    -1
42    -1
43    -1
44    -1
45    -1
47    -1
48    -1
50    -1
51    -1
52    -1
53    -1
54    -1
55    -1
56    -1
58    -1
59    -1
60    -1
63    -1
64    -1
65    -1
68    -1
69    -1
70    -1
73    -1
74    -1
75    -1
77    -1
78    -1
79    -1
80    -1
82    -1
83    -1
85    -1
86    -1
87    -1
88    -1
89    -1
90    -1
92    -1
93    -1
94    -1
95    -1
96    -1
97    -1
98    -1
100   -1
101   -1
102   -1
104   -1
105   -1
106   -1
107   -1
108   -1
110   -1
112   -1
113   -1
114   -1
115   -1
116   -1
117   -1
118   -1
119   -1
120   -1
121   -1
27    26
28    375
29    181
30    4
32    261
33    58
35    417
38    75
39    18
46    2
49    624
57    193
61    18
62    128
66    157
67    18
71    168
72    48
76    16
81    198
84    41
91    41
99    270
103   113
109   125
111   156
122   435
123   161
124   110
125   673
