# Instance RC206.100_25-5-5-5 - 50 dynamic requests - 50 static requests
Dyn   Stat
50    50
ID    RD
28    -1
31    -1
32    -1
34    -1
36    -1
38    -1
39    -1
40    -1
42    -1
46    -1
47    -1
48    -1
49    -1
50    -1
52    -1
56    -1
58    -1
59    -1
60    -1
62    -1
65    -1
70    -1
78    -1
82    -1
83    -1
84    -1
85    -1
86    -1
87    -1
88    -1
89    -1
90    -1
92    -1
93    -1
94    -1
95    -1
99    -1
100   -1
103   -1
104   -1
107   -1
108   -1
109   -1
111   -1
113   -1
114   -1
115   -1
117   -1
118   -1
120   -1
26    210
27    57
29    137
30    9
33    187
35    140
37    42
41    182
43    39
44    182
45    465
51    27
53    0
54    47
55    117
57    463
61    38
63    198
64    35
66    142
67    22
68    476
69    44
71    267
72    37
73    418
74    325
75    139
76    128
77    45
79    98
80    111
81    355
91    155
96    99
97    9
98    6
101   56
102   229
105   184
106   50
110   120
112   258
116   622
119   184
121   291
122   58
123   49
124   32
125   324
