# Instance RC206.100_25-5-5-5 - 10 dynamic requests - 90 static requests
Dyn   Stat
10    90
ID    RD
26    -1
27    -1
28    -1
29    -1
30    -1
31    -1
32    -1
33    -1
34    -1
35    -1
36    -1
38    -1
39    -1
40    -1
41    -1
43    -1
44    -1
45    -1
46    -1
47    -1
48    -1
49    -1
50    -1
51    -1
52    -1
53    -1
55    -1
56    -1
57    -1
58    -1
60    -1
61    -1
62    -1
63    -1
64    -1
65    -1
66    -1
67    -1
68    -1
69    -1
71    -1
72    -1
73    -1
74    -1
75    -1
77    -1
78    -1
79    -1
80    -1
81    -1
82    -1
83    -1
84    -1
85    -1
86    -1
87    -1
88    -1
89    -1
90    -1
91    -1
92    -1
94    -1
96    -1
97    -1
99    -1
100   -1
101   -1
102   -1
103   -1
104   -1
105   -1
106   -1
108   -1
109   -1
110   -1
111   -1
112   -1
113   -1
114   -1
115   -1
116   -1
117   -1
118   -1
119   -1
120   -1
121   -1
122   -1
123   -1
124   -1
125   -1
37    7
42    226
54    21
59    260
70    16
76    189
93    140
95    321
98    3
107   57
