# Instance RC203.100_4-5-5-5 - 30 dynamic requests - 70 static requests
Dyn   Stat
30    70
ID    RD
26    -1
27    -1
28    -1
29    -1
30    -1
32    -1
33    -1
35    -1
36    -1
37    -1
38    -1
39    -1
41    -1
42    -1
44    -1
45    -1
46    -1
47    -1
48    -1
50    -1
51    -1
52    -1
53    -1
56    -1
58    -1
59    -1
60    -1
61    -1
62    -1
64    -1
65    -1
66    -1
67    -1
68    -1
70    -1
71    -1
72    -1
73    -1
75    -1
77    -1
79    -1
80    -1
82    -1
84    -1
85    -1
86    -1
87    -1
89    -1
91    -1
93    -1
95    -1
96    -1
97    -1
99    -1
101   -1
102   -1
103   -1
105   -1
106   -1
107   -1
109   -1
111   -1
112   -1
113   -1
115   -1
116   -1
117   -1
119   -1
120   -1
125   -1
31    303
34    273
40    47
43    0
49    0
54    0
55    27
57    0
63    195
69    6
74    294
76    0
78    328
81    133
83    751
88    0
90    10
92    184
94    58
98    0
100   0
104   237
108   0
110   0
114   0
118   775
121   0
122   0
123   0
124   227
