# Instance RC205.100_25-5-5-5 - 70 dynamic requests - 30 static requests
Dyn   Stat
70    30
ID    RD
26    -1
28    -1
33    -1
35    -1
39    -1
47    -1
49    -1
50    -1
53    -1
54    -1
58    -1
60    -1
62    -1
66    -1
67    -1
69    -1
75    -1
76    -1
78    -1
82    -1
85    -1
86    -1
90    -1
92    -1
103   -1
104   -1
110   -1
120   -1
121   -1
124   -1
27    5
29    646
30    22
31    91
32    110
34    74
36    64
37    17
38    326
40    152
41    176
42    667
43    228
44    174
45    14
46    25
48    178
51    12
52    34
55    227
56    22
57    547
59    282
61    43
63    58
64    44
65    200
68    510
70    24
71    146
72    0
73    61
74    226
77    24
79    277
80    284
81    295
83    108
84    23
87    190
88    32
89    13
91    177
93    356
94    92
95    133
96    58
97    4
98    32
99    124
100   18
101   111
102   58
105   747
106   167
107   2
108   11
109   258
111   256
112   171
113   251
114   344
115   253
116   22
117   12
118   675
119   208
122   114
123   13
125   584
