C109.100_13-5-5-5

INFO
CREW COUNT  SKILLS  TOOLS   SPARE PARTS
13      5       5       5

DEPOT TECHNICIANS AND REQUESTS
ID   X     Y     TWS    TWE    Serv   SKILLS   TOOLS    SPARE PARTS
0    40    50    0      1236   0      [] 	[] 	[]
1    89    57    0      1236   0      [0,1,2,4] 	[0,2,4] 	[0,3,0,0,4]
2    89    26    0      1236   0      [0,1,2,3] 	[1,2,3,4] 	[0,5,5,0,5]
3    52    50    0      1236   0      [0,2,3,4] 	[2,3,4] 	[0,0,4,0,4]
4    78    54    0      1236   0      [0,1] 	[0,1,2,4] 	[0,5,0,0,5]
5    70    17    0      1236   0      [0,1,2,4] 	[] 	[0,2,0,0,5]
6    43    77    0      1236   0      [1,2,4] 	[] 	[0,5,0,0,5]
7    15    78    0      1236   0      [0,1,2,4] 	[0,1,4] 	[0,2,0,0,3]
8    65    97    0      1236   0      [0,1,3,4] 	[4] 	[0,5,3,0,3]
9    69    34    0      1236   0      [0,1,2,4] 	[0,2] 	[0,5,0,0,5]
10   32    57    0      1236   0      [0,1] 	[1,2,4] 	[0,4,0,0,2]
11   14    42    0      1236   0      [0,2,3,4] 	[0,1,2] 	[0,5,4,0,3]
12   0     3     0      1236   0      [1,2] 	[] 	[0,3,0,0,0]
13   85    45    0      1236   0      [1,3] 	[1,3,4] 	[0,3,0,0,4]
14   45    68    760    1120   90     [0] 	[] 	[0,1,0,0,0]
15   45    70    668    1028   90     [4] 	[0] 	[0,1,0,0,0]
16   42    66    16     376    90     [0] 	[] 	[0,1,0,0,0]
17   42    68    575    935    90     [4] 	[4] 	[0,1,0,0,0]
18   42    65    15     375    90     [0] 	[1] 	[0,1,0,0,1]
19   40    69    482    842    90     [0] 	[0,2] 	[0,0,0,0,0]
20   40    66    18     378    90     [0] 	[0,1] 	[0,0,0,0,0]
21   38    68    110    470    90     [4] 	[] 	[0,0,0,0,1]
22   38    70    390    750    90     [0] 	[0] 	[0,0,0,0,0]
23   35    66    204    564    90     [4] 	[0,4] 	[0,0,0,0,0]
24   35    69    297    657    90     [2] 	[] 	[0,1,0,0,0]
25   25    85    507    867    90     [0] 	[1] 	[0,0,0,0,1]
26   22    75    30     390    90     [0] 	[] 	[0,1,0,0,1]
27   22    85    414    774    90     [3] 	[1] 	[0,0,0,0,1]
28   20    80    227    587    90     [4] 	[] 	[0,1,0,0,0]
29   20    85    322    682    90     [2] 	[] 	[0,1,0,0,0]
30   18    75    33     393    90     [4] 	[0,4] 	[0,1,0,0,0]
31   15    75    37     397    90     [4] 	[0,4] 	[0,1,0,0,1]
32   15    80    132    492    90     [3] 	[1,3] 	[0,0,1,0,1]
33   30    50    10     370    90     [1] 	[] 	[0,0,0,0,0]
34   30    52    760    1120   90     [0] 	[] 	[0,1,0,0,1]
35   28    52    668    1028   90     [3] 	[] 	[0,0,1,0,1]
36   28    55    575    935    90     [2] 	[0,2] 	[0,1,0,0,0]
37   25    50    15     375    90     [3] 	[1,3] 	[0,0,1,0,0]
38   25    52    17     377    90     [3] 	[1,3] 	[0,0,1,0,0]
39   25    55    482    842    90     [3] 	[1,3] 	[0,0,0,0,1]
40   23    52    109    469    90     [4] 	[0,4] 	[0,1,0,0,1]
41   23    55    390    750    90     [4] 	[] 	[0,1,0,0,0]
42   20    50    202    562    90     [1] 	[4] 	[0,1,0,0,0]
43   20    55    297    657    90     [2] 	[] 	[0,1,0,0,0]
44   10    35    39     399    90     [3] 	[1] 	[0,0,1,0,0]
45   10    40    31     391    90     [0] 	[0,2] 	[0,1,0,0,1]
46   8     40    33     393    90     [1] 	[] 	[0,1,0,0,0]
47   8     45    604    964    90     [3] 	[] 	[0,0,1,0,0]
48   5     35    134    494    90     [2] 	[] 	[0,1,0,0,0]
49   5     45    511    871    90     [2] 	[0,2] 	[0,1,0,0,0]
50   2     40    229    589    90     [4] 	[0] 	[0,0,0,0,1]
51   0     40    321    681    90     [2] 	[0,2] 	[0,0,0,0,0]
52   0     45    416    776    90     [0] 	[1,2] 	[0,1,0,0,0]
53   35    30    113    473    90     [2] 	[] 	[0,0,0,0,0]
54   35    32    21     381    90     [2] 	[] 	[0,0,0,0,0]
55   33    32    19     379    90     [1] 	[] 	[0,1,0,0,0]
56   33    35    16     376    90     [4] 	[0] 	[0,0,0,0,1]
57   32    30    206    566    90     [3] 	[3] 	[0,0,0,0,0]
58   30    30    391    751    90     [3] 	[1] 	[0,0,1,0,0]
59   30    32    299    659    90     [1] 	[1,4] 	[0,0,0,0,0]
60   30    35    767    1127   90     [4] 	[0] 	[0,0,0,0,0]
61   28    30    483    843    90     [0] 	[0,1] 	[0,1,0,0,1]
62   28    35    766    1126   90     [1] 	[] 	[0,1,0,0,0]
63   26    32    668    1028   90     [1] 	[1,4] 	[0,1,0,0,0]
64   25    30    576    936    90     [4] 	[0,4] 	[0,0,0,0,0]
65   25    35    761    1121   90     [4] 	[0,4] 	[0,1,0,0,1]
66   44    5     137    497    90     [2] 	[0,2] 	[0,1,0,0,0]
67   42    10    42     402    90     [1] 	[] 	[0,1,0,0,0]
68   42    15    35     395    90     [0] 	[0,2] 	[0,0,0,0,0]
69   40    5     231    591    90     [4] 	[0,4] 	[0,1,0,0,1]
70   40    15    35     395    90     [1] 	[4] 	[0,1,0,0,0]
71   38    5     323    683    90     [4] 	[0,4] 	[0,0,0,0,0]
72   38    15    516    876    90     [1] 	[] 	[0,0,0,0,0]
73   35    5     416    776    90     [2] 	[0] 	[0,1,0,0,0]
74   50    30    391    751    90     [0] 	[2] 	[0,0,0,0,0]
75   50    35    110    470    90     [0] 	[] 	[0,1,0,0,1]
76   50    40    15     375    90     [2] 	[] 	[0,1,0,0,0]
77   48    30    483    843    90     [3] 	[3] 	[0,0,0,0,0]
78   48    40    12     372    90     [0] 	[1] 	[0,1,0,0,1]
79   47    35    671    1031   90     [4] 	[0,4] 	[0,1,0,0,1]
80   47    40    12     372    90     [2] 	[] 	[0,0,0,0,0]
81   45    30    576    936    90     [2] 	[0] 	[0,1,0,0,0]
82   45    35    763    1123   90     [3] 	[1] 	[0,0,0,0,0]
83   95    30    242    602    90     [0] 	[] 	[0,0,0,0,1]
84   95    35    147    507    90     [2] 	[0,2] 	[0,1,0,0,0]
85   53    30    298    658    90     [0] 	[] 	[0,1,0,0,1]
86   92    30    335    695    90     [4] 	[0,4] 	[0,1,0,0,1]
87   53    35    203    563    90     [0] 	[2] 	[0,1,0,0,1]
88   45    65    770    1130   90     [3] 	[] 	[0,0,0,0,0]
89   90    35    52     412    90     [0] 	[] 	[0,1,0,0,1]
90   88    30    429    789    90     [2] 	[0] 	[0,1,0,0,0]
91   88    35    50     410    90     [1] 	[1,4] 	[0,1,0,0,0]
92   87    30    520    880    90     [0] 	[0,2] 	[0,1,0,0,0]
93   85    25    615    975    90     [0] 	[1,2] 	[0,1,0,0,0]
94   85    35    47     407    90     [4] 	[4] 	[0,0,0,0,0]
95   75    55    215    575    90     [0] 	[1] 	[0,0,0,0,0]
96   72    55    122    482    90     [1] 	[4] 	[0,1,0,0,0]
97   70    58    311    671    90     [2] 	[2] 	[0,0,0,0,0]
98   68    60    404    764    90     [0] 	[1,2] 	[0,1,0,0,1]
99   66    55    26     386    90     [0] 	[0] 	[0,1,0,0,1]
100  65    55    25     385    90     [0] 	[2] 	[0,0,0,0,0]
101  65    60    497    857    90     [2] 	[] 	[0,0,0,0,0]
102  63    58    590    950    90     [0] 	[] 	[0,1,0,0,0]
103  60    55    20     380    90     [2] 	[] 	[0,0,0,0,0]
104  60    60    683    1043   90     [1] 	[] 	[0,1,0,0,0]
105  67    85    225    585    90     [3] 	[] 	[0,0,0,0,0]
106  65    85    317    677    90     [4] 	[0,4] 	[0,1,0,0,1]
107  65    82    131    491    90     [3] 	[1,3] 	[0,0,0,0,0]
108  62    80    38     398    90     [1] 	[1,4] 	[0,1,0,0,0]
109  60    80    36     396    90     [0] 	[2] 	[0,1,0,0,1]
110  60    85    412    772    90     [4] 	[] 	[0,0,0,0,0]
111  58    75    30     390    90     [4] 	[0,4] 	[0,1,0,0,1]
112  55    80    602    962    90     [2] 	[0] 	[0,0,0,0,0]
113  55    85    507    867    90     [1] 	[1] 	[0,1,0,0,0]
