C207.100_13-5-5-5

INFO
CREW COUNT  SKILLS  TOOLS   SPARE PARTS
13      5       5       5

DEPOT TECHNICIANS AND REQUESTS
ID   X     Y     TWS    TWE    Serv   SKILLS   TOOLS    SPARE PARTS
0    40    50    0      3390   0      [] 	[] 	[]
1    88    27    0      3390   0      [0,1,2,4] 	[0,1,2,4] 	[5,0,2,0,2]
2    90    59    0      3390   0      [2,3,4] 	[1,3] 	[0,0,3,0,3]
3    76    32    0      3390   0      [2,4] 	[2,4] 	[0,0,2,0,2]
4    66    29    0      3390   0      [0,2,3,4] 	[0,2,3] 	[0,0,2,0,4]
5    88    22    0      3390   0      [0,1,3,4] 	[2] 	[5,0,4,0,2]
6    10    45    0      3390   0      [0,4] 	[0,2,4] 	[0,0,3,0,4]
7    81    15    0      3390   0      [0,1,2,4] 	[0,2] 	[2,0,3,0,5]
8    39    31    0      3390   0      [2,3] 	[0,1,3] 	[0,0,4,0,3]
9    56    52    0      3390   0      [1,3,4] 	[] 	[3,0,4,0,0]
10   59    48    0      3390   0      [0,1,2] 	[0,1,2,4] 	[2,0,0,0,3]
11   25    58    0      3390   0      [1,2] 	[0,1,2,4] 	[4,0,0,0,5]
12   69    61    0      3390   0      [0,2,3,4] 	[2] 	[0,0,3,0,4]
13   74    2     0      3390   0      [0,2,3] 	[0,1,4] 	[0,0,5,0,2]
14   52    75    302    479    90     [3] 	[] 	[0,0,1,0,0]
15   45    70    157    428    90     [3] 	[0,1] 	[0,0,0,0,0]
16   62    69    1138   1355   90     [4] 	[2,4] 	[0,0,0,0,0]
17   60    66    1247   1434   90     [2] 	[0,1] 	[0,0,0,0,1]
18   42    65    15     208    90     [1] 	[2,4] 	[1,0,0,0,0]
19   16    42    209    944    90     [4] 	[] 	[0,0,0,0,0]
20   58    70    1059   1246   90     [3] 	[0] 	[0,0,1,0,0]
21   34    60    2035   3288   90     [2] 	[0] 	[0,0,0,0,0]
22   28    70    2090   3271   90     [0] 	[4] 	[0,0,0,0,0]
23   35    66    2311   3283   90     [3] 	[] 	[0,0,0,0,0]
24   35    69    2428   3127   90     [2] 	[0,1] 	[0,0,0,0,1]
25   25    85    1772   2625   90     [1] 	[2,4] 	[1,0,0,0,0]
26   22    75    2135   2834   90     [4] 	[] 	[0,0,0,0,0]
27   22    85    1586   2625   90     [0] 	[0,4] 	[0,0,1,0,1]
28   20    80    1858   2733   90     [2] 	[] 	[0,0,0,0,1]
29   20    85    1512   2515   90     [3] 	[0] 	[0,0,0,0,0]
30   18    75    1895   2886   90     [1] 	[] 	[1,0,0,0,0]
31   15    75    1299   2344   90     [0] 	[0,4] 	[0,0,0,0,0]
32   15    80    1461   2372   90     [4] 	[2,4] 	[0,0,1,0,0]
33   30    50    10     963    90     [3] 	[0,1] 	[0,0,1,0,0]
34   30    56    2062   3288   90     [3] 	[0,3] 	[0,0,1,0,0]
35   28    52    12     752    90     [0] 	[0] 	[0,0,0,0,1]
36   14    66    1316   2129   90     [1] 	[] 	[0,0,0,0,0]
37   25    50    15     532    90     [0] 	[0,4] 	[0,0,0,0,0]
38   22    66    2177   2990   90     [2] 	[] 	[0,0,0,0,0]
39   8     62    1036   2213   90     [2] 	[0,1] 	[0,0,0,0,1]
40   23    52    17     602    90     [1] 	[] 	[1,0,0,0,0]
41   4     55    1010   2043   90     [3] 	[] 	[0,0,1,0,0]
42   20    50    20     948    90     [0] 	[] 	[0,0,1,0,0]
43   20    55    63     702    90     [2] 	[] 	[0,0,0,0,0]
44   10    35    309    1412   90     [2] 	[] 	[0,0,0,0,1]
45   10    40    336    1009   90     [4] 	[2,4] 	[0,0,1,0,0]
46   8     40    234    1295   90     [4] 	[2,4] 	[0,0,1,0,0]
47   8     45    954    1897   90     [3] 	[] 	[0,0,1,0,0]
48   5     35    377    1534   90     [2] 	[0] 	[0,0,0,0,1]
49   5     45    819    1846   90     [4] 	[] 	[0,0,0,0,0]
50   2     40    494    1607   90     [1] 	[2,4] 	[0,0,0,0,0]
51   0     40    637    1648   90     [3] 	[1] 	[0,0,1,0,0]
52   0     45    834    1641   90     [3] 	[0,1] 	[0,0,0,0,0]
53   36    18    1468   2329   90     [0] 	[0] 	[0,0,1,0,0]
54   35    32    2480   3195   90     [0] 	[4] 	[0,0,1,0,1]
55   33    32    2421   3070   90     [2] 	[] 	[0,0,0,0,0]
56   33    35    2368   2937   90     [0] 	[0,4] 	[0,0,1,0,1]
57   32    20    1621   2364   90     [4] 	[2,4] 	[0,0,1,0,0]
58   30    30    1805   2564   90     [1] 	[] 	[0,0,0,0,0]
59   34    25    1782   2395   90     [4] 	[2,4] 	[0,0,1,0,0]
60   30    35    2242   2877   90     [0] 	[4] 	[0,0,0,0,1]
61   36    40    2605   3266   90     [2] 	[0,1] 	[0,0,0,0,1]
62   48    20    812    1281   90     [0] 	[0,4] 	[0,0,1,0,1]
63   26    32    1842   2901   90     [1] 	[2] 	[1,0,0,0,0]
64   25    30    1883   2676   90     [1] 	[2,4] 	[1,0,0,0,0]
65   25    35    2070   2859   90     [4] 	[2] 	[0,0,1,0,0]
66   44    5     1078   1593   90     [2] 	[0,1] 	[0,0,0,0,0]
67   42    10    998    1481   90     [0] 	[] 	[0,0,1,0,0]
68   42    15    897    1392   90     [0] 	[4] 	[0,0,0,0,0]
69   40    5     1083   1776   90     [3] 	[3] 	[0,0,0,0,0]
70   38    15    1426   2183   90     [4] 	[4] 	[0,0,1,0,0]
71   38    5     1133   1910   90     [0] 	[0,4] 	[0,0,1,0,0]
72   38    10    1392   2027   90     [4] 	[] 	[0,0,1,0,0]
73   35    5     1180   2049   90     [0] 	[4] 	[0,0,1,0,1]
74   50    30    223    738    90     [4] 	[2] 	[0,0,1,0,0]
75   50    35    18     474    90     [3] 	[0] 	[0,0,1,0,0]
76   50    40    14     360    90     [3] 	[0,1] 	[0,0,1,0,0]
77   48    30    246    899    90     [4] 	[2] 	[0,0,1,0,0]
78   44    25    704    1197   90     [0] 	[0,4] 	[0,0,0,0,1]
79   47    35    393    942    90     [4] 	[] 	[0,0,1,0,0]
80   47    40    12     424    90     [4] 	[] 	[0,0,0,0,0]
81   42    30    641    1070   90     [4] 	[] 	[0,0,1,0,0]
82   45    35    534    985    90     [4] 	[] 	[0,0,0,0,0]
83   95    30    2119   2682   90     [2] 	[] 	[0,0,0,0,1]
84   95    35    2192   2419   90     [1] 	[4] 	[1,0,0,0,0]
85   53    30    131    644    90     [0] 	[0] 	[0,0,0,0,0]
86   92    30    2169   2818   90     [2] 	[0,1] 	[0,0,0,0,0]
87   53    35    87     498    90     [1] 	[] 	[1,0,0,0,0]
88   45    65    49     346    90     [1] 	[] 	[1,0,0,0,0]
89   90    35    2106   2315   90     [4] 	[2,4] 	[0,0,0,0,0]
90   72    45    2701   3258   90     [0] 	[4] 	[0,0,1,0,0]
91   78    40    2599   3164   90     [0] 	[] 	[0,0,1,0,1]
92   87    30    2505   2870   90     [1] 	[2,4] 	[1,0,0,0,0]
93   85    25    2369   2816   90     [3] 	[1,3] 	[0,0,1,0,0]
94   85    35    2563   3002   90     [2] 	[] 	[0,0,0,0,1]
95   75    55    1894   2115   90     [1] 	[] 	[1,0,0,0,0]
96   72    55    1751   2072   90     [0] 	[0,4] 	[0,0,0,0,0]
97   70    58    1617   1824   90     [4] 	[2,4] 	[0,0,0,0,0]
98   86    46    1969   2248   90     [4] 	[2] 	[0,0,1,0,0]
99   66    55    1710   1921   90     [1] 	[2,4] 	[0,0,0,0,0]
100  64    46    2976   3275   90     [2] 	[0,1] 	[0,0,0,0,1]
101  65    60    1482   1769   90     [1] 	[2,4] 	[0,0,0,0,0]
102  56    64    1275   1594   90     [1] 	[2] 	[1,0,0,0,0]
103  60    55    2789   3279   90     [3] 	[0,3] 	[0,0,1,0,0]
104  60    60    1440   1621   90     [1] 	[2,4] 	[1,0,0,0,0]
105  67    85    646    901    90     [4] 	[2,4] 	[0,0,1,0,0]
106  42    58    8      258    90     [0] 	[0,4] 	[0,0,0,0,1]
107  65    82    708    1027   90     [1] 	[2,4] 	[1,0,0,0,0]
108  62    80    852    1069   90     [0] 	[0,4] 	[0,0,0,0,1]
109  62    40    2713   3275   90     [4] 	[2] 	[0,0,0,0,0]
110  60    85    537    816    90     [2] 	[0] 	[0,0,0,0,1]
111  58    75    948    1167   90     [3] 	[3] 	[0,0,0,0,0]
112  55    80    379    594    90     [3] 	[] 	[0,0,1,0,0]
113  55    85    477    686    90     [0] 	[0] 	[0,0,1,0,0]
