R201.100_13-5-5-5

INFO
CREW COUNT  SKILLS  TOOLS   SPARE PARTS
13      5       5       5

DEPOT TECHNICIANS AND REQUESTS
ID   X     Y     TWS    TWE    Serv   SKILLS   TOOLS    SPARE PARTS
0    35    35    0      1000   0      [] 	[] 	[]
1    35    23    0      1000   0      [2,3,4] 	[0,2,3,4] 	[3,0,2,3,2]
2    47    61    0      1000   0      [0,4] 	[0,1,2,4] 	[4,0,5,0,0]
3    73    57    0      1000   0      [0,1] 	[] 	[5,0,2,0,0]
4    97    61    0      1000   0      [1,2,4] 	[2] 	[3,0,3,4,0]
5    98    60    0      1000   0      [3,4] 	[0,1,2,3,4] 	[2,0,4,0,2]
6    66    81    0      1000   0      [0,1,2,4] 	[0,1,2,4] 	[4,0,3,5,0]
7    74    92    0      1000   0      [0,4] 	[0,2,4] 	[4,0,5,0,0]
8    27    24    0      1000   0      [0,1,2] 	[0,1,2,4] 	[2,0,5,3,0]
9    52    56    0      1000   0      [0,2,3] 	[2,3,4] 	[5,0,2,2,0]
10   56    85    0      1000   0      [0,1,2] 	[0,4] 	[3,0,3,4,0]
11   41    40    0      1000   0      [0,1,2] 	[0,1,4] 	[4,0,0,5,0]
12   60    49    0      1000   0      [0,4] 	[1] 	[3,0,2,0,0]
13   22    84    0      1000   0      [0,1,2] 	[0,1,4] 	[2,0,5,4,0]
14   41    49    707    848    10     [0] 	[] 	[0,0,0,0,0]
15   35    17    143    282    10     [0] 	[1,4] 	[0,0,0,0,0]
16   55    45    527    584    10     [2] 	[1,2] 	[1,0,0,1,0]
17   55    20    678    801    10     [3] 	[] 	[0,0,0,0,1]
18   15    30    34     209    10     [4] 	[2] 	[0,0,1,0,0]
19   25    30    415    514    10     [2] 	[] 	[1,0,0,0,0]
20   20    50    331    410    10     [4] 	[2,4] 	[0,0,1,0,0]
21   10    43    404    481    10     [3] 	[0,3] 	[0,0,0,0,0]
22   55    60    400    497    10     [3] 	[3] 	[0,0,0,0,0]
23   30    60    577    632    10     [0] 	[] 	[1,0,0,0,0]
24   20    65    206    325    10     [4] 	[1,2] 	[0,0,1,0,0]
25   50    35    228    345    10     [3] 	[3] 	[0,0,0,0,1]
26   30    25    690    827    10     [0] 	[] 	[0,0,0,0,0]
27   15    10    32     243    10     [1] 	[1] 	[0,0,0,0,0]
28   30    5     175    300    10     [1] 	[1] 	[1,0,0,0,0]
29   10    20    272    373    10     [4] 	[1,2] 	[0,0,1,0,0]
30   5     30    733    870    10     [0] 	[0,4] 	[0,0,1,0,0]
31   20    40    377    434    10     [0] 	[0,4] 	[1,0,0,0,0]
32   15    60    269    378    10     [2] 	[] 	[1,0,0,1,0]
33   45    65    581    666    10     [0] 	[0,1] 	[0,0,0,0,0]
34   45    20    214    331    10     [4] 	[4] 	[0,0,1,0,0]
35   45    10    409    494    10     [2] 	[1,2] 	[0,0,0,1,0]
36   55    5     206    325    10     [4] 	[2] 	[0,0,1,0,0]
37   65    35    704    847    10     [3] 	[0] 	[1,0,0,0,1]
38   65    20    817    956    10     [4] 	[] 	[0,0,1,0,0]
39   45    30    588    667    10     [4] 	[4] 	[0,0,1,0,0]
40   35    40    104    255    10     [2] 	[1] 	[1,0,0,1,0]
41   41    37    114    255    10     [0] 	[0,1] 	[0,0,0,0,0]
42   64    42    190    313    10     [2] 	[] 	[1,0,0,0,0]
43   40    60    259    354    10     [4] 	[2,4] 	[0,0,1,0,0]
44   31    52    152    275    10     [2] 	[1] 	[1,0,0,1,0]
45   35    69    660    777    10     [1] 	[2] 	[0,0,0,0,0]
46   53    52    45     200    10     [3] 	[] 	[1,0,0,0,0]
47   65    55    529    614    10     [0] 	[] 	[1,0,1,0,0]
48   63    65    686    813    10     [4] 	[1,2] 	[0,0,0,0,0]
49   2     60    41     208    10     [0] 	[1,4] 	[0,0,0,0,0]
50   20    20    606    693    10     [3] 	[] 	[1,0,0,0,0]
51   5     5     302    405    10     [1] 	[1,2] 	[1,0,0,0,0]
52   60    12    33     224    10     [0] 	[] 	[1,0,0,0,0]
53   40    25    360    437    10     [4] 	[1,2] 	[0,0,1,0,0]
54   42    7     396    511    10     [4] 	[4] 	[0,0,1,0,0]
55   24    12    25     172    10     [3] 	[0,3] 	[0,0,0,0,0]
56   23    3     620    705    10     [4] 	[] 	[0,0,0,0,0]
57   11    14    233    340    10     [3] 	[] 	[1,0,0,0,1]
58   6     38    29     189    10     [0] 	[0,1] 	[0,0,1,0,0]
59   2     48    515    628    10     [0] 	[0] 	[1,0,1,0,0]
60   8     56    85     250    10     [3] 	[0,3] 	[0,0,0,0,0]
61   13    52    773    906    10     [3] 	[0] 	[0,0,0,0,0]
62   6     68    501    540    10     [2] 	[1,2] 	[1,0,0,0,0]
63   47    47    547    642    10     [3] 	[0] 	[0,0,0,0,0]
64   49    58    348    453    10     [2] 	[1] 	[1,0,0,1,0]
65   27    43    174    299    10     [0] 	[0,1] 	[0,0,0,0,0]
66   37    31    414    489    10     [2] 	[1,2] 	[0,0,0,0,0]
67   57    29    641    734    10     [2] 	[] 	[1,0,0,0,0]
68   63    23    620    739    10     [2] 	[] 	[1,0,0,0,0]
69   53    12    585    692    10     [2] 	[1,2] 	[0,0,0,1,0]
70   32    12    421    530    10     [0] 	[1,4] 	[1,0,0,0,0]
71   36    26    849    980    10     [2] 	[] 	[1,0,0,0,0]
72   21    24    17     229    10     [0] 	[1] 	[1,0,1,0,0]
73   17    34    721    862    10     [1] 	[] 	[1,0,0,0,0]
74   12    24    290    377    10     [1] 	[] 	[1,0,0,0,0]
75   24    58    163    302    10     [3] 	[0,3] 	[0,0,0,0,1]
76   27    69    34     191    10     [2] 	[2] 	[1,0,0,0,0]
77   15    77    214    333    10     [4] 	[] 	[0,0,0,0,0]
78   62    77    49     188    10     [1] 	[1,2] 	[1,0,0,0,0]
79   49    73    592    693    10     [2] 	[] 	[1,0,0,1,0]
80   67    5     294    401    10     [3] 	[0,3] 	[0,0,0,0,0]
81   56    39    637    752    10     [3] 	[] 	[0,0,0,0,0]
82   37    47    162    293    10     [4] 	[2] 	[0,0,1,0,0]
83   37    56    788    968    10     [2] 	[] 	[1,0,0,1,0]
84   57    68    268    367    10     [4] 	[2,4] 	[0,0,1,0,0]
85   47    16    31     208    10     [0] 	[] 	[0,0,0,0,0]
86   44    17    308    399    10     [2] 	[1,2] 	[1,0,0,1,0]
87   46    13    681    802    10     [1] 	[] 	[0,0,0,0,0]
88   49    11    236    345    10     [1] 	[1,2] 	[1,0,0,0,0]
89   49    42    290    373    10     [3] 	[] 	[1,0,0,0,0]
90   53    43    817    952    10     [0] 	[] 	[0,0,0,0,0]
91   61    52    384    499    10     [3] 	[0,3] 	[1,0,0,0,1]
92   57    48    388    465    10     [4] 	[4] 	[0,0,1,0,0]
93   56    37    839    968    10     [1] 	[1] 	[0,0,0,0,0]
94   55    54    411    456    10     [2] 	[] 	[0,0,0,1,0]
95   15    47    162    289    10     [2] 	[1,2] 	[0,0,0,0,0]
96   14    37    96     249    10     [0] 	[] 	[0,0,1,0,0]
97   11    31    436    511    10     [0] 	[0,1] 	[1,0,1,0,0]
98   16    22    376    461    10     [1] 	[1,2] 	[1,0,0,0,0]
99   4     18    388    465    10     [3] 	[0,3] 	[0,0,0,0,0]
100  28    18    420    447    10     [2] 	[1,2] 	[1,0,0,1,0]
101  26    52    279    388    10     [4] 	[2,4] 	[0,0,0,0,0]
102  26    35    755    920    10     [2] 	[] 	[0,0,0,1,0]
103  31    67    392    487    10     [3] 	[3] 	[0,0,0,0,0]
104  15    19    739    866    10     [0] 	[] 	[0,0,1,0,0]
105  22    22    18     181    10     [1] 	[] 	[0,0,0,0,0]
106  18    24    811    969    10     [3] 	[] 	[1,0,0,0,1]
107  26    27    436    503    10     [1] 	[] 	[1,0,0,0,0]
108  25    24    92     231    10     [3] 	[0,3] 	[0,0,0,0,0]
109  22    27    607    690    10     [1] 	[1] 	[1,0,0,0,0]
110  25    21    612    673    10     [0] 	[4] 	[0,0,1,0,0]
111  19    21    183    306    10     [0] 	[1] 	[0,0,1,0,0]
112  20    26    333    432    10     [4] 	[1] 	[0,0,0,0,0]
113  18    18    798    965    10     [0] 	[0,4] 	[1,0,0,0,0]
