R203.100_13-5-5-5

INFO
CREW COUNT  SKILLS  TOOLS   SPARE PARTS
13      5       5       5

DEPOT TECHNICIANS AND REQUESTS
ID   X     Y     TWS    TWE    Serv   SKILLS   TOOLS    SPARE PARTS
0    35    35    0      1000   0      [] 	[] 	[]
1    26    99    0      1000   0      [0,3] 	[0,1,2,3,4] 	[0,3,0,0,4]
2    49    9     0      1000   0      [1,3,4] 	[1] 	[5,0,0,0,3]
3    26    67    0      1000   0      [1,2,3,4] 	[] 	[3,0,2,0,5]
4    96    89    0      1000   0      [1,3,4] 	[0,1,2] 	[4,0,5,0,5]
5    88    58    0      1000   0      [0,2] 	[0,1,3,4] 	[2,2,0,0,0]
6    71    87    0      1000   0      [0,1,3] 	[] 	[4,0,3,0,4]
7    24    64    0      1000   0      [0,3] 	[0,3,4] 	[0,2,2,0,2]
8    41    35    0      1000   0      [3,4] 	[0] 	[0,0,3,0,3]
9    33    68    0      1000   0      [0,2] 	[0,4] 	[5,4,0,0,0]
10   77    95    0      1000   0      [0,2,3,4] 	[0,1] 	[0,3,5,0,0]
11   52    37    0      1000   0      [0,2] 	[0,1,3,4] 	[3,3,0,0,0]
12   4     5     0      1000   0      [0,1,2] 	[0,1,4] 	[2,2,0,0,3]
13   54    63    0      1000   0      [0,3] 	[] 	[0,0,5,0,3]
14   41    49    0      974    10     [3] 	[2,3] 	[0,0,1,0,1]
15   35    17    0      972    10     [4] 	[1] 	[0,0,0,0,0]
16   55    45    0      967    10     [3] 	[3] 	[0,0,1,0,1]
17   55    20    678    801    10     [1] 	[0,1] 	[1,0,0,0,1]
18   15    30    0      969    10     [0] 	[] 	[0,1,0,0,0]
19   25    30    415    514    10     [4] 	[0,1] 	[0,0,1,0,0]
20   20    50    0      968    10     [2] 	[] 	[1,0,0,0,0]
21   10    43    404    481    10     [2] 	[0] 	[1,0,0,0,0]
22   55    60    400    497    10     [0] 	[1] 	[0,0,0,0,0]
23   30    60    577    632    10     [1] 	[1,2] 	[0,0,0,0,0]
24   20    65    206    325    10     [2] 	[4] 	[1,0,0,0,0]
25   50    35    0      975    10     [2] 	[0] 	[1,0,0,0,0]
26   30    25    690    827    10     [4] 	[0] 	[0,0,1,0,0]
27   15    10    0      957    10     [4] 	[] 	[0,0,0,0,0]
28   30    5     175    300    10     [0] 	[] 	[0,1,0,0,0]
29   10    20    0      960    10     [2] 	[] 	[0,0,0,0,0]
30   5     30    733    870    10     [0] 	[0,4] 	[0,0,0,0,0]
31   20    40    0      974    10     [0] 	[1] 	[0,1,0,0,0]
32   15    60    0      957    10     [2] 	[3,4] 	[0,0,0,0,0]
33   45    65    0      958    10     [1] 	[1,2] 	[1,0,0,0,1]
34   45    20    0      971    10     [2] 	[4] 	[1,0,0,0,0]
35   45    10    409    494    10     [4] 	[1] 	[0,0,0,0,0]
36   55    5     206    325    10     [1] 	[0,2] 	[1,0,0,0,1]
37   65    35    0      960    10     [2] 	[0] 	[1,0,0,0,0]
38   65    20    817    956    10     [3] 	[0] 	[0,0,0,0,1]
39   45    30    0      978    10     [4] 	[] 	[0,0,0,0,0]
40   35    40    104    255    10     [3] 	[2,3] 	[0,0,0,0,1]
41   41    37    0      983    10     [0] 	[1,4] 	[0,1,0,0,0]
42   64    42    0      960    10     [3] 	[3] 	[0,0,1,0,1]
43   40    60    259    354    10     [0] 	[] 	[0,1,0,0,0]
44   31    52    0      972    10     [1] 	[1,2] 	[0,0,0,0,0]
45   35    69    0      956    10     [2] 	[4] 	[1,0,0,0,0]
46   53    52    45     200    10     [0] 	[0] 	[0,0,0,0,0]
47   65    55    0      953    10     [4] 	[0,1] 	[0,0,0,0,0]
48   63    65    686    813    10     [0] 	[0,1] 	[0,1,0,0,0]
49   2     60    41     208    10     [3] 	[3] 	[0,0,0,0,0]
50   20    20    0      968    10     [1] 	[1,2] 	[1,0,0,0,0]
51   5     5     302    405    10     [3] 	[] 	[0,0,0,0,0]
52   60    12    33     224    10     [4] 	[0,1] 	[0,0,1,0,0]
53   40    25    360    437    10     [1] 	[0] 	[1,0,0,0,1]
54   42    7     396    511    10     [1] 	[1,2] 	[1,0,0,0,1]
55   24    12    25     172    10     [2] 	[3] 	[1,0,0,0,0]
56   23    3     0      955    10     [3] 	[2] 	[0,0,0,0,1]
57   11    14    233    340    10     [3] 	[] 	[0,0,1,0,1]
58   6     38    29     189    10     [3] 	[2,3] 	[0,0,0,0,0]
59   2     48    0      954    10     [2] 	[0] 	[1,0,0,0,0]
60   8     56    0      955    10     [0] 	[] 	[0,1,0,0,0]
61   13    52    0      962    10     [4] 	[0,1] 	[0,0,1,0,0]
62   6     68    501    540    10     [0] 	[4] 	[0,0,0,0,0]
63   47    47    0      973    10     [1] 	[1] 	[0,0,0,0,1]
64   49    58    0      963    10     [2] 	[3] 	[1,0,0,0,0]
65   27    43    0      978    10     [3] 	[0,2] 	[0,0,0,0,1]
66   37    31    414    489    10     [3] 	[] 	[0,0,1,0,0]
67   57    29    0      967    10     [3] 	[] 	[0,0,0,0,0]
68   63    23    620    739    10     [0] 	[1,4] 	[0,1,0,0,0]
69   53    12    585    692    10     [2] 	[3,4] 	[0,0,0,0,0]
70   32    12    0      966    10     [4] 	[1] 	[0,0,1,0,0]
71   36    26    849    980    10     [4] 	[0] 	[0,0,1,0,0]
72   21    24    0      972    10     [4] 	[0,1] 	[0,0,1,0,0]
73   17    34    0      971    10     [1] 	[2] 	[1,0,0,0,1]
74   12    24    0      964    10     [1] 	[1] 	[0,0,0,0,0]
75   24    58    163    302    10     [1] 	[1,2] 	[0,0,0,0,0]
76   27    69    0      955    10     [1] 	[2] 	[1,0,0,0,1]
77   15    77    214    333    10     [3] 	[] 	[0,0,0,0,0]
78   62    77    49     188    10     [2] 	[4] 	[0,0,0,0,0]
79   49    73    592    693    10     [3] 	[3] 	[0,0,0,0,0]
80   67    5     294    401    10     [4] 	[0,1] 	[0,0,1,0,0]
81   56    39    637    752    10     [2] 	[4] 	[1,0,0,0,0]
82   37    47    162    293    10     [2] 	[4] 	[0,0,0,0,0]
83   37    56    788    968    10     [0] 	[] 	[0,1,0,0,0]
84   57    68    0      950    10     [4] 	[] 	[0,0,0,0,0]
85   47    16    0      967    10     [0] 	[] 	[0,0,0,0,0]
86   44    17    0      969    10     [0] 	[] 	[0,1,0,0,0]
87   46    13    681    802    10     [1] 	[0,2] 	[1,0,0,0,0]
88   49    11    0      962    10     [3] 	[0] 	[0,0,1,0,0]
89   49    42    290    373    10     [3] 	[0] 	[0,0,1,0,1]
90   53    43    817    952    10     [3] 	[2,3] 	[0,0,1,0,1]
91   61    52    384    499    10     [2] 	[] 	[0,0,0,0,0]
92   57    48    388    465    10     [3] 	[2] 	[0,0,0,0,1]
93   56    37    839    968    10     [3] 	[0] 	[0,0,1,0,1]
94   55    54    0      962    10     [4] 	[] 	[0,0,0,0,0]
95   15    47    0      966    10     [0] 	[] 	[0,0,0,0,0]
96   14    37    0      968    10     [0] 	[] 	[0,0,0,0,0]
97   11    31    436    511    10     [1] 	[2] 	[0,0,0,0,0]
98   16    22    0      966    10     [1] 	[2] 	[1,0,0,0,1]
99   4     18    0      954    10     [2] 	[0,4] 	[0,0,0,0,0]
100  28    18    420    447    10     [4] 	[0] 	[0,0,1,0,0]
101  26    52    279    388    10     [1] 	[0,2] 	[1,0,0,0,1]
102  26    35    0      981    10     [2] 	[] 	[1,0,0,0,0]
103  31    67    0      957    10     [4] 	[] 	[0,0,0,0,0]
104  15    19    0      964    10     [3] 	[3] 	[0,0,0,0,0]
105  22    22    18     181    10     [1] 	[] 	[0,0,0,0,0]
106  18    24    811    969    10     [3] 	[0,2] 	[0,0,0,0,0]
107  26    27    0      977    10     [3] 	[2,3] 	[0,0,1,0,1]
108  25    24    0      975    10     [0] 	[4] 	[0,1,0,0,0]
109  22    27    0      974    10     [3] 	[2] 	[0,0,0,0,1]
110  25    21    0      972    10     [4] 	[0,1] 	[0,0,1,0,0]
111  19    21    0      968    10     [3] 	[0,3] 	[0,0,0,0,1]
112  20    26    333    432    10     [2] 	[4] 	[0,0,0,0,0]
113  18    18    798    965    10     [4] 	[] 	[0,0,1,0,0]
