# Instance C203 - 90 dynamic requests - 10 static requests
Dyn   Stat
90    10
ID    RD
1     -1
2     -1
3     -1
5     -1
7     -1
12    -1
14    -1
16    -1
18    -1
82    -1
4     598
6     303
8     416
9     805
10    2113
11    691
13    772
15    2204
17    1829
19    10
20    339
21    97
22    9
23    1011
24    305
25    1009
26    176
27    68
28    309
29    305
30    23
31    171
32    189
33    265
34    392
35    197
36    242
37    392
38    524
39    58
40    550
41    1463
42    565
43    337
44    866
45    2065
46    89
47    281
48    8
49    378
50    420
51    238
52    140
53    783
54    391
55    378
56    247
57    53
58    1297
59    134
60    179
61    383
62    35
63    5
64    359
65    116
66    326
67    3
68    195
69    109
70    1900
71    2
72    374
73    249
74    1
75    188
76    709
77    756
78    100
79    2037
80    1650
81    203
83    115
84    1013
85    404
86    5
87    2274
88    1521
89    251
90    29
91    151
92    407
93    44
94    422
95    179
96    361
97    105
98    84
99    283
100   245
