# Instance C204 - 50 dynamic requests - 50 static requests
Dyn   Stat
50    50
ID    RD
1     -1
2     -1
4     -1
5     -1
6     -1
8     -1
10    -1
12    -1
13    -1
14    -1
15    -1
17    -1
18    -1
20    -1
21    -1
23    -1
24    -1
28    -1
32    -1
33    -1
34    -1
35    -1
36    -1
37    -1
38    -1
41    -1
42    -1
44    -1
47    -1
49    -1
50    -1
54    -1
65    -1
66    -1
67    -1
70    -1
73    -1
74    -1
77    -1
79    -1
80    -1
85    -1
86    -1
88    -1
89    -1
91    -1
94    -1
96    -1
98    -1
100   -1
3     413
7     245
9     1580
11    1838
16    407
19    111
22    98
25    838
26    82
27    93
29    245
30    246
31    338
39    370
40    232
43    245
45    362
46    420
48    374
51    300
52    124
53    47
55    995
56    13
57    405
58    912
59    274
60    211
61    85
62    43
63    103
64    380
68    8
69    554
71    317
72    252
75    273
76    956
78    328
81    327
82    273
83    245
84    1515
87    10
90    73
92    415
93    144
95    199
97    161
99    85
