# Instance C204 - 30 dynamic requests - 70 static requests
Dyn   Stat
30    70
ID    RD
1     -1
2     -1
4     -1
5     -1
6     -1
8     -1
9     -1
10    -1
11    -1
12    -1
13    -1
14    -1
15    -1
17    -1
18    -1
20    -1
21    -1
23    -1
24    -1
26    -1
27    -1
28    -1
32    -1
33    -1
34    -1
35    -1
36    -1
37    -1
38    -1
40    -1
41    -1
42    -1
43    -1
44    -1
45    -1
46    -1
47    -1
49    -1
50    -1
52    -1
54    -1
56    -1
58    -1
64    -1
65    -1
66    -1
67    -1
68    -1
69    -1
70    -1
71    -1
73    -1
74    -1
77    -1
79    -1
80    -1
81    -1
82    -1
85    -1
86    -1
88    -1
89    -1
90    -1
91    -1
92    -1
93    -1
94    -1
96    -1
98    -1
100   -1
3     413
7     245
16    407
19    111
22    98
25    838
29    245
30    246
31    338
39    370
48    374
51    300
53    47
55    995
57    405
59    274
60    211
61    85
62    43
63    103
72    252
75    273
76    956
78    328
83    245
84    1515
87    10
95    199
97    161
99    85
