# Instance C208 - 90 dynamic requests - 10 static requests
Dyn   Stat
90    10
ID    RD
2     -1
5     -1
20    -1
22    -1
24    -1
63    -1
67    -1
75    -1
93    -1
99    -1
1     70
3     853
4     766
6     254
7     345
8     793
9     785
10    519
11    345
12    1710
13    813
14    52
15    944
16    693
17    700
18    1341
19    316
21    83
23    1065
25    198
26    1237
27    16
28    702
29    101
30    32
31    193
32    78
33    333
34    607
35    291
36    880
37    290
38    102
39    246
40    266
41    2418
42    226
43    757
44    1478
45    109
46    725
47    1758
48    1761
49    305
50    734
51    790
52    1835
53    766
54    412
55    149
56    214
57    753
58    723
59    162
60    299
61    125
62    13
64    164
65    458
66    76
68    194
69    39
70    651
71    1003
72    55
73    1923
74    12
76    247
77    1428
78    1085
79    1331
80    695
81    649
82    347
83    1476
84    507
85    1140
86    1136
87    2211
88    270
89    437
90    1513
91    468
92    132
94    76
95    522
96    1408
97    86
98    603
100   98
