# Instance R105 - 90 dynamic requests - 10 static requests
Dyn   Stat
90    10
ID    RD
13    -1
27    -1
45    -1
46    -1
58    -1
72    -1
76    -1
77    -1
91    -1
92    -1
1     94
2     1
3     28
4     83
5     2
6     62
7     15
8     70
9     63
10    54
11    19
12    9
14    7
15    46
16    22
17    35
18    20
19    26
20    18
21    47
22    81
23    47
24    29
25    1
26    95
28    14
29    39
30    17
31    5
32    5
33    6
34    25
35    26
36    5
37    66
38    45
39    19
40    4
41    29
42    5
43    12
44    1
47    7
48    24
49    64
50    62
51    45
52    5
53    8
54    39
55    42
56    22
57    85
59    12
60    15
61    34
62    8
63    26
64    30
65    35
66    8
67    15
68    90
69    29
70    90
71    31
73    16
74    75
75    56
78    80
79    67
80    166
81    83
82    15
83    27
84    9
85    18
86    59
87    12
88    53
89    90
90    32
93    159
94    22
95    26
96    115
97    85
98    32
99    69
100   161
