# Instance R203 - 50 dynamic requests - 50 static requests
Dyn   Stat
50    50
ID    RD
2     -1
3     -1
4     -1
5     -1
6     -1
7     -1
10    -1
12    -1
14    -1
16    -1
17    -1
18    -1
23    -1
25    -1
26    -1
28    -1
29    -1
33    -1
34    -1
35    -1
37    -1
39    -1
40    -1
41    -1
43    -1
44    -1
45    -1
47    -1
48    -1
49    -1
50    -1
53    -1
54    -1
55    -1
57    -1
58    -1
60    -1
65    -1
66    -1
69    -1
71    -1
73    -1
75    -1
81    -1
82    -1
88    -1
93    -1
94    -1
96    -1
98    -1
1     67
8     145
9     319
11    187
13    154
15    113
19    5
20    113
21    10
22    212
24    92
27    39
30    250
31    3
32    7
36    10
38    266
42    16
46    39
51    111
52    53
56    530
59    84
61    27
62    106
63    71
64    175
67    217
68    255
70    96
72    94
74    125
76    77
77    509
78    13
79    253
80    360
83    64
84    212
85    50
86    68
87    319
89    29
90    76
91    29
92    17
95    102
97    124
99    108
100   413
