# Instance R204 - 90 dynamic requests - 10 static requests
Dyn   Stat
90    10
ID    RD
1     -1
2     -1
3     -1
5     -1
6     -1
10    -1
12    -1
14    -1
42    -1
69    -1
4     498
7     46
8     222
9     221
11    15
13    634
15    54
16    12
17    79
18    29
19    76
20    109
21    42
22    47
23    22
24    55
25    481
26    91
27    99
28    28
29    122
30    102
31    37
32    116
33    124
34    6
35    82
36    78
37    36
38    99
39    40
40    62
41    33
43    53
44    61
45    112
46    92
47    23
48    118
49    123
50    34
51    85
52    102
53    120
54    117
55    66
56    69
57    65
58    647
59    32
60    76
61    23
62    93
63    74
64    89
65    60
66    88
67    157
68    54
70    102
71    83
72    89
73    97
74    263
75    73
76    183
77    299
78    78
79    251
80    105
81    3
82    9
83    79
84    432
85    5
86    20
87    249
88    13
89    110
90    3
91    112
92    9
93    10
94    88
95    29
96    101
97    1
98    24
99    175
100   701
