# Instance R205 - 90 dynamic requests - 10 static requests
Dyn   Stat
90    10
ID    RD
5     -1
12    -1
33    -1
39    -1
42    -1
59    -1
67    -1
72    -1
92    -1
99    -1
1     556
2     88
3     389
4     62
6     131
7     159
8     95
9     234
10    112
11    76
13    243
14    23
15    76
16    15
17    633
18    213
19    42
20    86
21    121
22    92
23    32
24    103
25    279
26    211
27    25
28    24
29    111
30    76
31    92
32    266
34    389
35    567
36    3
37    259
38    135
40    264
41    44
43    386
44    63
45    6
46    117
47    45
48    705
49    267
50    248
51    220
52    101
53    55
54    238
55    454
56    498
57    157
58    162
60    289
61    81
62    95
63    33
64    148
65    4
66    35
68    509
69    83
70    678
71    21
73    61
74    605
75    120
76    172
77    674
78    180
79    183
80    357
81    30
82    86
83    23
84    6
85    94
86    105
87    109
88    83
89    139
90    280
91    51
93    424
94    71
95    7
96    319
97    232
98    1
100   212
