# Instance R206 - 30 dynamic requests - 70 static requests
Dyn   Stat
30    70
ID    RD
1     -1
3     -1
4     -1
5     -1
6     -1
7     -1
10    -1
11    -1
12    -1
13    -1
14    -1
15    -1
16    -1
17    -1
19    -1
20    -1
21    -1
22    -1
25    -1
26    -1
27    -1
28    -1
29    -1
30    -1
31    -1
32    -1
34    -1
35    -1
36    -1
37    -1
38    -1
40    -1
41    -1
42    -1
47    -1
48    -1
50    -1
52    -1
53    -1
54    -1
56    -1
57    -1
58    -1
59    -1
61    -1
63    -1
66    -1
68    -1
69    -1
71    -1
72    -1
74    -1
77    -1
78    -1
79    -1
82    -1
83    -1
85    -1
86    -1
87    -1
88    -1
90    -1
91    -1
93    -1
94    -1
95    -1
97    -1
98    -1
99    -1
100   -1
2     22
8     153
9     318
18    69
23    120
24    405
33    23
39    31
43    294
44    88
45    4
46    432
49    71
51    40
55    251
60    311
62    10
64    24
65    33
67    124
70    522
73    86
75    28
76    103
80    381
81    287
84    89
89    535
92    5
96    90
