# Instance R211 - 30 dynamic requests - 70 static requests
Dyn   Stat
30    70
ID    RD
2     -1
4     -1
5     -1
6     -1
9     -1
10    -1
12    -1
13    -1
15    -1
16    -1
17    -1
18    -1
19    -1
21    -1
22    -1
23    -1
24    -1
26    -1
28    -1
31    -1
33    -1
34    -1
35    -1
36    -1
37    -1
40    -1
42    -1
44    -1
45    -1
46    -1
49    -1
50    -1
51    -1
52    -1
53    -1
54    -1
55    -1
56    -1
58    -1
59    -1
62    -1
63    -1
65    -1
67    -1
69    -1
70    -1
71    -1
72    -1
73    -1
75    -1
77    -1
78    -1
80    -1
81    -1
82    -1
84    -1
85    -1
87    -1
88    -1
89    -1
90    -1
91    -1
92    -1
93    -1
94    -1
95    -1
96    -1
97    -1
98    -1
100   -1
1     60
3     174
7     61
8     6
11    8
14    26
20    216
25    53
27    1
29    8
30    58
32    440
38    22
39    15
41    92
43    392
47    112
48    89
57    212
60    326
61    53
64    16
66    12
68    6
74    209
76    9
79    183
83    14
86    63
99    78
