# Instance R211 - 70 dynamic requests - 30 static requests
Dyn   Stat
70    30
ID    RD
2     -1
9     -1
13    -1
15    -1
16    -1
18    -1
23    -1
26    -1
31    -1
44    -1
45    -1
46    -1
52    -1
53    -1
54    -1
58    -1
59    -1
62    -1
65    -1
69    -1
71    -1
80    -1
82    -1
85    -1
88    -1
90    -1
92    -1
93    -1
95    -1
98    -1
1     60
3     174
4     238
5     15
6     74
7     61
8     6
10    74
11    8
12    33
14    26
17    245
19    73
20    216
21    11
22    165
24    38
25    53
27    1
28    1
29    8
30    58
32    440
33    13
34    65
35    288
36    15
37    323
38    22
39    15
40    108
41    92
42    2
43    392
47    112
48    89
49    138
50    126
51    152
55    46
56    279
57    212
60    326
61    53
63    18
64    16
66    12
67    11
68    6
70    301
72    5
73    5
74    209
75    18
76    9
77    349
78    69
79    183
81    233
83    14
84    109
86    63
87    2
89    402
91    16
94    143
96    255
97    272
99    78
100   252
