# Instance RC105 - 50 dynamic requests - 50 static requests
Dyn   Stat
50    50
ID    RD
1     -1
2     -1
5     -1
6     -1
8     -1
9     -1
10    -1
12    -1
19    -1
23    -1
25    -1
26    -1
28    -1
30    -1
31    -1
32    -1
34    -1
39    -1
40    -1
42    -1
45    -1
46    -1
51    -1
52    -1
57    -1
60    -1
61    -1
62    -1
65    -1
66    -1
67    -1
71    -1
72    -1
73    -1
74    -1
78    -1
79    -1
82    -1
83    -1
85    -1
86    -1
87    -1
88    -1
92    -1
93    -1
95    -1
96    -1
98    -1
99    -1
100   -1
3     52
4     82
7     34
11    63
13    51
14    12
15    65
16    48
17    96
18    61
20    51
21    42
22    42
24    72
27    6
29    2
33    37
35    42
36    10
37    8
38    16
41    74
43    115
44    2
47    2
48    19
49    34
50    70
53    24
54    79
55    113
56    27
58    86
59    22
63    12
64    34
68    126
69    16
70    149
75    39
76    53
77    102
80    18
81    77
84    26
89    76
90    15
91    91
94    24
97    110
