# Instance RC102 - 50 dynamic requests - 50 static requests
Dyn   Stat
50    50
ID    RD
1     -1
2     -1
3     -1
4     -1
8     -1
10    -1
11    -1
12    -1
13    -1
14    -1
17    -1
18    -1
19    -1
20    -1
21    -1
22    -1
26    -1
29    -1
31    -1
32    -1
36    -1
40    -1
42    -1
43    -1
44    -1
45    -1
46    -1
47    -1
49    -1
50    -1
51    -1
55    -1
59    -1
60    -1
66    -1
68    -1
69    -1
70    -1
76    -1
77    -1
78    -1
79    -1
80    -1
83    -1
85    -1
86    -1
91    -1
92    -1
93    -1
95    -1
5     16
6     58
7     26
9     47
15    52
16    71
23    28
24    73
25    117
27    25
28    31
30    58
33    25
34    24
35    12
37    18
38    55
39    29
41    47
48    4
52    5
53    49
54    49
56    8
57    3
58    38
61    16
62    9
63    38
64    51
65    6
67    48
71    51
72    15
73    37
74    72
75    7
81    55
82    5
84    32
87    1
88    24
89    39
90    67
94    24
96    24
97    112
98    22
99    56
100   118
