# Instance RC107 - 50 dynamic requests - 50 static requests
Dyn   Stat
50    50
ID    RD
4     -1
5     -1
7     -1
9     -1
11    -1
13    -1
14    -1
18    -1
19    -1
20    -1
21    -1
22    -1
24    -1
31    -1
32    -1
34    -1
36    -1
37    -1
39    -1
40    -1
42    -1
43    -1
44    -1
47    -1
52    -1
55    -1
56    -1
57    -1
58    -1
59    -1
63    -1
65    -1
67    -1
69    -1
70    -1
72    -1
74    -1
80    -1
81    -1
82    -1
83    -1
86    -1
87    -1
88    -1
89    -1
91    -1
92    -1
95    -1
96    -1
100   -1
1     50
2     6
3     22
6     51
8     16
10    1
12    33
15    27
16    13
17    20
23    14
25    45
26    76
27    42
28    40
29    35
30    47
33    43
35    39
38    16
41    14
45    33
46    72
48    10
49    70
50    69
51    47
53    15
54    12
60    91
61    47
62    1
64    13
66    56
68    32
71    33
73    61
75    51
76    35
77    5
78    24
79    3
84    58
85    68
90    72
93    10
94    50
97    58
98    25
99    20
