# Instance RC105 - 30 dynamic requests - 70 static requests
Dyn   Stat
30    70
ID    RD
1     -1
2     -1
5     -1
6     -1
8     -1
9     -1
10    -1
12    -1
13    -1
14    -1
15    -1
18    -1
19    -1
23    -1
25    -1
26    -1
28    -1
29    -1
30    -1
31    -1
32    -1
33    -1
34    -1
36    -1
39    -1
40    -1
41    -1
42    -1
44    -1
45    -1
46    -1
47    -1
50    -1
51    -1
52    -1
53    -1
54    -1
55    -1
57    -1
60    -1
61    -1
62    -1
64    -1
65    -1
66    -1
67    -1
68    -1
70    -1
71    -1
72    -1
73    -1
74    -1
75    -1
78    -1
79    -1
81    -1
82    -1
83    -1
85    -1
86    -1
87    -1
88    -1
92    -1
93    -1
95    -1
96    -1
97    -1
98    -1
99    -1
100   -1
3     52
4     82
7     34
11    63
16    48
17    96
20    51
21    42
22    42
24    72
27    6
35    42
37    8
38    16
43    115
48    19
49    34
56    27
58    86
59    22
63    12
69    16
76    53
77    102
80    18
84    26
89    76
90    15
91    91
94    24
