# Instance RC103 - 50 dynamic requests - 50 static requests
Dyn   Stat
50    50
ID    RD
2     -1
3     -1
5     -1
7     -1
8     -1
10    -1
12    -1
13    -1
14    -1
16    -1
17    -1
18    -1
20    -1
21    -1
23    -1
25    -1
26    -1
27    -1
28    -1
29    -1
30    -1
32    -1
34    -1
35    -1
37    -1
45    -1
46    -1
50    -1
51    -1
54    -1
56    -1
57    -1
59    -1
63    -1
64    -1
67    -1
69    -1
71    -1
73    -1
77    -1
78    -1
79    -1
80    -1
81    -1
83    -1
86    -1
94    -1
98    -1
99    -1
100   -1
1     22
4     60
6     65
9     82
11    14
15    30
19    7
22    35
24    14
31    14
33    9
36    6
38    56
39    33
40    53
41    50
42    12
43    9
44    56
47    2
48    5
49    93
52    21
53    52
55    38
58    149
60    14
61    0
62    15
65    5
66    34
68    67
70    57
72    23
74    114
75    11
76    27
82    14
84    94
85    9
87    46
88    44
89    4
90    17
91    26
92    9
93    62
95    29
96    10
97    9
