# Instance RC101 - 50 dynamic requests - 50 static requests
Dyn   Stat
50    50
ID    RD
1     -1
2     -1
3     -1
5     -1
7     -1
8     -1
9     -1
10    -1
12    -1
13    -1
14    -1
17    -1
18    -1
20    -1
24    -1
26    -1
30    -1
31    -1
34    -1
35    -1
39    -1
40    -1
41    -1
42    -1
44    -1
45    -1
49    -1
53    -1
55    -1
57    -1
61    -1
63    -1
65    -1
67    -1
68    -1
70    -1
72    -1
73    -1
76    -1
80    -1
83    -1
85    -1
89    -1
90    -1
92    -1
94    -1
95    -1
96    -1
97    -1
98    -1
4     89
6     82
11    17
15    34
16    13
19    25
21    11
22    40
23    33
25    72
27    51
28    24
29    3
32    12
33    8
36    23
37    5
38    48
43    54
46    92
47    22
48    145
50    88
51    28
52    20
54    77
56    34
58    36
59    13
60    106
62    34
64    51
66    36
69    34
71    22
74    49
75    59
77    14
78    64
79    86
81    52
82    9
84    62
86    76
87    5
88    43
91    145
93    23
99    52
100   93
