# Instance RC105 - 70 dynamic requests - 30 static requests
Dyn   Stat
70    30
ID    RD
2     -1
5     -1
6     -1
10    -1
19    -1
23    -1
31    -1
45    -1
46    -1
51    -1
52    -1
61    -1
62    -1
65    -1
66    -1
71    -1
72    -1
73    -1
74    -1
78    -1
79    -1
82    -1
83    -1
86    -1
87    -1
88    -1
92    -1
95    -1
96    -1
98    -1
1     14
3     52
4     82
7     34
8     53
9     97
11    63
12    11
13    51
14    12
15    65
16    48
17    96
18    61
20    51
21    42
22    42
24    72
25    50
26    8
27    6
28    46
29    2
30    12
32    98
33    37
34    43
35    42
36    10
37    8
38    16
39    28
40    86
41    74
42    9
43    115
44    2
47    2
48    19
49    34
50    70
53    24
54    79
55    113
56    27
57    79
58    86
59    22
60    3
63    12
64    34
67    73
68    126
69    16
70    149
75    39
76    53
77    102
80    18
81    77
84    26
85    26
89    76
90    15
91    91
93    18
94    24
97    110
99    37
100   15
