# Instance RC103 - 90 dynamic requests - 10 static requests
Dyn   Stat
90    10
ID    RD
2     -1
3     -1
5     -1
7     -1
10    -1
12    -1
16    -1
25    -1
54    -1
81    -1
1     22
4     60
6     65
8     54
9     82
11    14
13    60
14    20
15    30
17    57
18    20
19    7
20    19
21    23
22    35
23    21
24    14
26    2
27    16
28    6
29    9
30    7
31    14
32    15
33    9
34    7
35    42
36    6
37    9
38    56
39    33
40    53
41    50
42    12
43    9
44    56
45    9
46    11
47    2
48    5
49    93
50    9
51    7
52    21
53    52
55    38
56    129
57    23
58    149
59    10
60    14
61    0
62    15
63    5
64    25
65    5
66    34
67    10
68    67
69    16
70    57
71    29
72    23
73    27
74    114
75    11
76    27
77    56
78    83
79    20
80    155
82    14
83    21
84    94
85    9
86    24
87    46
88    44
89    4
90    17
91    26
92    9
93    62
94    8
95    29
96    10
97    9
98    22
99    5
100   49
