# Instance RC101 - 70 dynamic requests - 30 static requests
Dyn   Stat
70    30
ID    RD
5     -1
8     -1
9     -1
10    -1
14    -1
17    -1
18    -1
20    -1
26    -1
34    -1
35    -1
39    -1
42    -1
44    -1
45    -1
49    -1
53    -1
65    -1
70    -1
72    -1
73    -1
76    -1
80    -1
83    -1
90    -1
92    -1
94    -1
95    -1
96    -1
97    -1
1     16
2     4
3     63
4     89
6     82
7     27
11    17
12    60
13    108
15    34
16    13
19    25
21    11
22    40
23    33
24    121
25    72
27    51
28    24
29    3
30    9
31    10
32    12
33    8
36    23
37    5
38    48
40    38
41    51
43    54
46    92
47    22
48    145
50    88
51    28
52    20
54    77
55    83
56    34
57    55
58    36
59    13
60    106
61    44
62    34
63    22
64    51
66    36
67    35
68    136
69    34
71    22
74    49
75    59
77    14
78    64
79    86
81    52
82    9
84    62
85    51
86    76
87    5
88    43
89    97
91    145
93    23
98    11
99    52
100   93
