# Instance RC104 - 50 dynamic requests - 50 static requests
Dyn   Stat
50    50
ID    RD
1     -1
2     -1
3     -1
5     -1
6     -1
7     -1
10    -1
11    -1
12    -1
14    -1
16    -1
22    -1
24    -1
26    -1
29    -1
31    -1
33    -1
35    -1
36    -1
37    -1
40    -1
44    -1
46    -1
49    -1
51    -1
52    -1
53    -1
55    -1
57    -1
60    -1
61    -1
63    -1
64    -1
67    -1
69    -1
71    -1
74    -1
77    -1
78    -1
79    -1
81    -1
82    -1
83    -1
84    -1
87    -1
88    -1
93    -1
95    -1
97    -1
99    -1
4     102
8     43
9     2
13    27
15    53
17    16
18    8
19    27
20    19
21    11
23    33
25    117
27    18
28    2
30    16
32    18
34    4
38    47
39    18
41    26
42    22
43    25
45    5
47    20
48    25
50    12
54    25
56    9
58    26
59    7
62    25
65    24
66    14
68    5
70    8
72    28
73    16
75    28
76    52
80    0
85    28
86    7
89    4
90    3
91    7
92    9
94    16
96    19
98    5
100   156
