# Instance RC104 - 30 dynamic requests - 70 static requests
Dyn   Stat
30    70
ID    RD
1     -1
2     -1
3     -1
5     -1
6     -1
7     -1
8     -1
9     -1
10    -1
11    -1
12    -1
13    -1
14    -1
16    -1
18    -1
19    -1
20    -1
22    -1
24    -1
26    -1
28    -1
29    -1
30    -1
31    -1
32    -1
33    -1
35    -1
36    -1
37    -1
40    -1
41    -1
42    -1
43    -1
44    -1
46    -1
47    -1
48    -1
49    -1
51    -1
52    -1
53    -1
55    -1
56    -1
57    -1
58    -1
60    -1
61    -1
63    -1
64    -1
66    -1
67    -1
68    -1
69    -1
71    -1
74    -1
77    -1
78    -1
79    -1
81    -1
82    -1
83    -1
84    -1
86    -1
87    -1
88    -1
90    -1
93    -1
95    -1
97    -1
99    -1
4     102
15    53
17    16
21    11
23    33
25    117
27    18
34    4
38    47
39    18
45    5
50    12
54    25
59    7
62    25
65    24
70    8
72    28
73    16
75    28
76    52
80    0
85    28
89    4
91    7
92    9
94    16
96    19
98    5
100   156
