# Instance RC101 - 30 dynamic requests - 70 static requests
Dyn   Stat
30    70
ID    RD
1     -1
2     -1
3     -1
5     -1
6     -1
7     -1
8     -1
9     -1
10    -1
12    -1
13    -1
14    -1
15    -1
17    -1
18    -1
20    -1
21    -1
23    -1
24    -1
26    -1
28    -1
30    -1
31    -1
33    -1
34    -1
35    -1
36    -1
37    -1
38    -1
39    -1
40    -1
41    -1
42    -1
44    -1
45    -1
46    -1
49    -1
53    -1
54    -1
55    -1
57    -1
58    -1
60    -1
61    -1
62    -1
63    -1
65    -1
66    -1
67    -1
68    -1
70    -1
72    -1
73    -1
75    -1
76    -1
80    -1
82    -1
83    -1
85    -1
88    -1
89    -1
90    -1
92    -1
94    -1
95    -1
96    -1
97    -1
98    -1
99    -1
100   -1
4     89
11    17
16    13
19    25
22    40
25    72
27    51
29    3
32    12
43    54
47    22
48    145
50    88
51    28
52    20
56    34
59    13
64    51
69    34
71    22
74    49
77    14
78    64
79    86
81    52
84    62
86    76
87    5
91    145
93    23
