# Instance RC101 - 90 dynamic requests - 10 static requests
Dyn   Stat
90    10
ID    RD
14    -1
35    -1
42    -1
45    -1
72    -1
73    -1
83    -1
92    -1
95    -1
96    -1
1     16
2     4
3     63
4     89
5     5
6     82
7     27
8     65
9     61
10    111
11    17
12    60
13    108
15    34
16    13
17    24
18    71
19    25
20    33
21    11
22    40
23    33
24    121
25    72
26    22
27    51
28    24
29    3
30    9
31    10
32    12
33    8
34    2
36    23
37    5
38    48
39    32
40    38
41    51
43    54
44    33
46    92
47    22
48    145
49    26
50    88
51    28
52    20
53    10
54    77
55    83
56    34
57    55
58    36
59    13
60    106
61    44
62    34
63    22
64    51
65    3
66    36
67    35
68    136
69    34
70    26
71    22
74    49
75    59
76    30
77    14
78    64
79    86
80    90
81    52
82    9
84    62
85    51
86    76
87    5
88    43
89    97
90    27
91    145
93    23
94    42
97    92
98    11
99    52
100   93
