# Instance RC108 - 90 dynamic requests - 10 static requests
Dyn   Stat
90    10
ID    RD
39    -1
52    -1
64    -1
65    -1
71    -1
82    -1
83    -1
92    -1
95    -1
98    -1
1     35
2     23
3     14
4     25
5     9
6     43
7     46
8     18
9     23
10    48
11    5
12    4
13    43
14    27
15    19
16    27
17    10
18    31
19    33
20    74
21    37
22    35
23    43
24    29
25    4
26    14
27    13
28    19
29    19
30    25
31    26
32    46
33    1
34    69
35    54
36    35
37    9
38    3
40    56
41    46
42    1
43    46
44    29
45    1
46    56
47    28
48    5
49    15
50    74
51    22
53    22
54    44
55    91
56    26
57    13
58    3
59    2
60    61
61    26
62    24
63    8
66    9
67    19
68    40
69    5
70    28
72    6
73    1
74    69
75    50
76    4
77    27
78    10
79    13
80    1
81    8
84    57
85    20
86    44
87    9
88    14
89    32
90    39
91    64
93    16
94    8
96    60
97    48
99    39
100   10
