# Instance RC103 - 70 dynamic requests - 30 static requests
Dyn   Stat
70    30
ID    RD
2     -1
3     -1
5     -1
7     -1
8     -1
10    -1
12    -1
14    -1
16    -1
17    -1
20    -1
23    -1
25    -1
27    -1
29    -1
34    -1
37    -1
51    -1
54    -1
56    -1
57    -1
59    -1
63    -1
67    -1
69    -1
78    -1
79    -1
81    -1
94    -1
100   -1
1     22
4     60
6     65
9     82
11    14
13    60
15    30
18    20
19    7
21    23
22    35
24    14
26    2
28    6
30    7
31    14
32    15
33    9
35    42
36    6
38    56
39    33
40    53
41    50
42    12
43    9
44    56
45    9
46    11
47    2
48    5
49    93
50    9
52    21
53    52
55    38
58    149
60    14
61    0
62    15
64    25
65    5
66    34
68    67
70    57
71    29
72    23
73    27
74    114
75    11
76    27
77    56
80    155
82    14
83    21
84    94
85    9
86    24
87    46
88    44
89    4
90    17
91    26
92    9
93    62
95    29
96    10
97    9
98    22
99    5
