# Instance RC103 - 30 dynamic requests - 70 static requests
Dyn   Stat
30    70
ID    RD
2     -1
3     -1
5     -1
7     -1
8     -1
9     -1
10    -1
12    -1
13    -1
14    -1
15    -1
16    -1
17    -1
18    -1
20    -1
21    -1
22    -1
23    -1
25    -1
26    -1
27    -1
28    -1
29    -1
30    -1
32    -1
33    -1
34    -1
35    -1
36    -1
37    -1
41    -1
43    -1
44    -1
45    -1
46    -1
47    -1
50    -1
51    -1
54    -1
56    -1
57    -1
59    -1
62    -1
63    -1
64    -1
67    -1
69    -1
70    -1
71    -1
72    -1
73    -1
75    -1
76    -1
77    -1
78    -1
79    -1
80    -1
81    -1
82    -1
83    -1
84    -1
86    -1
87    -1
89    -1
91    -1
93    -1
94    -1
98    -1
99    -1
100   -1
1     22
4     60
6     65
11    14
19    7
24    14
31    14
38    56
39    33
40    53
42    12
48    5
49    93
52    21
53    52
55    38
58    149
60    14
61    0
65    5
66    34
68    67
74    114
85    9
88    44
90    17
92    9
95    29
96    10
97    9
