# Instance RC108 - 50 dynamic requests - 50 static requests
Dyn   Stat
50    50
ID    RD
3     -1
4     -1
5     -1
7     -1
8     -1
10    -1
11    -1
12    -1
15    -1
17    -1
19    -1
20    -1
25    -1
27    -1
30    -1
32    -1
35    -1
38    -1
39    -1
43    -1
45    -1
46    -1
48    -1
49    -1
52    -1
56    -1
57    -1
58    -1
59    -1
61    -1
62    -1
63    -1
64    -1
65    -1
70    -1
71    -1
72    -1
73    -1
79    -1
82    -1
83    -1
85    -1
87    -1
88    -1
91    -1
92    -1
94    -1
95    -1
97    -1
98    -1
1     35
2     23
6     43
9     23
13    43
14    27
16    27
18    31
21    37
22    35
23    43
24    29
26    14
28    19
29    19
31    26
33    1
34    69
36    35
37    9
40    56
41    46
42    1
44    29
47    28
50    74
51    22
53    22
54    44
55    91
60    61
66    9
67    19
68    40
69    5
74    69
75    50
76    4
77    27
78    10
80    1
81    8
84    57
86    44
89    32
90    39
93    16
96    60
99    39
100   10
