# Instance RC102 - 30 dynamic requests - 70 static requests
Dyn   Stat
30    70
ID    RD
1     -1
2     -1
3     -1
4     -1
7     -1
8     -1
9     -1
10    -1
11    -1
12    -1
13    -1
14    -1
17    -1
18    -1
19    -1
20    -1
21    -1
22    -1
25    -1
26    -1
27    -1
28    -1
29    -1
31    -1
32    -1
34    -1
36    -1
38    -1
39    -1
40    -1
41    -1
42    -1
43    -1
44    -1
45    -1
46    -1
47    -1
48    -1
49    -1
50    -1
51    -1
52    -1
53    -1
54    -1
55    -1
58    -1
59    -1
60    -1
62    -1
66    -1
67    -1
68    -1
69    -1
70    -1
71    -1
72    -1
74    -1
76    -1
77    -1
78    -1
79    -1
80    -1
83    -1
85    -1
86    -1
91    -1
92    -1
93    -1
95    -1
98    -1
5     16
6     58
15    52
16    71
23    28
24    73
30    58
33    25
35    12
37    18
56    8
57    3
61    16
63    38
64    51
65    6
73    37
75    7
81    55
82    5
84    32
87    1
88    24
89    39
90    67
94    24
96    24
97    112
99    56
100   118
