# Instance RC105 - 90 dynamic requests - 10 static requests
Dyn   Stat
90    10
ID    RD
2     -1
52    -1
65    -1
78    -1
82    -1
83    -1
87    -1
92    -1
95    -1
98    -1
1     14
3     52
4     82
5     8
6     6
7     34
8     53
9     97
10    24
11    63
12    11
13    51
14    12
15    65
16    48
17    96
18    61
19    41
20    51
21    42
22    42
23    21
24    72
25    50
26    8
27    6
28    46
29    2
30    12
31    15
32    98
33    37
34    43
35    42
36    10
37    8
38    16
39    28
40    86
41    74
42    9
43    115
44    2
45    17
46    68
47    2
48    19
49    34
50    70
51    13
53    24
54    79
55    113
56    27
57    79
58    86
59    22
60    3
61    31
62    3
63    12
64    34
66    80
67    73
68    126
69    16
70    149
71    39
72    5
73    62
74    79
75    39
76    53
77    102
79    13
80    18
81    77
84    26
85    26
86    22
88    46
89    76
90    15
91    91
93    18
94    24
96    1
97    110
99    37
100   15
