# Instance RC203 - 50 dynamic requests - 50 static requests
Dyn   Stat
50    50
ID    RD
1     -1
2     -1
3     -1
4     -1
5     -1
6     -1
8     -1
11    -1
13    -1
14    -1
15    -1
16    -1
18    -1
21    -1
23    -1
25    -1
27    -1
28    -1
32    -1
33    -1
35    -1
36    -1
38    -1
39    -1
44    -1
46    -1
48    -1
49    -1
50    -1
52    -1
58    -1
59    -1
66    -1
67    -1
69    -1
70    -1
72    -1
74    -1
75    -1
76    -1
82    -1
84    -1
85    -1
89    -1
91    -1
96    -1
97    -1
98    -1
99    -1
100   -1
7     37
9     319
10    114
12    100
17    125
19    63
20    68
22    12
24    58
26    32
29    68
30    49
31    59
34    27
37    33
40    107
41    87
42    5
43    105
45    36
47    51
51    35
53    180
54    11
55    479
56    150
57    52
60    67
61    63
62    44
63    16
64    148
65    1
68    210
71    25
73    67
77    621
78    173
79    97
80    214
81    34
83    80
86    61
87    17
88    177
90    6
92    10
93    278
94    101
95    44
