# Instance RC207 - 70 dynamic requests - 30 static requests
Dyn   Stat
70    30
ID    RD
3     -1
11    -1
13    -1
15    -1
19    -1
20    -1
21    -1
23    -1
26    -1
38    -1
39    -1
42    -1
46    -1
49    -1
54    -1
58    -1
60    -1
63    -1
64    -1
65    -1
67    -1
69    -1
71    -1
72    -1
80    -1
81    -1
83    -1
89    -1
90    -1
95    -1
1     204
2     11
4     40
5     21
6     121
7     143
8     178
9     20
10    369
12    16
14    20
16    33
17    26
18    73
22    257
24    80
25    138
27    36
28    25
29    82
30    77
31    38
32    66
33    10
34    364
35    359
36    12
37    521
40    137
41    49
43    213
44    47
45    2
47    8
48    55
50    289
51    82
52    50
53    62
55    19
56    279
57    111
59    17
61    3
62    12
66    312
68    88
70    130
73    76
74    75
75    148
76    115
77    152
78    36
79    172
82    28
84    200
85    303
86    112
87    279
88    53
91    550
92    5
93    242
94    8
96    433
97    336
98    73
99    162
100   212
