# Instance RC208 - 30 dynamic requests - 70 static requests
Dyn   Stat
30    70
ID    RD
2     -1
4     -1
5     -1
6     -1
7     -1
9     -1
10    -1
11    -1
12    -1
13    -1
14    -1
15    -1
16    -1
17    -1
18    -1
20    -1
21    -1
22    -1
23    -1
24    -1
25    -1
27    -1
28    -1
29    -1
30    -1
33    -1
34    -1
36    -1
38    -1
40    -1
41    -1
42    -1
43    -1
45    -1
48    -1
49    -1
52    -1
53    -1
56    -1
57    -1
59    -1
60    -1
61    -1
62    -1
63    -1
64    -1
65    -1
69    -1
70    -1
71    -1
73    -1
74    -1
75    -1
76    -1
77    -1
79    -1
82    -1
83    -1
85    -1
88    -1
89    -1
90    -1
92    -1
94    -1
95    -1
96    -1
97    -1
98    -1
99    -1
100   -1
1     317
3     255
8     173
19    81
26    326
31    38
32    78
35    156
37    268
39    22
44    12
46    14
47    4
50    74
51    109
54    349
55    388
58    201
66    319
67    49
68    235
72    11
78    32
80    13
81    11
84    117
86    108
87    240
91    193
93    330
