# Instance RC203 - 70 dynamic requests - 30 static requests
Dyn   Stat
70    30
ID    RD
1     -1
2     -1
3     -1
4     -1
5     -1
8     -1
14    -1
16    -1
18    -1
21    -1
23    -1
25    -1
27    -1
33    -1
36    -1
38    -1
39    -1
49    -1
50    -1
52    -1
59    -1
66    -1
69    -1
72    -1
74    -1
76    -1
84    -1
85    -1
91    -1
98    -1
6     307
7     37
9     319
10    114
11    133
12    100
13    543
15    5
17    125
19    63
20    68
22    12
24    58
26    32
28    102
29    68
30    49
31    59
32    14
34    27
35    548
37    33
40    107
41    87
42    5
43    105
44    17
45    36
46    3
47    51
48    6
51    35
53    180
54    11
55    479
56    150
57    52
58    431
60    67
61    63
62    44
63    16
64    148
65    1
67    63
68    210
70    541
71    25
73    67
75    50
77    621
78    173
79    97
80    214
81    34
82    103
83    80
86    61
87    17
88    177
89    112
90    6
92    10
93    278
94    101
95    44
96    94
97    73
99    286
100   160
