# Instance RC202 - 30 dynamic requests - 70 static requests
Dyn   Stat
30    70
ID    RD
1     -1
2     -1
3     -1
5     -1
7     -1
8     -1
9     -1
10    -1
11    -1
12    -1
13    -1
14    -1
15    -1
17    -1
19    -1
20    -1
21    -1
24    -1
25    -1
26    -1
27    -1
28    -1
30    -1
32    -1
33    -1
34    -1
35    -1
38    -1
41    -1
43    -1
47    -1
48    -1
49    -1
51    -1
52    -1
53    -1
54    -1
57    -1
59    -1
61    -1
62    -1
64    -1
66    -1
67    -1
69    -1
70    -1
72    -1
73    -1
74    -1
75    -1
76    -1
77    -1
79    -1
80    -1
82    -1
83    -1
84    -1
85    -1
86    -1
87    -1
88    -1
89    -1
90    -1
91    -1
93    -1
94    -1
95    -1
96    -1
98    -1
100   -1
4     135
6     260
16    52
18    138
22    68
23    24
29    145
31    35
36    21
37    49
39    12
40    88
42    4
44    114
45    25
46    169
50    117
55    28
56    327
58    765
60    249
63    36
65    7
68    213
71    150
78    188
81    134
92    11
97    159
99    120
