# Instance RC208 - 50 dynamic requests - 50 static requests
Dyn   Stat
50    50
ID    RD
2     -1
4     -1
7     -1
9     -1
10    -1
11    -1
12    -1
13    -1
14    -1
16    -1
18    -1
20    -1
21    -1
22    -1
25    -1
27    -1
28    -1
33    -1
36    -1
38    -1
40    -1
42    -1
43    -1
45    -1
48    -1
52    -1
53    -1
56    -1
57    -1
59    -1
60    -1
61    -1
62    -1
64    -1
65    -1
69    -1
70    -1
73    -1
74    -1
75    -1
77    -1
79    -1
82    -1
83    -1
85    -1
88    -1
92    -1
94    -1
95    -1
97    -1
1     317
3     255
5     7
6     38
8     173
15    26
17    220
19    81
23    13
24    59
26    326
29    27
30    62
31    38
32    78
34    265
35    156
37    268
39    22
41    185
44    12
46    14
47    4
49    339
50    74
51    109
54    349
55    388
58    201
63    17
66    319
67    49
68    235
71    24
72    11
76    80
78    32
80    13
81    11
84    117
86    108
87    240
89    258
90    57
91    193
93    330
96    91
98    6
99    124
100   165
