# Instance RC203 - 30 dynamic requests - 70 static requests
Dyn   Stat
30    70
ID    RD
1     -1
2     -1
3     -1
4     -1
5     -1
6     -1
8     -1
9     -1
11    -1
13    -1
14    -1
15    -1
16    -1
18    -1
21    -1
23    -1
25    -1
26    -1
27    -1
28    -1
29    -1
32    -1
33    -1
35    -1
36    -1
37    -1
38    -1
39    -1
40    -1
41    -1
42    -1
43    -1
44    -1
46    -1
47    -1
48    -1
49    -1
50    -1
52    -1
53    -1
56    -1
58    -1
59    -1
60    -1
62    -1
63    -1
66    -1
67    -1
68    -1
69    -1
70    -1
72    -1
74    -1
75    -1
76    -1
77    -1
82    -1
83    -1
84    -1
85    -1
89    -1
90    -1
91    -1
92    -1
93    -1
96    -1
97    -1
98    -1
99    -1
100   -1
7     37
10    114
12    100
17    125
19    63
20    68
22    12
24    58
30    49
31    59
34    27
45    36
51    35
54    11
55    479
57    52
61    63
64    148
65    1
71    25
73    67
78    173
79    97
80    214
81    34
86    61
87    17
88    177
94    101
95    44
