# Instance RC207 - 50 dynamic requests - 50 static requests
Dyn   Stat
50    50
ID    RD
3     -1
7     -1
10    -1
11    -1
13    -1
15    -1
19    -1
20    -1
21    -1
22    -1
23    -1
24    -1
26    -1
27    -1
32    -1
34    -1
38    -1
39    -1
42    -1
45    -1
46    -1
47    -1
48    -1
49    -1
54    -1
57    -1
58    -1
60    -1
62    -1
63    -1
64    -1
65    -1
67    -1
69    -1
70    -1
71    -1
72    -1
73    -1
76    -1
77    -1
78    -1
80    -1
81    -1
83    -1
89    -1
90    -1
91    -1
92    -1
95    -1
97    -1
1     204
2     11
4     40
5     21
6     121
8     178
9     20
12    16
14    20
16    33
17    26
18    73
25    138
28    25
29    82
30    77
31    38
33    10
35    359
36    12
37    521
40    137
41    49
43    213
44    47
50    289
51    82
52    50
53    62
55    19
56    279
59    17
61    3
66    312
68    88
74    75
75    148
79    172
82    28
84    200
85    303
86    112
87    279
88    53
93    242
94    8
96    433
98    73
99    162
100   212
