# Instance RC206 - 30 dynamic requests - 70 static requests
Dyn   Stat
30    70
ID    RD
2     -1
4     -1
7     -1
8     -1
9     -1
10    -1
12    -1
13    -1
14    -1
15    -1
16    -1
17    -1
18    -1
19    -1
20    -1
22    -1
24    -1
25    -1
26    -1
27    -1
30    -1
31    -1
34    -1
36    -1
37    -1
39    -1
40    -1
41    -1
42    -1
43    -1
45    -1
46    -1
47    -1
49    -1
51    -1
54    -1
56    -1
57    -1
58    -1
59    -1
61    -1
64    -1
65    -1
66    -1
67    -1
68    -1
69    -1
71    -1
72    -1
73    -1
74    -1
75    -1
77    -1
78    -1
80    -1
81    -1
82    -1
83    -1
84    -1
85    -1
86    -1
87    -1
90    -1
92    -1
94    -1
96    -1
97    -1
98    -1
99    -1
100   -1
1     216
3     322
5     20
6     3
11    9
21    44
23    86
28    23
29    30
32    68
33    15
35    461
38    186
44    100
48    39
50    130
52    3
53    217
55    195
60    220
62    19
63    1
70    509
76    67
79    76
88    71
89    209
91    347
93    107
95    20
