# Instance RC201 - 70 dynamic requests - 30 static requests
Dyn   Stat
70    30
ID    RD
8     -1
13    -1
14    -1
15    -1
19    -1
22    -1
23    -1
26    -1
30    -1
31    -1
34    -1
41    -1
42    -1
43    -1
45    -1
48    -1
52    -1
53    -1
54    -1
55    -1
59    -1
63    -1
65    -1
66    -1
67    -1
70    -1
72    -1
89    -1
91    -1
92    -1
1     501
2     130
3     165
4     177
5     68
6     347
7     225
9     123
10    223
11    145
12    137
16    120
17    302
18    285
20    359
21    21
24    546
25    404
27    19
28    31
29    162
32    420
33    50
35    16
36    36
37    270
38    97
39    47
40    311
44    162
46    142
47    18
49    206
50    332
51    11
56    152
57    144
58    69
60    640
61    104
62    98
64    75
68    548
69    145
71    121
73    20
74    339
75    78
76    29
77    448
78    83
79    309
80    594
81    103
82    127
83    35
84    1
85    300
86    28
87    272
88    170
90    350
93    523
94    318
95    72
96    229
97    94
98    170
99    70
100   589
