# Instance RC201 - 30 dynamic requests - 70 static requests
Dyn   Stat
30    70
ID    RD
1     -1
2     -1
3     -1
4     -1
5     -1
6     -1
7     -1
8     -1
11    -1
13    -1
14    -1
15    -1
16    -1
17    -1
19    -1
20    -1
21    -1
22    -1
23    -1
24    -1
25    -1
26    -1
29    -1
30    -1
31    -1
32    -1
34    -1
36    -1
40    -1
41    -1
42    -1
43    -1
45    -1
46    -1
47    -1
48    -1
51    -1
52    -1
53    -1
54    -1
55    -1
56    -1
57    -1
58    -1
59    -1
60    -1
61    -1
62    -1
63    -1
64    -1
65    -1
66    -1
67    -1
68    -1
69    -1
70    -1
72    -1
74    -1
76    -1
80    -1
84    -1
86    -1
87    -1
89    -1
91    -1
92    -1
93    -1
94    -1
96    -1
99    -1
9     123
10    223
12    137
18    285
27    19
28    31
33    50
35    16
37    270
38    97
39    47
44    162
49    206
50    332
71    121
73    20
75    78
77    448
78    83
79    309
81    103
82    127
83    35
85    300
88    170
90    350
95    72
97    94
98    170
100   589
