# Instance RC202 - 50 dynamic requests - 50 static requests
Dyn   Stat
50    50
ID    RD
1     -1
2     -1
3     -1
5     -1
7     -1
8     -1
10    -1
11    -1
12    -1
15    -1
19    -1
20    -1
21    -1
25    -1
26    -1
27    -1
30    -1
32    -1
33    -1
34    -1
35    -1
43    -1
48    -1
49    -1
51    -1
53    -1
54    -1
59    -1
61    -1
64    -1
66    -1
67    -1
70    -1
74    -1
75    -1
76    -1
77    -1
79    -1
80    -1
82    -1
83    -1
84    -1
85    -1
88    -1
90    -1
93    -1
94    -1
95    -1
96    -1
98    -1
4     135
6     260
9     63
13    647
14    28
16    52
17    318
18    138
22    68
23    24
24    518
28    63
29    145
31    35
36    21
37    49
38    204
39    12
40    88
41    298
42    4
44    114
45    25
46    169
47    91
50    117
52    119
55    28
56    327
57    78
58    765
60    249
62    139
63    36
65    7
68    213
69    9
71    150
72    104
73    29
78    188
81    134
86    320
87    202
89    380
91    61
92    11
97    159
99    120
100   461
