# Instance RC205 - 90 dynamic requests - 10 static requests
Dyn   Stat
90    10
ID    RD
2     -1
28    -1
36    -1
43    -1
65    -1
72    -1
82    -1
92    -1
95    -1
98    -1
1     260
3     185
4     351
5     18
6     6
7     100
8     291
9     138
10    158
11    138
12    14
13    346
14    32
15    53
16    186
17    219
18    255
19    92
20    10
21    25
22    24
23    106
24    447
25    104
26    37
27    15
29    10
30    118
31    28
32    82
33    69
34    91
35    600
37    87
38    93
39    44
40    240
41    105
42    6
44    95
45    30
46    252
47    30
48    106
49    302
50    312
51    182
52    4
53    55
54    158
55    273
56    492
57    298
58    39
59    9
60    544
61    152
62    195
63    25
64    134
66    153
67    177
68    91
69    4
70    319
71    93
73    140
74    473
75    47
76    177
77    588
78    77
79    252
80    432
81    113
83    11
84    252
85    141
86    97
87    34
88    69
89    132
90    21
91    190
93    551
94    121
96    275
97    280
99    111
100   625
