# Instance RC201 - 50 dynamic requests - 50 static requests
Dyn   Stat
50    50
ID    RD
2     -1
4     -1
5     -1
6     -1
8     -1
13    -1
14    -1
15    -1
16    -1
19    -1
21    -1
22    -1
23    -1
24    -1
25    -1
26    -1
30    -1
31    -1
32    -1
34    -1
40    -1
41    -1
42    -1
43    -1
45    -1
48    -1
51    -1
52    -1
53    -1
54    -1
55    -1
56    -1
59    -1
60    -1
62    -1
63    -1
64    -1
65    -1
66    -1
67    -1
68    -1
70    -1
72    -1
84    -1
86    -1
89    -1
91    -1
92    -1
94    -1
96    -1
1     501
3     165
7     225
9     123
10    223
11    145
12    137
17    302
18    285
20    359
27    19
28    31
29    162
33    50
35    16
36    36
37    270
38    97
39    47
44    162
46    142
47    18
49    206
50    332
57    144
58    69
61    104
69    145
71    121
73    20
74    339
75    78
76    29
77    448
78    83
79    309
80    594
81    103
82    127
83    35
85    300
87    272
88    170
90    350
93    523
95    72
97    94
98    170
99    70
100   589
