# Instance RC207 - 30 dynamic requests - 70 static requests
Dyn   Stat
30    70
ID    RD
1     -1
2     -1
3     -1
5     -1
7     -1
10    -1
11    -1
13    -1
15    -1
18    -1
19    -1
20    -1
21    -1
22    -1
23    -1
24    -1
25    -1
26    -1
27    -1
29    -1
30    -1
32    -1
34    -1
35    -1
37    -1
38    -1
39    -1
42    -1
45    -1
46    -1
47    -1
48    -1
49    -1
50    -1
53    -1
54    -1
57    -1
58    -1
60    -1
61    -1
62    -1
63    -1
64    -1
65    -1
66    -1
67    -1
68    -1
69    -1
70    -1
71    -1
72    -1
73    -1
74    -1
75    -1
76    -1
77    -1
78    -1
80    -1
81    -1
83    -1
87    -1
88    -1
89    -1
90    -1
91    -1
92    -1
95    -1
96    -1
97    -1
100   -1
4     40
6     121
8     178
9     20
12    16
14    20
16    33
17    26
28    25
31    38
33    10
36    12
40    137
41    49
43    213
44    47
51    82
52    50
55    19
56    279
59    17
79    172
82    28
84    200
85    303
86    112
93    242
94    8
98    73
99    162
