# Instance RC204 - 50 dynamic requests - 50 static requests
Dyn   Stat
50    50
ID    RD
1     -1
2     -1
3     -1
4     -1
5     -1
6     -1
8     -1
10    -1
12    -1
13    -1
14    -1
15    -1
16    -1
18    -1
22    -1
24    -1
26    -1
28    -1
30    -1
31    -1
32    -1
33    -1
34    -1
36    -1
37    -1
43    -1
44    -1
45    -1
49    -1
50    -1
51    -1
55    -1
57    -1
58    -1
59    -1
65    -1
66    -1
68    -1
71    -1
73    -1
75    -1
76    -1
77    -1
78    -1
80    -1
84    -1
85    -1
86    -1
89    -1
96    -1
7     18
9     54
11    17
17    28
19    101
20    61
21    29
23    144
25    319
27    2
29    16
35    72
38    34
39    24
40    75
41    70
42    118
46    78
47    7
48    49
52    34
53    292
54    36
56    42
60    98
61    63
62    125
63    112
64    24
67    78
69    152
70    30
72    3
74    90
79    345
81    0
82    104
83    27
87    310
88    83
90    102
91    69
92    3
93    65
94    1
95    8
97    41
98    32
99    26
100   534
