# Instance RC203 - 90 dynamic requests - 10 static requests
Dyn   Stat
90    10
ID    RD
1     -1
2     -1
3     -1
5     -1
8     -1
14    -1
16    -1
18    -1
23    -1
38    -1
4     362
6     307
7     37
9     319
10    114
11    133
12    100
13    543
15    5
17    125
19    63
20    68
21    49
22    12
24    58
25    277
26    32
27    56
28    102
29    68
30    49
31    59
32    14
33    32
34    27
35    548
36    29
37    33
39    25
40    107
41    87
42    5
43    105
44    17
45    36
46    3
47    51
48    6
49    196
50    70
51    35
52    106
53    180
54    11
55    479
56    150
57    52
58    431
59    28
60    67
61    63
62    44
63    16
64    148
65    1
66    8
67    63
68    210
69    142
70    541
71    25
72    4
73    67
74    234
75    50
76    14
77    621
78    173
79    97
80    214
81    34
82    103
83    80
84    357
85    35
86    61
87    17
88    177
89    112
90    6
91    119
92    10
93    278
94    101
95    44
96    94
97    73
98    9
99    286
100   160
