# Instance RC205 - 50 dynamic requests - 50 static requests
Dyn   Stat
50    50
ID    RD
2     -1
3     -1
6     -1
8     -1
11    -1
12    -1
13    -1
14    -1
16    -1
18    -1
19    -1
20    -1
22    -1
24    -1
28    -1
30    -1
33    -1
34    -1
35    -1
36    -1
40    -1
43    -1
47    -1
53    -1
55    -1
57    -1
65    -1
66    -1
68    -1
71    -1
72    -1
74    -1
75    -1
76    -1
81    -1
82    -1
83    -1
84    -1
85    -1
86    -1
87    -1
91    -1
92    -1
93    -1
94    -1
95    -1
96    -1
98    -1
99    -1
100   -1
1     260
4     351
5     18
7     100
9     138
10    158
15    53
17    219
21    25
23    106
25    104
26    37
27    15
29    10
31    28
32    82
37    87
38    93
39    44
41    105
42    6
44    95
45    30
46    252
48    106
49    302
50    312
51    182
52    4
54    158
56    492
58    39
59    9
60    544
61    152
62    195
63    25
64    134
67    177
69    4
70    319
73    140
77    588
78    77
79    252
80    432
88    69
89    132
90    21
97    280
