# Instance RC206 - 50 dynamic requests - 50 static requests
Dyn   Stat
50    50
ID    RD
4     -1
12    -1
14    -1
15    -1
16    -1
17    -1
18    -1
19    -1
22    -1
25    -1
26    -1
31    -1
34    -1
36    -1
37    -1
39    -1
42    -1
43    -1
45    -1
46    -1
47    -1
49    -1
54    -1
56    -1
57    -1
59    -1
61    -1
64    -1
65    -1
66    -1
67    -1
68    -1
69    -1
71    -1
72    -1
73    -1
74    -1
75    -1
77    -1
78    -1
80    -1
81    -1
83    -1
85    -1
87    -1
90    -1
92    -1
97    -1
98    -1
100   -1
1     216
2     65
3     322
5     20
6     3
7     108
8     147
9     36
10    406
11    9
13    61
20    197
21    44
23    86
24    543
27    53
28    23
29    30
30    27
32    68
33    15
35    461
38    186
40    100
41    108
44    100
48    39
50    130
51    167
52    3
53    217
55    195
58    579
60    220
62    19
63    1
70    509
76    67
79    76
82    80
84    98
86    233
88    71
89    209
91    347
93    107
94    121
95    20
96    350
99    69
