# Instance RC206 - 90 dynamic requests - 10 static requests
Dyn   Stat
90    10
ID    RD
14    -1
19    -1
26    -1
39    -1
42    -1
45    -1
65    -1
72    -1
77    -1
92    -1
1     216
2     65
3     322
4     303
5     20
6     3
7     108
8     147
9     36
10    406
11    9
12    60
13    61
15    107
16    124
17    607
18    163
20    197
21    44
22    289
23    86
24    543
25    284
27    53
28    23
29    30
30    27
31    9
32    68
33    15
34    94
35    461
36    11
37    290
38    186
40    100
41    108
43    198
44    100
46    63
47    37
48    39
49    10
50    130
51    167
52    3
53    217
54    221
55    195
56    358
57    111
58    579
59    14
60    220
61    34
62    19
63    1
64    25
66    125
67    126
68    353
69    6
70    509
71    123
73    152
74    287
75    169
76    67
78    83
79    76
80    202
81    113
82    80
83    5
84    98
85    134
86    233
87    61
88    71
89    209
90    248
91    347
93    107
94    121
95    20
96    350
97    338
98    22
99    69
100   57
